9.999999999999999547e-07 1.406425227843807670e-04 9.781726049998626382e-02 1.025832111500728416e+02 1.408022001581925005e-03 5.079470018713975525e+10
1.085499218774747732e-06 1.476327052545372501e-04 9.930521225963014065e-02 8.058019230104044084e+01 1.819759434215010522e-03 1.147945335019071770e+10
1.178308553960590220e-06 1.539390083995792545e-04 1.011623742983826651e-01 6.609227826964992403e+01 2.260156573068012459e-03 3.560232545301303387e+09
1.279053014799823549e-06 1.592404212798056095e-04 1.033839150680164742e-01 5.554652023476702993e+01 2.748314013017365796e-03 1.350216675423702478e+09
1.388411048336697257e-06 1.646160021662302730e-04 1.059873858813412534e-01 4.761745544579999745e+01 3.286686126336427465e-03 6.113732233637989759e+08
1.507119108307713523e-06 1.700630309618393762e-04 1.089602595763984744e-01 4.158036600014429496e+01 3.869457281523390295e-03 3.220648778297145963e+08
1.635976614668517539e-06 1.755780205725555865e-04 1.123220802065139634e-01 3.674021360129516722e+01 4.514334085858304028e-03 1.915407176564086080e+08
1.775851337156436175e-06 1.811593380074868727e-04 1.160780105588656574e-01 3.288482700705114326e+01 5.212242698812503267e-03 1.247622059712304771e+08
1.927685239143402797e-06 1.868047080887269443e-04 1.202534404272722485e-01 2.967903299373913484e+01 5.982986167120064348e-03 8.642124094460040331e+07
2.092500821133781009e-06 1.925120157815944720e-04 1.248588733768252607e-01 2.708233565571907064e+01 6.807748929440506080e-03 6.242041778589289635e+07
2.271408006626237717e-06 1.982784799632048153e-04 1.299291780378296624e-01 2.489178399098848615e+01 7.707630781619480113e-03 4.626137355051460862e+07
2.465611616711488140e-06 2.041031362090081505e-04 1.354869610230418631e-01 2.305183932080525011e+01 8.678849412229457799e-03 3.482954249650726467e+07
2.676419483742268906e-06 2.099846329697423761e-04 1.415638617294205648e-01 2.148833510018511816e+01 9.727917265078583203e-03 2.646616865227705240e+07
2.905251258715747032e-06 2.159217658240102403e-04 1.481708137453399132e-01 2.015402189473936545e+01 1.085603350476656292e-02 2.022245327412765101e+07
3.153647971680302371e-06 2.219127734272143080e-04 1.553801885721063369e-01 1.900798878408275883e+01 1.207062373076964179e-02 1.549285088985222578e+07
3.423282409549536278e-06 2.279576062536877270e-04 1.631862198676199693e-01 1.802112753739939066e+01 1.337124225064944757e-02 1.188668091335698403e+07
3.715970381211358120e-06 2.340561114824677986e-04 1.716559697171612109e-01 1.716341366402830459e+01 1.476812898562903341e-02 9.121464456544265151e+06
4.033682945795039829e-06 2.402082505973352020e-04 1.808380835885423088e-01 1.642050613448911278e+01 1.626198632954248269e-02 6.996533935619029216e+06
4.378559686445538880e-06 2.464135467977385577e-04 1.907560028857509804e-01 1.577725869960470106e+01 1.785323419216893956e-02 5.363052178384214640e+06
4.752923118995246832e-06 2.526730807565499099e-04 2.014610317765947733e-01 1.520656101390332537e+01 1.956276689685266731e-02 4.106763895034612156e+06
5.159294332565778273e-06 2.589881402102172780e-04 2.130003160098248582e-01 1.471324706037358787e+01 2.137676363460937201e-02 3.141596134439442772e+06
5.600409967429136576e-06 2.653600872306092042e-04 2.254488738193015929e-01 1.428301427248490540e+01 2.330764716719126856e-02 2.400294052362102550e+06
6.079240644462650891e-06 2.717899798091916630e-04 2.388410489855507246e-01 1.390461609019624056e+01 2.536414355754156372e-02 1.831864557951090159e+06
6.599010970307902015e-06 2.782802526136425678e-04 2.532320545004190238e-01 1.356989926162631477e+01 2.755575342285131180e-02 1.396526713793992531e+06
7.163221252955233669e-06 2.848338875645071489e-04 2.686951356094009480e-01 1.328456815620262077e+01 2.986638078506996530e-02 1.063497798588830978e+06
7.775671073993575933e-06 2.914539106017693384e-04 2.852872345297283174e-01 1.303190172440697125e+01 3.232546477974553717e-02 8.091200320532858605e+05
8.440484876269430697e-06 2.981432045880873108e-04 3.030719852797045810e-01 1.281402395405253358e+01 3.492452413686490675e-02 6.150278506577378139e+05
9.162139739270561134e-06 3.049058483126863817e-04 3.221124732048536443e-01 1.262596348550300362e+01 3.767152907351938029e-02 4.671409115849869559e+05
9.945495529283264851e-06 3.117468480313197610e-04 3.424799071950416218e-01 1.246252646170714051e+01 4.057880362746794922e-02 3.545778562555563985e+05
1.079582762736473196e-05 3.186712547954980942e-04 3.642308580164862475e-01 1.232189204542289218e+01 4.364852500747611747e-02 2.690026580504765734e+05
1.171886245553127983e-05 3.256841823495832625e-04 3.874375502400096982e-01 1.220397400744501049e+01 4.687817231211839630e-02 2.039982198804471118e+05
1.272081604040792767e-05 3.327917906099859321e-04 4.121760238129444365e-01 1.210596635897132245e+01 5.027516419796414227e-02 1.546624225255286146e+05
1.380843587404011391e-05 3.400016069845020346e-04 4.384848221816128877e-01 1.202390350895240445e+01 5.384920770503946741e-02 1.172466423143745924e+05
1.498904635377174600e-05 3.473212646673010323e-04 4.664484701571799397e-01 1.195865949880117007e+01 5.759587861473924181e-02 8.888625254424086597e+04
1.627059810719774633e-05 3.547587387460468598e-04 4.961099366544995948e-01 1.190642940039949593e+01 6.152712463497472806e-02 6.740009195513342274e+04
1.766172153436104631e-05 3.623229717494021824e-04 5.275318296021495046e-01 1.186835610808085306e+01 6.563391873191291859e-02 5.112632254304562230e+04
1.917178492776605410e-05 3.700248082121427662e-04 5.607472320450077596e-01 1.184013953086140880e+01 6.993274139994075378e-02 3.880271120614612300e+04
2.081095756160758096e-05 3.778753635453712257e-04 5.958040591109097228e-01 1.182291382234121713e+01 7.441306082323868865e-02 2.947048771038043560e+04
2.259027817507945981e-05 3.858864951299172618e-04 6.327314697207386818e-01 1.181464428110312603e+01 7.908042960069587568e-02 2.240253094616647286e+04
2.452172931095299000e-05 3.940710796226683374e-04 6.715485889011485465e-01 1.181620568318069253e+01 8.392080359043292692e-02 1.704782160624947937e+04
2.661831801004536165e-05 4.024445844859890790e-04 7.122625466989676024e-01 1.182268850648375746e+01 8.895986104842404374e-02 1.298924150888017357e+04
2.889416340500203836e-05 4.110230900321169595e-04 7.548726712235190872e-01 1.183642139237310609e+01 9.417237419549487343e-02 9.911090753597502044e+03
3.136459180327968727e-05 4.198240214853488843e-04 7.993568217701620959e-01 1.185525050391270341e+01 9.956350695761582992e-02 7.574703767313589196e+03
3.404623989964895961e-05 4.288661056871377218e-04 8.456700738929411321e-01 1.187789228837094946e+01 1.051312467290863722e-01 5.799606415065743022e+03
3.695716681328667299e-05 4.381716082295097838e-04 8.937939940366541602e-01 1.190623828374398840e+01 1.108493362785666209e-01 4.449498711043910589e+03
4.011697570395071936e-05 4.477640558822817301e-04 9.436255480652375738e-01 1.193683630528832218e+01 1.167295167009640561e-01 3.421246264675150542e+03
4.354694578624403997e-05 4.576692737693034089e-04 9.950889574946768512e-01 1.197021373920149045e+01 1.227524691686653902e-01 2.636976671674225599e+03
4.727017563099430579e-05 4.679150835861688108e-04 1.048074936529703072e+00 1.200432945247474592e+01 1.289212965736123984e-01 2.037820984159158797e+03
5.131173871878943766e-05 4.785342429097214946e-04 1.102451746769202989e+00 1.204006554529313178e+01 1.352075594725596630e-01 1.579252504049525669e+03
5.569885229321991442e-05 4.895619675203526913e-04 1.158074445253358897e+00 1.207607701471570572e+01 1.416057339440257024e-01 1.227586101929842016e+03
6.046106065094041551e-05 5.010373522876872699e-04 1.214774712604122175e+00 1.211181334229914697e+01 1.481005968220586999e-01 9.573198403547127100e+02
6.563043410288846259e-05 5.130029469965071776e-04 1.272362919806375281e+00 1.214767911339727036e+01 1.546635334247526417e-01 7.491284677812111568e+02
7.124178494653315107e-05 5.255084428452676693e-04 1.330630176981192125e+00 1.218072119267324815e+01 1.613075150241179978e-01 5.883546550472643730e+02
7.733290190358031344e-05 5.386082087800526984e-04 1.389357803210526265e+00 1.221261354107861052e+01 1.679870196971433582e-01 4.638685895552483203e+02
8.394480460192082366e-05 5.523631867139695319e-04 1.448303545815741833e+00 1.224155179237790847e+01 1.747001808712129178e-01 3.672084620146349039e+02
9.112201981558390614e-05 5.668409252355677275e-04 1.507215213304246015e+00 1.226808798446719173e+01 1.814130905902581470e-01 2.919314460834945635e+02
9.891288132299341654e-05 5.821195067652713221e-04 1.565830918256443383e+00 1.229132878670925599e+01 1.881118970895861442e-01 2.331241640872441110e+02
1.073698554028688126e-04 5.982861249637974046e-04 1.623877754625203451e+00 1.231039444294997764e+01 1.947832459999128130e-01 1.870331409974155008e+02
1.165498941597718579e-04 6.154394602399136313e-04 1.681078649796441171e+00 1.232604609300828713e+01 2.013884132633387558e-01 1.507860704660579358e+02
1.265148190587120369e-04 6.336909319846447449e-04 1.737155929379772035e+00 1.233722844032769750e+01 2.079176853453580665e-01 1.221802341546530641e+02
1.373317372516606304e-04 6.531688755132933517e-04 1.791828966656838773e+00 1.234299943359392415e+01 2.143611503955069331e-01 9.952239564977541875e+01
1.490734934996566948e-04 6.740192606449502697e-04 1.844827116076350082e+00 1.234486643019659624e+01 2.206680784243868210e-01 8.150923486027392073e+01
1.618191607338997993e-04 6.964092250818752772e-04 1.895879065633216953e+00 1.234076964783421815e+01 2.268499146807869959e-01 6.713355198044509109e+01
1.756545725594337525e-04 7.205307208805008428e-04 1.944728651226074412e+00 1.233143800394275758e+01 2.328710620054148528e-01 5.561631187178718960e+01
1.906729012874778032e-04 7.466058591948454906e-04 1.991131161106337588e+00 1.231661572236421698e+01 2.387144520304140816e-01 4.635279884586236676e+01
2.069752853890719695e-04 7.748913845236299423e-04 2.034857693944081447e+00 1.229605901809209634e+01 2.443646263285524367e-01 3.887252628934946586e+01
2.246715105955183307e-04 8.056854488996478087e-04 2.075696178383938939e+00 1.227028788914493873e+01 2.497924274111850695e-01 3.280833136678253936e+01
2.438807492323776123e-04 8.393363053930193466e-04 2.113454792488322909e+00 1.223815905077173838e+01 2.550040655450726557e-01 2.787290897523863720e+01
2.647323627659463503e-04 8.762513565398138233e-04 2.147964330453010717e+00 1.220047550827884209e+01 2.599683888712318591e-01 2.384079340882957254e+01
2.873667729668282389e-04 9.169091198179701472e-04 2.179078414475852821e+00 1.215716535051172897e+01 2.646736887102972280e-01 2.053448271400535319e+01
3.119364075573126762e-04 9.618746932325882362e-04 2.206673495210540459e+00 1.210842024475434009e+01 2.691044182065704948e-01 1.781388297752750915e+01
3.386067267108645840e-04 1.011820219103748896e-03 2.230653305134129738e+00 1.205414295282245618e+01 2.732536511768281495e-01 1.556803581323080365e+01
3.675573373165180518e-04 1.067545059663464529e-03 2.250949451447895822e+00 1.199474122835105483e+01 2.771054671948052217e-01 1.370885371480670756e+01
3.989832025120072160e-04 1.130004930781569432e-03 2.267518806453066471e+00 1.193040121484283667e+01 2.806506702095906691e-01 1.216621105839534955e+01
4.330959546310313288e-04 1.200351515385481363e-03 2.280348363855345895e+00 1.186135750108375220e+01 2.838814648740023983e-01 1.088415152445865886e+01
4.701253204064886155e-04 1.279983668835945774e-03 2.289456692710058139e+00 1.178805342697623004e+01 2.867877339035317941e-01 9.817927864640227043e+00
5.103206680274718606e-04 1.370602273399028521e-03 2.294892657311720541e+00 1.171084566536637617e+01 2.893639031587376120e-01 8.931698807037523835e+00
5.539526864684282421e-04 1.474285342978834228e-03 2.296738957975075657e+00 1.163022197788179035e+01 2.916042626959451933e-01 8.196770342138472998e+00
6.013152083996522968e-04 1.593600523724575347e-03 2.295114955561542214e+00 1.154697920044433879e+01 2.934987760310833749e-01 7.590131284221275365e+00
6.527271889551979241e-04 1.731748179365091974e-03 2.290178522517622994e+00 1.146180091936761158e+01 2.950439486107194753e-01 7.093401109889237333e+00
7.085348536839052806e-04 1.892734433024869734e-03 2.282131888555020360e+00 1.137513264389951395e+01 2.962473709595218607e-01 6.691885302214137354e+00
7.691140301485601847e-04 2.081593525505280422e-03 2.271222255753537755e+00 1.128821191559130099e+01 2.971014123355955050e-01 6.373931111914235892e+00
8.348726788749598945e-04 2.304750190072269930e-03 2.257746891387541144e+00 1.120176659949119902e+01 2.976178455889906260e-01 6.130359921293071501e+00
9.062536406951508892e-04 2.570487312166485575e-03 2.242063170354454016e+00 1.111723076968655910e+01 2.977977821261949543e-01 5.953848814017081104e+00
9.837376189863581994e-04 2.889581961917234241e-03 2.224583780117149523e+00 1.103572483823109707e+01 2.976583966225277988e-01 5.838605539380078646e+00
1.067846416889023636e-03 3.276110463059384720e-03 2.205787951388813450e+00 1.095826559908622677e+01 2.972296792511346930e-01 5.779776349577059769e+00
1.159146451304449979e-03 3.748836878282420931e-03 2.186213807904888284e+00 1.088647888753002313e+01 2.965346400514337066e-01 5.773095520693835248e+00
1.258252567336501631e-03 4.333100778332184613e-03 2.166461234736872576e+00 1.082158968538709942e+01 2.956174690391334958e-01 5.814133795083402667e+00
1.365832178865094811e-03 5.063669981260886591e-03 2.147170783027607222e+00 1.076499818475741677e+01 2.945254736618292402e-01 5.897779796150769194e+00
1.482609763135473617e-03 5.988532124752218508e-03 2.129008647665633802e+00 1.071785048324084144e+01 2.933188450432363537e-01 6.017473571214877026e+00
1.609371739631372056e-03 7.175704730665306667e-03 2.112622992117910936e+00 1.068077987630440440e+01 2.920715614017843631e-01 6.164536113549084817e+00
1.746971766088013063e-03 8.723367718753278349e-03 2.098592092888750038e+00 1.065417918822559784e+01 2.908561629458813469e-01 6.327937022422274183e+00
1.896336487310079861e-03 1.077684034642422198e-02 2.087356833960614111e+00 1.063746705542618010e+01 2.897535096523050635e-01 6.494488419482006947e+00
2.058471775509143099e-03 1.355375413572878704e-02 2.079150104795143061e+00 1.062969749372964579e+01 2.888252608292614099e-01 6.649952403173349680e+00
2.234469504185045488e-03 1.739171913534163019e-02 2.073928092432058001e+00 1.062916800312143195e+01 2.881141963262774941e-01 6.781311910751840699e+00
2.425514901168867535e-03 2.282909871851512493e-02 2.071350783110486038e+00 1.063343334124532547e+01 2.876407251679713450e-01 6.879258893936444963e+00
2.632894530345315180e-03 3.075805243562566502e-02 2.070805325258881613e+00 1.063996464770086625e+01 2.873884586851720435e-01 6.940688889362530922e+00
2.858004955806148998e-03 4.269268688335296769e-02 2.071517836772883925e+00 1.064659106305584579e+01 2.873084102516111904e-01 6.969215009534303285e+00
3.102362146781936000e-03 6.133153986921577316e-02 2.072713760958801554e+00 1.065165679308132596e+01 2.873375610954764237e-01 6.974159372142172408e+00
3.367611686688144236e-03 9.170161904890526683e-02 2.073802568907407551e+00 1.065468923214581132e+01 2.874066787809351764e-01 6.966793623631684085e+00
