9.999999999999999547e-07 1.422149967792154461e-04 9.772787230441315476e-02 1.044120485562912961e+02 1.382095528607983192e-03 5.599300063829724884e+10
1.085274869732296839e-06 1.499286302232666584e-04 9.908055672043428186e-02 8.222697093699751747e+01 1.779280344200167554e-03 1.302372084272789764e+10
1.177821542872453653e-06 1.553533954540142086e-04 1.007832673200078494e-01 6.773842137491828908e+01 2.196967323334633997e-03 4.122527936325575829e+09
1.278260121508797632e-06 1.600102939019860081e-04 1.028867091587171712e-01 5.721503893328897306e+01 2.655334961955599891e-03 1.574019349171555996e+09
1.387263586854450078e-06 1.647614923467209864e-04 1.054233554861537664e-01 4.866382823631109744e+01 3.198900999162872846e-03 6.820753684641654491e+08
1.505562308507822190e-06 1.696094811002776532e-04 1.083840299192082718e-01 4.226234837743871964e+01 3.786883147273737479e-03 3.472835516368182898e+08
1.633948938239682798e-06 1.745563876813918452e-04 1.117872517693446893e-01 3.715827392748764169e+01 4.442290775677217550e-03 2.006167820705932379e+08
1.773283721097296298e-06 1.796043809211350585e-04 1.156534069784636160e-01 3.304758155284446985e+01 5.167601111995188262e-03 1.276442848424531370e+08
1.924500259412270570e-06 1.847554865927190958e-04 1.199879667061759247e-01 2.975311324349125641e+01 5.954914272511804309e-03 8.711678222720268369e+07
2.088611768333427446e-06 1.900118483896610076e-04 1.248152469079822358e-01 2.702027722161285794e+01 6.821000396040143195e-03 6.210793095528768748e+07
2.266717864799402847e-06 1.953763538090232653e-04 1.301485929714457368e-01 2.477296192182643253e+01 7.757678500238896803e-03 4.556626906312420964e+07
2.460011935440041605e-06 2.008515703314617642e-04 1.360099548969115890e-01 2.290264950646664133e+01 8.769103677047890288e-03 3.400190039206437767e+07
2.669789132774586439e-06 2.064401764350095962e-04 1.424258143105607000e-01 2.131923742194990012e+01 9.864777179384850644e-03 2.564209869295001402e+07
2.897455053284640877e-06 2.121443860560206683e-04 1.494177641847274918e-01 1.997109214808285671e+01 1.104766897965560844e-02 1.946049325287076831e+07
3.144535155508673639e-06 2.179675104764701855e-04 1.570000037238675483e-01 1.883473847422135705e+01 1.230864662424627394e-02 1.482894997628108039e+07
3.412684981263310356e-06 2.239127481829372289e-04 1.652226331456927155e-01 1.786125154470865084e+01 1.365928250903965420e-02 1.132498453242166713e+07
3.703701248477904544e-06 2.299832749357151823e-04 1.740861979415713190e-01 1.703143595849813252e+01 1.509326890296117975e-02 8.662884841007441282e+06
4.019533889969202859e-06 2.361822329835731448e-04 1.836467580933298649e-01 1.630485257614732930e+01 1.663169931649909408e-02 6.630918296963693574e+06
4.362299118820878386e-06 2.425126142564827940e-04 1.939238120955910083e-01 1.568040389262260348e+01 1.826182303111468369e-02 5.078209426873700693e+06
4.734293607911642005e-06 2.489786477100226748e-04 2.049449036035113081e-01 1.513620586908032450e+01 1.999356929244068548e-02 3.890427586166962516e+06
5.138009878600763434e-06 2.555841119411809861e-04 2.167534662303711446e-01 1.466014774717542224e+01 2.183222201452636804e-02 2.980892109659133013e+06
5.576153001681697357e-06 2.623329566255798526e-04 2.293790865526005862e-01 1.425185155656275171e+01 2.376581782524300052e-02 2.284287299719545525e+06
6.051658722507459123e-06 2.692287411414869859e-04 2.428726530983926213e-01 1.389402966589201682e+01 2.581193900681796535e-02 1.750586494460845366e+06
6.567713131733600956e-06 2.762760198899153938e-04 2.572605287717090738e-01 1.357856377266143788e+01 2.797625363437538162e-02 1.341718757957982365e+06
7.127774013481278441e-06 2.834796147003893862e-04 2.725829922493999691e-01 1.330274464406422119e+01 3.025713027181446690e-02 1.028517536598923034e+06
7.735594013962145027e-06 2.908442578029522808e-04 2.888911875221440440e-01 1.306627756991214184e+01 3.264770438494644933e-02 7.885230050814034184e+05
8.395245785804718636e-06 2.983748281987414798e-04 3.062190149768544423e-01 1.285390506932256649e+01 3.517768875332914769e-02 6.046563089722133009e+05
9.111149276559828979e-06 3.060757072516184893e-04 3.246106834263846053e-01 1.267341537351925496e+01 3.782155450760600612e-02 4.637858756464637700e+05
9.888101344229978802e-06 3.139531933886228858e-04 3.440982429242240292e-01 1.251559646645408996e+01 4.059767270773711328e-02 3.558521941659012227e+05
1.073130789825893768e-05 3.220129986572257009e-04 3.647244346509231350e-01 1.242265736361569317e+01 4.335314296678337981e-02 2.731430211063550087e+05
1.164641878134016022e-05 3.302611185448497597e-04 3.865367261779275032e-01 1.225745308931753641e+01 4.656512351045134085e-02 2.097546355521074438e+05
1.263956562576671750e-05 3.387033124534682494e-04 4.095786200264846522e-01 1.215620726883518188e+01 4.975187092253251925e-02 1.611582501151563774e+05
1.371740293797679004e-05 3.473461952792282308e-04 4.338672316224339576e-01 1.206973163264667370e+01 5.307982373055106923e-02 1.238968078896868537e+05
1.488715268657818559e-05 3.561972201814729263e-04 4.594555296544011735e-01 1.199633925592178585e+01 5.655421501636292286e-02 9.531495582129550166e+04
1.615665269261095275e-05 3.652637057793864882e-04 4.863657137086381810e-01 1.193387850923646276e+01 6.017991563382218273e-02 7.338245262115949299e+04
1.753440914628331233e-05 3.745533572233166451e-04 5.146261960181446327e-01 1.188261777904652661e+01 6.395139121917543801e-02 5.654412779454413976e+04
1.902965360206541480e-05 3.840732013000361768e-04 5.442646151439761715e-01 1.183971753387144155e+01 6.787955611763314689e-02 4.360995361682459043e+04
2.065240483403231621e-05 3.938327789167423505e-04 5.752979168201413085e-01 1.180798536704651980e+01 7.194278239209825343e-02 3.366852838855586742e+04
2.241353596591308004e-05 4.038411759757677558e-04 6.077390420097319446e-01 1.178142289419872668e+01 7.617099464849122481e-02 2.602203145249494264e+04
2.432484732564646493e-05 4.141079205531743085e-04 6.415975586210522774e-01 1.176244772182458753e+01 8.054437790512229689e-02 2.013616924557439415e+04
2.639914551259897526e-05 4.246426053210465199e-04 6.768782072768467772e-01 1.175020763422965864e+01 8.506192873324230908e-02 1.560167775623650232e+04
2.865032920722980058e-05 4.354555337155312537e-04 7.135632563946896489e-01 1.174082678676739278e+01 8.974371280883332302e-02 1.210504318784435236e+04
3.109348229816380395e-05 4.465587188754809012e-04 7.516520130415547118e-01 1.173643154093279684e+01 9.456947761689069032e-02 9.405994428828542368e+03
3.374497495066319845e-05 4.579640755080043577e-04 7.911124241400983026e-01 1.173597142360479495e+01 9.953811147872063114e-02 7.320275021547098731e+03
3.662257329370061424e-05 4.696842262369715373e-04 8.319145341167006880e-01 1.173924756193524921e+01 1.046426394487743328e-01 5.706629733889299132e+03
3.974555846058242485e-05 4.817314339490482984e-04 8.740185073252063619e-01 1.174398486084322357e+01 1.098943542026345338e-01 4.456612020100863447e+03
4.313485578074598132e-05 4.941207033009482061e-04 9.173695349560186951e-01 1.175079104863577051e+01 1.152782685249476718e-01 3.486963771007996002e+03
4.681317498837050115e-05 5.068673609874966603e-04 9.619070119276004194e-01 1.175915863142277118e+01 1.207889139923355865e-01 2.733712816895711512e+03
5.080516238725900683e-05 5.199874207644900569e-04 1.007557088058850026e+00 1.176893436308940011e+01 1.264162073747039650e-01 2.147666728174375748e+03
5.513756599156082009e-05 5.334975441715866622e-04 1.054235686191207222e+00 1.177899294528479857e+01 1.321599259026829398e-01 1.690966362707045164e+03
5.983941474884708352e-05 5.474150410115509154e-04 1.101848446355429889e+00 1.178924340848292118e+01 1.380086044018302427e-01 1.334450401096514724e+03
6.494221304641189499e-05 5.617603067387956202e-04 1.150292045306304800e+00 1.179911114705354080e+01 1.439557641982092961e-01 1.055639473409661605e+03
7.048015180407173009e-05 5.765538919284512835e-04 1.199449302418302166e+00 1.180830752386786386e+01 1.499907498390629090e-01 8.371847576894535905e+02
7.649033756787660006e-05 5.918177084764513493e-04 1.249198027506379205e+00 1.181630645997717366e+01 1.561060658269976531e-01 6.656785264257962353e+02
8.301304113975669415e-05 6.075740121983545707e-04 1.299404441127955723e+00 1.182323530707298609e+01 1.622849510169354914e-01 5.307500573625931111e+02
9.009196740903123489e-05 6.238482900988387035e-04 1.349927643161780821e+00 1.182844191274973866e+01 1.685206727715341524e-01 4.243689659989083793e+02
9.777454819376269835e-05 6.406677349864576924e-04 1.400620378440745384e+00 1.183195492107623714e+01 1.747970784300068858e-01 3.403063079513665912e+02
1.061122600541199786e-04 6.580608554366600095e-04 1.451330084052640190e+00 1.183336631761895674e+01 1.811040338784898895e-01 2.737237745943096456e+02
1.151609692072347752e-04 6.760579526159049774e-04 1.501897191053730207e+00 1.183247096250991426e+01 1.874282251771320629e-01 2.208586100003010984e+02
1.249813058546267561e-04 6.946902130731331167e-04 1.552163154358415120e+00 1.182902308897264021e+01 1.937575906205782628e-01 1.787792839846869697e+02
1.356390704303525293e-04 7.139941763128653711e-04 1.601963945784301124e+00 1.182264381191852820e+01 2.000821599164726017e-01 1.451982092857210489e+02
1.472056744919106720e-04 7.340073124564753604e-04 1.651139760228254483e+00 1.181345133754655485e+01 2.063845933055714066e-01 1.183277228187277501e+02
1.597586192080632393e-04 7.547698017913813048e-04 1.699528845943655719e+00 1.180141246767253804e+01 2.126497055649015644e-01 9.676770302156032244e+01
1.733820146496426113e-04 7.763236663120182427e-04 1.746975116130739414e+00 1.178643537620109605e+01 2.188640717733601193e-01 7.942006863371031500e+01
1.881671433628140681e-04 7.987152814719605115e-04 1.793326102717151649e+00 1.176791376938106204e+01 2.250246151049550836e-01 6.542126457481253965e+01
2.042130720009764340e-04 8.219952548406959155e-04 1.838435309136471130e+00 1.174635296559094044e+01 2.311082988221396517e-01 5.409178674196044767e+01
2.216273151134920871e-04 8.462169991549521380e-04 1.882166277224060380e+00 1.172138849573731179e+01 2.371096133952443341e-01 4.489496858345696495e+01
2.405265555389138018e-04 8.714379405773399435e-04 1.924387628861357502e+00 1.169334464014598218e+01 2.430099418157810054e-01 3.740652104921361598e+01
2.610374262296527429e-04 8.977176662256905254e-04 1.964982569449612360e+00 1.166192217155640520e+01 2.488048251899248053e-01 3.129008329534166677e+01
2.832973587466406924e-04 9.251246727533088323e-04 2.003841061392356515e+00 1.162740067261470678e+01 2.544783665443481890e-01 2.627857295563378059e+01
3.074555041092641959e-04 9.537305793069541507e-04 2.040868751677732185e+00 1.158972773978816484e+01 2.600231872073333061e-01 2.215920041416996256e+01
3.336737321706597010e-04 9.836124600852388152e-04 2.075980361941834218e+00 1.154878559736186716e+01 2.654343700109437210e-01 1.876229428532131394e+01
3.621277162146019596e-04 1.014852367533291026e-03 2.109105580416103187e+00 1.150475180163104838e+01 2.707018987362499463e-01 1.595200305444451772e+01
3.930081100412563012e-04 1.047539275529916917e-03 2.140187214431418905e+00 1.145788617901143880e+01 2.758147556672534417e-01 1.361941222804321860e+01
4.265218254287610048e-04 1.081771121328250432e-03 2.169180337901849498e+00 1.140815767625383259e+01 2.807697912800840023e-01 1.167697991243727884e+01
4.628934185301799968e-04 1.117652009898304627e-03 2.196052684244227393e+00 1.135565934294716328e+01 2.855621441069381983e-01 1.005411500622293097e+01
5.023665944952786016e-04 1.155294269318605030e-03 2.220787623854904247e+00 1.130065296222139537e+01 2.901841754104109716e-01 8.693790898969435688e+00
5.452058403987216370e-04 1.194816847313332365e-03 2.243376591129393471e+00 1.124326156416787192e+01 2.946321294514298028e-01 7.549794097829709116e+00
5.916981974160099569e-04 1.236352369409725489e-03 2.263825475898251227e+00 1.118352515165499561e+01 2.989058804828616522e-01 6.584595719349165321e+00
6.421551841214951165e-04 1.280042617045401001e-03 2.282151466744107626e+00 1.112172586204189173e+01 3.029999202926798030e-01 5.767612844066262845e+00
6.969148837953752923e-04 1.326040275286564712e-03 2.298380383739166088e+00 1.105778341557017086e+01 3.069192032185495411e-01 5.073882749048776120e+00
7.563442097255246473e-04 1.374509506290948506e-03 2.312549027553374437e+00 1.099219354610874611e+01 3.106539050179931150e-01 4.482951338717485079e+00
8.208413636826457360e-04 1.425627135034692253e-03 2.324702438586804032e+00 1.092486665746687358e+01 3.142110552699152182e-01 3.978025462077257934e+00
8.908385040415651296e-04 1.479587993017659727e-03 2.334892900858352771e+00 1.085618328218300910e+01 3.175850373456438613e-01 3.545286568178463771e+00
9.668046414262236946e-04 1.536600415354072045e-03 2.343180206518894249e+00 1.078617896275828691e+01 3.207807536180835029e-01 3.173313911104313600e+00
1.049248781280425792e-03 1.596889676745958308e-03 2.349629277960193718e+00 1.071507090882151125e+01 3.237982750062571302e-01 2.852660268759558804e+00
1.138723334420885420e-03 1.660697061801419275e-03 2.354311126664757836e+00 1.064304272827497577e+01 3.266391858731603759e-01 2.575479384809427064e+00
1.235827818424752988e-03 1.728287312440012239e-03 2.357299712442371575e+00 1.057015817492402832e+01 3.293089635018066064e-01 2.335244034749959674e+00
1.341212874652473542e-03 1.799946460238663771e-03 2.358673762162132981e+00 1.049660286840358658e+01 3.318099038852082572e-01 2.126503663717969950e+00
1.455584627821742512e-03 1.875982913915466522e-03 2.358513539411329241e+00 1.042262428619558889e+01 3.341423526673210076e-01 1.944697050543946482e+00
1.579709417343575385e-03 1.956729880405902629e-03 2.356901696362822651e+00 1.034847416036253520e+01 3.363065953671524055e-01 1.785999403157437992e+00
1.714418932122432947e-03 2.042545697633050498e-03 2.353921564270209377e+00 1.027418616029875764e+01 3.383099663712102467e-01 1.647191957063932621e+00
1.860615783225756745e-03 2.133824217772599743e-03 2.349657348580790561e+00 1.019977685984039439e+01 3.401606696209907854e-01 1.525562089238303054e+00
2.019279551762188582e-03 2.230988347474634290e-03 2.344194595416961402e+00 1.012556082990822581e+01 3.418572607037898003e-01 1.418812180387401423e+00
2.191473352491802012e-03 2.334495798570031949e-03 2.337615632887833250e+00 1.005171471597473243e+01 3.434022875686777998e-01 1.325001042947001162e+00
2.378350957147340114e-03 2.444839644781928237e-03 2.330004924994424353e+00 9.978230451219456398e+00 3.448049914524226045e-01 1.242475319266284961e+00
2.581164525195762689e-03 2.562556487158941781e-03 2.321443900457079490e+00 9.905422239425297093e+00 3.460632125722252761e-01 1.169830935451078746e+00
2.801272993839459997e-03 2.688228418755668134e-03 2.312014018271980831e+00 9.833398661081892200e+00 3.471818807886774549e-01 1.105866008231395359e+00
3.040151183473720643e-03 2.822483611550015686e-03 2.301792541909119638e+00 9.762011044489078415e+00 3.481746269336666311e-01 1.049556446133161680e+00
3.299399679610933670e-03 2.966001977366032518e-03 2.290857403960489425e+00 9.691624432414709389e+00 3.490371999433360406e-01 1.000023602879419382e+00
