9.999999999999999547e-07 1.348014775264738880e-04 9.818573718320193489e-02 9.773933794064636515e+01 1.483369165905847444e-03 3.728428075379183197e+10
1.087372979585574505e-06 1.391216252985470433e-04 1.002894025685013568e-01 7.394372711228449191e+01 2.002737094940759775e-03 6.781782257447095871e+09
1.182379996732812423e-06 1.438192372537163474e-04 1.030617485042362169e-01 5.879558552782228276e+01 2.588350117570043223e-03 1.815479233466241598e+09
1.285688060049740022e-06 1.489272935623454995e-04 1.063535043997548002e-01 4.883443192164553182e+01 3.215850861475441462e-03 6.734584922671759129e+08
1.398022456673885791e-06 1.541403100855424327e-04 1.101027793417886369e-01 4.152961941892221631e+01 3.914808890165614487e-03 3.157790609774150848e+08
1.520171844241027677e-06 1.592014816740628953e-04 1.142819017598602216e-01 3.622346107358487899e+01 4.658624968519417542e-03 1.778317941878716052e+08
1.652993787754464217e-06 1.643507192641857379e-04 1.189247615471601266e-01 3.214897964428394062e+01 5.462297256868972779e-03 1.130872733337574303e+08
1.797420780227020005e-06 1.695880095029823616e-04 1.240232723526383390e-01 2.886817649664428842e+01 6.343866997439493068e-03 7.731135072707329690e+07
1.954466789364482727e-06 1.749139708108751951e-04 1.296073465028734495e-01 2.629414767196246316e+01 7.278481066430224876e-03 5.539773276059035212e+07
2.125234376252308852e-06 1.803282834787199075e-04 1.356943203946877063e-01 2.419624751796603235e+01 8.281021015192163021e-03 4.077147812069727480e+07
2.310922436023167455e-06 1.858323539834003774e-04 1.422903755164039996e-01 2.243411771295342305e+01 9.365625034715930469e-03 3.049428786334362626e+07
2.512834614849665834e-06 1.914255579118462293e-04 1.494403249760759556e-01 2.096734867185320184e+01 1.052433154509206832e-02 2.303019189083992317e+07
2.732388462354850216e-06 1.971100660579681928e-04 1.571695748737259035e-01 1.972847464481720081e+01 1.176373426365363850e-02 1.749611776292143017e+07
2.971125383696046026e-06 2.028852732047012190e-04 1.655038218887003587e-01 1.868558124704354384e+01 1.307891298258509125e-02 1.333644194517141208e+07
3.230721461191902587e-06 2.087536888573254010e-04 1.744735149094842341e-01 1.778463467981371338e+01 1.448621067033358835e-02 1.018575534066916816e+07
3.512999221467306917e-06 2.147154130805058972e-04 1.841313088792531361e-01 1.701479855654505613e+01 1.597978985039214678e-02 7.786565572990241461e+06
3.819940430728709184e-06 2.207727901278607558e-04 1.945038121453014357e-01 1.634779654011743588e+01 1.756867984304084918e-02 5.955405518999250606e+06
4.153700008000878969e-06 2.269268856410058604e-04 2.056486899705124438e-01 1.576322461142400577e+01 1.926420621041073297e-02 4.554375818935927935e+06
4.516621154004548949e-06 2.331798931729722399e-04 2.175976250163806636e-01 1.526029862031064077e+01 2.105529612465593600e-02 3.482304387705282774e+06
4.911251801889162523e-06 2.395339368879875991e-04 2.303999323209737216e-01 1.482094630200362495e+01 2.295496571397008176e-02 2.661468334880886599e+06
5.340362505315250818e-06 2.459910813569787542e-04 2.441030804916158869e-01 1.443628008392392026e+01 2.496825526552287275e-02 2.033253211966715055e+06
5.806965889471727770e-06 2.525546074892724767e-04 2.587642298805122865e-01 1.410065537893457055e+01 2.709787145124237240e-02 1.552474289732294856e+06
6.314337801586667782e-06 2.592264812884694609e-04 2.744416135250833944e-01 1.380769432118921358e+01 2.934938701543941819e-02 1.184687673286154866e+06
6.866040309421135034e-06 2.660112460682920697e-04 2.911776357902545742e-01 1.355018968289382286e+01 3.173093546219801775e-02 9.036498599663758650e+05
7.465946709209919210e-06 2.729108102507429791e-04 3.090302327565698781e-01 1.332039591922714727e+01 3.425737411914247382e-02 6.889567148938362952e+05
8.118268718620703285e-06 2.799308875639869450e-04 3.280558120860444515e-01 1.312945839991322039e+01 3.689530968534919519e-02 5.250711276643192396e+05
8.827586045642976857e-06 2.870740058551525271e-04 3.483229126620506211e-01 1.295905672335308090e+01 3.968979789797260488e-02 4.000407767363064340e+05
9.598878540998840932e-06 2.943464070566875822e-04 3.698712576154328247e-01 1.281182725479965967e+01 4.262945149245565835e-02 3.047184230610913946e+05
1.043756115980594174e-05 3.017519599127105215e-04 3.927810683316391716e-01 1.268821295366198854e+01 4.571095797823897244e-02 2.320727981287162111e+05
1.134952197794487534e-05 3.092971195696024730e-04 4.170925181620434574e-01 1.257961414100384090e+01 4.895931292796393275e-02 1.767412101419709215e+05
1.234116353002988094e-05 3.169873835234021837e-04 4.428594882477174810e-01 1.249051556301234100e+01 5.235471792404597369e-02 1.346135762687231763e+05
1.341944775920141674e-05 3.248295202028773053e-04 4.701466874881502500e-01 1.241456041768525331e+01 5.592065751215898051e-02 1.025465418873191520e+05
1.459194489431583446e-05 3.328308366851029246e-04 4.989948544276147646e-01 1.235166419446219699e+01 5.965417258430114056e-02 7.814230549181565584e+04
1.586688659768075281e-05 3.409985419267495322e-04 5.294469383857872691e-01 1.230344617142088026e+01 6.354273485752408301e-02 5.957241720621351124e+04
1.725322375646653688e-05 3.493419637344512122e-04 5.615486363798112279e-01 1.226322903570215850e+01 6.761651333934809438e-02 4.544097889278649382e+04
1.876068932352563490e-05 3.578689125438417706e-04 5.953324225300001826e-01 1.223352835757700774e+01 7.185848181159182335e-02 3.468617337520434376e+04
2.039986664880138746e-05 3.665909861888126046e-04 6.308249269601338138e-01 1.221307226442322857e+01 7.627007163640012188e-02 2.649906891692148565e+04
2.218226378105555012e-05 3.755167995835519308e-04 6.680414908753163905e-01 1.220006480264399329e+01 8.085586621399216967e-02 2.026429886706748948e+04
2.412039426155954632e-05 3.846601835957750236e-04 7.069998281962597275e-01 1.219369411231047984e+01 8.561586465166501347e-02 1.551392816032049086e+04
2.622786497697084890e-05 3.940318159186287578e-04 7.476950491709610791e-01 1.219346302852408392e+01 9.054566740484557008e-02 1.189232308916998227e+04
2.851947168817692662e-05 4.036470351279262091e-04 7.901140624389226819e-01 1.219922967362220945e+01 9.563736868470094910e-02 9.129188479504859060e+03
3.101130290577937590e-05 4.135194784248487246e-04 8.342300510899332000e-01 1.220789756995292663e+01 1.009055812729125340e-01 7.019171124455525387e+03
3.372085284148817439e-05 4.236661670811082319e-04 8.800093600269797145e-01 1.222083953421135050e+01 1.063301642778965161e-01 5.406232696812782706e+03
3.666714422841567541e-05 4.341042375106068203e-04 9.273955761666453634e-01 1.223646417160045985e+01 1.119126841217532309e-01 4.171860395842965772e+03
3.987086187254635690e-05 4.448528513354053048e-04 9.763221250316326261e-01 1.225523102276000564e+01 1.176364374647973915e-01 3.225967603865478850e+03
4.335449787299569107e-05 4.559332288267924755e-04 1.026699966025566679e+00 1.227536125005166490e+01 1.235035669822159565e-01 2.500086420104080389e+03
4.714250953059577942e-05 4.673672508658600943e-04 1.078433084147936372e+00 1.229602362108976443e+01 1.295086418319370547e-01 1.942172389136062293e+03
5.126149105342526731e-05 4.791809426601574551e-04 1.131406640959042864e+00 1.231784841152538590e+01 1.356294821031076014e-01 1.512617881573730074e+03
5.574036026476241758e-05 4.913996390646038640e-04 1.185481678236379288e+00 1.233938870124965170e+01 1.418637501663757572e-01 1.181273598979666076e+03
6.061056162426819359e-05 5.040550333062809082e-04 1.240513463277179707e+00 1.236112374562991967e+01 1.481882478146498983e-01 9.251753585434033766e+02
6.590628698773558019e-05 5.171769459273330410e-04 1.296334926673580412e+00 1.238109565154040226e+01 1.546067242007140852e-01 7.268092908792729077e+02
7.166471565527600385e-05 5.308033384405865841e-04 1.352766664988527712e+00 1.240039089108120685e+01 1.610859832806996461e-01 5.728121414583918067e+02
7.792627539323059840e-05 5.449710122695394397e-04 1.409618511244645322e+00 1.241709644135307222e+01 1.676300116178319199e-01 4.529679765259435840e+02
8.473492626234318528e-05 5.597243242974820395e-04 1.466685607144741832e+00 1.243191492720302449e+01 1.742084576184174949e-01 3.594663076345892705e+02
9.213846924484804719e-05 5.751090553466926955e-04 1.523756007317414563e+00 1.244409203633653505e+01 1.808100021520872569e-01 2.863200534731370226e+02
1.001888818372243466e-04 5.911776911218229874e-04 1.580607649014716065e+00 1.245329555886799966e+01 1.874174475142040552e-01 2.289368311299189145e+02
1.089426829646897814e-04 6.079870150365160233e-04 1.637013573599033212e+00 1.245917424825596598e+01 1.940140831543698818e-01 1.837877363732229696e+02
1.184613297793614552e-04 6.255998854242253784e-04 1.692744670535983653e+00 1.246180234806449505e+01 2.005768614570273001e-01 1.481556909182657193e+02
1.288116491278537340e-04 6.440866762254132162e-04 1.747571729853978351e+00 1.246041829027487857e+01 2.070964355120163414e-01 1.199452030778421801e+02
1.400663067174858791e-04 6.635235403084315236e-04 1.801263608488513857e+00 1.245496816408087959e+01 2.135526122146930994e-01 9.753760260775500512e+01
1.523043172749397435e-04 6.839977747596320910e-04 1.853598979610662223e+00 1.244560924982521932e+01 2.199225969693390514e-01 7.967888232567823081e+01
1.656115992789980592e-04 7.056026562491708341e-04 1.904360112737935706e+00 1.243169357830151078e+01 2.261981322734962774e-01 6.539634465010075814e+01
1.800815781619363081e-04 7.284465909668878369e-04 1.953339651989323578e+00 1.241338177539143217e+01 2.323581386404204863e-01 5.393314990991110847e+01
1.958158422144173829e-04 7.526454391104106046e-04 2.000342107400724601e+00 1.239044243096512155e+01 2.383898156686585224e-01 4.469955114769408766e+01
2.129248557987499773e-04 7.783336719250368539e-04 2.045186327659644476e+00 1.236304966415295681e+01 2.442741450291895378e-01 3.723436372704391317e+01
2.315287348777157511e-04 8.056574300925454417e-04 2.087703862321537596e+00 1.233110882056353574e+01 2.499982676946631288e-01 3.117635032059947875e+01
2.517580903036605836e-04 8.347839123779717506e-04 2.127745761171433436e+00 1.229448664326859308e+01 2.555521679275218894e-01 2.624173510429012168e+01
2.737549447882654937e-04 8.658985802403425724e-04 2.165179715948331474e+00 1.225335864372497952e+01 2.609210032917457234e-01 2.220687478487270994e+01
2.976737299907010058e-04 8.992115959513577277e-04 2.199893310707426775e+00 1.220784718859005125e+01 2.660925833051985268e-01 1.889519584976191169e+01
3.236823707243406526e-04 9.349593797143935722e-04 2.231792612693462186e+00 1.215789274996566505e+01 2.710602052128016082e-01 1.616673373973232586e+01
3.519634638938487947e-04 9.734089186745960732e-04 2.260802631293873599e+00 1.210340070904705456e+01 2.758198215946657261e-01 1.391031163796599124e+01
3.827155604395145096e-04 1.014863261018725260e-03 2.286870120695487785e+00 1.204507683765716131e+01 2.803510328667401241e-01 1.203734561587837426e+01
4.161545592888782992e-04 1.059665157830045040e-03 2.309958878952308670e+00 1.198268752489549271e+01 2.846559391946520967e-01 1.047703416343182070e+01
4.525152231020696555e-04 1.108205581283388521e-03 2.330053539630600579e+00 1.191654885556835453e+01 2.887258293264520770e-01 9.172591936835710058e+00
4.920528264523289742e-04 1.160929170862346838e-03 2.347155448754817186e+00 1.184666950464759871e+01 2.925605848364500328e-01 8.078378902981702581e+00
5.350449480129725217e-04 1.218344154605580836e-03 2.361283871122306088e+00 1.177355614915066262e+01 2.961493449403826972e-01 7.157588752974221258e+00
5.817934193330752532e-04 1.281033178164480346e-03 2.372475666165464681e+00 1.169723473121846347e+01 2.994944623008085061e-01 6.380433712402889590e+00
6.326264438834862391e-04 1.349663160917395806e-03 2.380781753187379390e+00 1.161814655476141134e+01 3.025888842012096069e-01 5.722762968428135366e+00
6.879009012502126669e-04 1.425004226278260349e-03 2.386268991145518381e+00 1.153634191476343851e+01 3.054369072633815740e-01 5.164925729028008838e+00
7.480048526520464373e-04 1.507941684313693874e-03 2.389017180892045289e+00 1.145232210665225026e+01 3.080320836751851421e-01 4.690896181261698494e+00
8.133602653727251561e-04 1.599502667972204934e-03 2.389120395301880695e+00 1.136629023876409761e+01 3.103769986784479240e-01 4.287570799338618954e+00
8.844259752348546675e-04 1.700876583869368906e-03 2.386682672024076357e+00 1.127849559755334141e+01 3.124738948247212655e-01 3.944213845960716114e+00
9.617009079140023458e-04 1.813447142621926137e-03 2.381821414243436408e+00 1.118935988921326619e+01 3.143215721797120721e-01 3.652021663862977885e+00
1.045727581708600761e-03 1.938832442933137142e-03 2.374663926798238123e+00 1.109939325520438658e+01 3.159171124133023922e-01 3.403758387648149419e+00
1.137095916357299796e-03 2.078917447838223107e-03 2.365348102967054000e+00 1.100877682495166354e+01 3.172679711219809628e-01 3.193471255108569995e+00
1.236447374644027500e-03 2.235932772590565679e-03 2.354022088986900130e+00 1.091805424791099988e+01 3.183724803678515403e-01 3.016274109004187576e+00
1.344479465867437062e-03 2.412478171519191229e-03 2.340844375171686309e+00 1.082751572629826953e+01 3.192375385640147112e-01 2.868157586084839838e+00
1.461950642791898323e-03 2.611672408674977752e-03 2.325982123917826883e+00 1.073757369951821872e+01 3.198677459797443778e-01 2.745843578020157771e+00
1.589685626459673819e-03 2.837156584871126756e-03 2.309613791505652269e+00 1.064890353557708202e+01 3.202614800020575081e-01 2.646655253371098748e+00
1.728581196247817777e-03 3.093340673150505368e-03 2.291928231189908516e+00 1.056182948127517207e+01 3.204292088899778346e-01 2.568426256144503483e+00
1.879612485819588024e-03 3.385424440067717668e-03 2.273123093130796413e+00 1.047690388452717869e+01 3.203761878479874370e-01 2.509418949267122390e+00
2.043839829171893892e-03 3.719731586149057235e-03 2.253408354788554391e+00 1.039476265899675944e+01 3.201072847372297692e-01 2.468242197353682332e+00
2.222416204842315914e-03 4.103828312320997526e-03 2.233004517133636124e+00 1.031574686760665038e+01 3.196385559424183564e-01 2.443795761195481919e+00
2.416595330538656022e-03 4.546943459486015547e-03 2.212143035447081019e+00 1.024043459331830341e+01 3.189811736783367824e-01 2.435194970428380401e+00
2.627740465020404498e-03 5.060304899788251563e-03 2.191064941819130141e+00 1.017184775678176756e+01 3.180721420155110390e-01 2.441726624320327055e+00
2.857333979026822814e-03 5.657655470088573252e-03 2.170023141946165524e+00 1.010370644579780475e+01 3.171420876502661912e-01 2.462769894884291322e+00
3.106987762445505025e-03 6.356025174262284680e-03 2.149276486158952615e+00 1.004310883675645805e+01 3.160052902876843706e-01 2.497723854600041093e+00
3.378454540786288932e-03 7.176351738066006833e-03 2.129090962599601511e+00 9.988486070847972798e+00 3.147493074611477648e-01 2.545928258796193777e+00
3.673640180409204654e-03 8.145108227000283016e-03 2.109734594221233106e+00 9.940378519795695311e+00 3.133972180773121896e-01 2.606565164374088805e+00
3.994617068896843745e-03 9.295035257346030005e-03 2.091471810438026324e+00 9.898919244418355134e+00 3.119855424879374173e-01 2.678551875411166794e+00
