9.999999999999999547e-07 1.350045105889409566e-04 9.816453467543476141e-02 9.762423551837977698e+01 1.484797409917565543e-03 3.693783792141693115e+10
1.087163926666941411e-06 1.394122215665935223e-04 1.002492770451300641e-01 7.410591280584122842e+01 1.997554436180816202e-03 6.929185331295972824e+09
1.181925403445885340e-06 1.442041259406714017e-04 1.029838462122634746e-01 5.915367343472213690e+01 2.570736852119297981e-03 1.876691541271640062e+09
1.284946662637640304e-06 1.494137115162064004e-04 1.062203694148872862e-01 4.902519851911268489e+01 3.199327371382999080e-03 6.903327190773310661e+08
1.396947659310718688e-06 1.544239755265923084e-04 1.098871871417365781e-01 4.188304412463325122e+01 3.874173376173426029e-03 3.252329478988338709e+08
1.518711102644433677e-06 1.593322965227861006e-04 1.140354891407260457e-01 3.646096496785846597e+01 4.618299633681474670e-03 1.822198571966643631e+08
1.651087925823606226e-06 1.643326760034184426e-04 1.186464694992555302e-01 3.226808033923642682e+01 5.429401082057948476e-03 1.150559740957558453e+08
1.795003232710771224e-06 1.694265038867791447e-04 1.237364679655328092e-01 2.901149722152751309e+01 6.297929686718152682e-03 7.848917394549210370e+07
1.951462762853695807e-06 1.746130690244458575e-04 1.293268913639958884e-01 2.638065803454345470e+01 7.238914535474275103e-03 5.603956932537341118e+07
2.121559920008342455e-06 1.798933575273768519e-04 1.354325245297715308e-01 2.423913067651949760e+01 8.250422117806585978e-03 4.114553115581793338e+07
2.306483413295476575e-06 1.852677236507515722e-04 1.420674356823015683e-01 2.246762044102440470e+01 9.337007294058362328e-03 3.070444114711944759e+07
2.507525564390485269e-06 1.907366940340451847e-04 1.492601202272184902e-01 2.099346136238531813e+01 1.049856573869624270e-02 2.314467501045039669e+07
2.726091338800498397e-06 1.963018463093468651e-04 1.570421812236170722e-01 1.974124221539825541e+01 1.174659719800036362e-02 1.754997283026948944e+07
2.963708164343089495e-06 2.019632546447593438e-04 1.654491789994211315e-01 1.868983962271320465e+01 1.307161586354495773e-02 1.335503575223991089e+07
3.222036605442112590e-06 2.077236165431350847e-04 1.745140208353622990e-01 1.778486025041009455e+01 1.448939002633136200e-02 1.018344668613290600e+07
3.502881967837077212e-06 2.135833005224054275e-04 1.842505842274956285e-01 1.700442704359550561e+01 1.599989400120596997e-02 7.774840504446109757e+06
3.808206914804579770e-06 2.195453034676705614e-04 1.947264782106309655e-01 1.634128304363746409e+01 1.759580303927469475e-02 5.938808613135426305e+06
4.140145183059145421e-06 2.256112535783801553e-04 2.059738825767206682e-01 1.575610676887371042e+01 1.930338512356662498e-02 4.536971051722056232e+06
4.501016494185813288e-06 2.317838700858546020e-04 2.180319121416809391e-01 1.525851352469909017e+01 2.109978702271602183e-02 3.465921677151642740e+06
4.893342765811728859e-06 2.380663970453322342e-04 2.309450339096706384e-01 1.481998997158255271e+01 2.301075948984265818e-02 2.647051499019445386e+06
5.319865735807151662e-06 2.444613181981186408e-04 2.447729956436714982e-01 1.443848793784233031e+01 2.503294952203625676e-02 2.021072326132102404e+06
5.783566122681020122e-06 2.509735936447239114e-04 2.595454880777395279e-01 1.410613073427355424e+01 2.716913514341030497e-02 1.542673659735298483e+06
6.287684456071808386e-06 2.576057217883889836e-04 2.753266141192737271e-01 1.381129083407743963e+01 2.943636357849267055e-02 1.177132941965028178e+06
6.835743722905733640e-06 2.643639115857219363e-04 2.921648263960827663e-01 1.355706302177954470e+01 3.182237214832724093e-02 8.979483939649401000e+05
7.431573987483094128e-06 2.712521839376843494e-04 3.101004080929152806e-01 1.333415203173653296e+01 3.434054396949712956e-02 6.848398442346062511e+05
8.079339157548020512e-06 2.782768053898515884e-04 3.292114437413775629e-01 1.314141602684167864e+01 3.699158959253771167e-02 5.222013436635918333e+05
8.783566083393902463e-06 2.854439586232015687e-04 3.495154777820657088e-01 1.297293824151321928e+01 3.978307028320653138e-02 3.981740039960705908e+05
9.549176193361102343e-06 2.927600908610405160e-04 3.711071608654562537e-01 1.282934362896498826e+01 4.271349728005285201e-02 3.035931298556022230e+05
1.038151988680893253e-05 3.002337880279772465e-04 3.939979260356002433e-01 1.270535344163250180e+01 4.579071447310082560e-02 2.315072087638539670e+05
1.128641392491414015e-05 3.078718409333463212e-04 4.182572648919217206e-01 1.260246522911626244e+01 4.900701158270793362e-02 1.765770717735430226e+05
1.227018208059812984e-05 3.156851214275853911e-04 4.439326466116889636e-01 1.251034481737892001e+01 5.239840157338318538e-02 1.347246614811869513e+05
1.333969933166143168e-05 3.236821727259656871e-04 4.710572852784599140e-01 1.243548581862374292e+01 5.593468586146430749e-02 1.028402190926352632e+05
1.450243990596541561e-05 3.318751115087624319e-04 4.996806867750360759e-01 1.237538026782157452e+01 5.962168505726139073e-02 7.854755285188239941e+04
1.576652951442071180e-05 3.402754472083916468e-04 5.298171491669169120e-01 1.232546810687761685e+01 6.347355521412514912e-02 6.003765698393328057e+04
1.714080213680788180e-05 3.488963847335424572e-04 5.615212160949285547e-01 1.228825420574109017e+01 6.747551656351676030e-02 4.592923079992984276e+04
1.863486175727319455e-05 3.577530030643897674e-04 5.947943796128453142e-01 1.225703378201472127e+01 7.165585923469582064e-02 3.517208581625251827e+04
2.025914948093274554e-05 3.668600038151501215e-04 6.296499472535908026e-01 1.223478091736152429e+01 7.599293344986787768e-02 2.696569974605767493e+04
2.202501650062337407e-05 3.762364045070709130e-04 6.660870842210815379e-01 1.221905421960011751e+01 8.049402711227077178e-02 2.070157847554619366e+04
2.394480342372193305e-05 3.858994731207160390e-04 7.041063006154597570e-01 1.221097898451688657e+01 8.514477100484817151e-02 1.591632730006306519e+04
2.603192651340161611e-05 3.958718810197791628e-04 7.436811464752965950e-01 1.220821636459267090e+01 8.995075003458169460e-02 1.225739759617357595e+04
2.830097144701496288e-05 4.061756198002436737e-04 7.847760155949887739e-01 1.220871126485339531e+01 9.491746565854768114e-02 9.456823567034016378e+03
3.076779524682578037e-05 4.168365712548386987e-04 8.273481562631592734e-01 1.221406261254974268e+01 1.000226591920244934e-01 7.310690315852067215e+03
3.344963709542364213e-05 4.278828309524890889e-04 8.713301920579586968e-01 1.222187876846293264e+01 1.052725217395622387e-01 5.663887236640877745e+03
3.636523881024502497e-05 4.393445230701855135e-04 9.166458249933697733e-01 1.223253869982177022e+01 1.106509638622170527e-01 4.398356031124168112e+03
3.953497581912703858e-05 4.512570838958047926e-04 9.632052606803962469e-01 1.224521629114311949e+01 1.161509109664486811e-01 3.424264172015422446e+03
4.298099955220473028e-05 4.636562421986732880e-04 1.010889441454681847e+00 1.225749517618413087e+01 1.217789329798475012e-01 2.673135742801497145e+03
4.672739224524504132e-05 4.765858152625156098e-04 1.059576016131289489e+00 1.227159881343407832e+01 1.274973639270173820e-01 2.092838941485716077e+03
5.080033523624709557e-05 4.900905981557726263e-04 1.109123001880526038e+00 1.228429339074247295e+01 1.333213697086856331e-01 1.643586305644447521e+03
5.522829193143537907e-05 5.042231430747227917e-04 1.159367578870982962e+00 1.229709397344551824e+01 1.392159176824810385e-01 1.295011728356380672e+03
6.004220671928744524e-05 5.190404655401368401e-04 1.210138829843574682e+00 1.230839348330229477e+01 1.451790866411669934e-01 1.023912106918485165e+03
6.527572122268888522e-05 5.346064122531566038e-04 1.261241926858570617e+00 1.231776799458699934e+01 1.511947163245867531e-01 8.125347504558476430e+02
7.096540940047520001e-05 5.509934562532614643e-04 1.312477812761034146e+00 1.232495575706753144e+01 1.572449969850129581e-01 6.472846195627303132e+02
7.715103314134770561e-05 5.682804879314419955e-04 1.363630856441883310e+00 1.232983248366986651e+01 1.633089094919681072e-01 5.177342673157972968e+02
8.387582013635889653e-05 5.865593937773089976e-04 1.414475840605637691e+00 1.233134164171955227e+01 1.693773910150493112e-01 4.158729256941965104e+02
9.118676597185425335e-05 6.059300404918445447e-04 1.464783364728198478e+00 1.232963695832448714e+01 1.754257512364105487e-01 3.355363961695647959e+02
9.913496255402070472e-05 6.265083964599186183e-04 1.514316263532467177e+00 1.232391587241387398e+01 1.814421137546040619e-01 2.719746941582554314e+02
1.077759551602093529e-04 6.484233289669583513e-04 1.562831684986834668e+00 1.231398686770136663e+01 1.874061144942242851e-01 2.215185482613095189e+02
1.171701306122535343e-04 6.718221583609203847e-04 1.610091153150848164e+00 1.229978227528024703e+01 1.932961815646678239e-01 1.813292087403072799e+02
1.273831392844960834e-04 6.968723829136450922e-04 1.655855678754107219e+00 1.228103378332841444e+01 1.990938251987166563e-01 1.492056312742200532e+02
1.384863538956948418e-04 7.237642089254708953e-04 1.699892965740124495e+00 1.225763319439962373e+01 2.047788928831857647e-01 1.234369399773123206e+02
1.505573682910314357e-04 7.527167250121858744e-04 1.741976558186500990e+00 1.222893975268402578e+01 2.103409039719114915e-01 1.026905447169922354e+02
1.636805396999187667e-04 7.839794965713253695e-04 1.781890622279114655e+00 1.219555871134903668e+01 2.157493897422443629e-01 8.592605374453549416e+01
1.779475782591280497e-04 8.178414852399509003e-04 1.819432136070180395e+00 1.215704071698878863e+01 2.209928511542962881e-01 7.232870033860676529e+01
1.934581879210667320e-04 8.546353404769030382e-04 1.854413792849916032e+00 1.211338931396149654e+01 2.260534859207894154e-01 6.125939468055045722e+01
2.103207632261381926e-04 8.947468532668772677e-04 1.886664049796429765e+00 1.206445728235459391e+01 2.309175914987267875e-01 5.221498270906816686e+01
2.286531468085166723e-04 9.386245762806163162e-04 1.916030510998498748e+00 1.201038216166600847e+01 2.355677473766481789e-01 4.479854911055247868e+01
2.485834529290999076e-04 9.867925945055058129e-04 1.942382658818009311e+00 1.195155829523519664e+01 2.399830082401841480e-01 3.869598506705914076e+01
2.702509627908272977e-04 1.039863159896953562e-03 1.965610728112261230e+00 1.188781678634385131e+01 2.441550130071505342e-01 3.365810394621273360e+01
2.938070978931976046e-04 1.098561072022061560e-03 1.985627659136734335e+00 1.181908423204895087e+01 2.480756974511599544e-01 2.948662063092266905e+01
3.194164782281875116e-04 1.163735359437809321e-03 2.002374870232875192e+00 1.174635519206911738e+01 2.517169681459219266e-01 2.602349424007319101e+01
3.472580727126823121e-04 1.236403402729191643e-03 2.015817259148580565e+00 1.166934294560414287e+01 2.550791675200630437e-01 2.314226442227542435e+01
3.775264498971143447e-04 1.317768056275139257e-03 2.025946673951757315e+00 1.158877995145388162e+01 2.581431043093754818e-01 2.074159816066045536e+01
4.104331376907775948e-04 1.409279248980991033e-03 2.032784852250264507e+00 1.150458137496901401e+01 2.609100635167242443e-01 1.874017625638187923e+01
4.462081016061396474e-04 1.512680491664613941e-03 2.036381265299001431e+00 1.141756078054441481e+01 2.633637489400810772e-01 1.707258557252472286e+01
4.851013518527329195e-04 1.630078335808585232e-03 2.036818779816597313e+00 1.132820302788891098e+01 2.654982125949164051e-01 1.568624566207667037e+01
5.273846905116592355e-04 1.764059492998777548e-03 2.034211570955628101e+00 1.123708194376333758e+01 2.673085237702227390e-01 1.453886730237510605e+01
5.733536110006856720e-04 1.917757214208893213e-03 2.028708207534911434e+00 1.114505378033793015e+01 2.687866241442689597e-01 1.359647917195836264e+01
6.233293631041761157e-04 2.095100765362105204e-03 2.020495081212726696e+00 1.105279088780769925e+01 2.699330606765247276e-01 1.283183723001582521e+01
6.776611979991406043e-04 2.300896390888700939e-03 2.009795611026627515e+00 1.096109433429568547e+01 2.707498427650090744e-01 1.222327756572484958e+01
7.367288089665701345e-04 2.541240057391873971e-03 1.996877234183743521e+00 1.087077291669383250e+01 2.712446475646643207e-01 1.175354076790758384e+01
8.009449848447561422e-04 2.823775495424982445e-03 1.982048545798390737e+00 1.078315276792083388e+01 2.714180739749333937e-01 1.140898848456547654e+01
8.707584947680199706e-04 3.158254287172153774e-03 1.965664510530579445e+00 1.069911900628306967e+01 2.712886431918956620e-01 1.117873710675614163e+01
9.466572243505969649e-04 3.557267721642715878e-03 1.948127220001337978e+00 1.061997118207616708e+01 2.708720604358710871e-01 1.105391229956188859e+01
1.029171585232623812e-03 4.037008157441233577e-03 1.929880997875657922e+00 1.054684277689477057e+01 2.701956127794699625e-01 1.102681167094939774e+01
1.118878221815541212e-03 4.619072806013885084e-03 1.911414329131147838e+00 1.048092560188436551e+01 2.692932292750518930e-01 1.109001106321545471e+01
1.216404041091110255e-03 5.331649110235261828e-03 1.893243315529785198e+00 1.042302027809051346e+01 2.682150137349885721e-01 1.123540198622660391e+01
1.322430593726148197e-03 6.213269870939888348e-03 1.875903103743979283e+00 1.037435183010374828e+01 2.670051663099828332e-01 1.145295750468306473e+01
1.437698837019815495e-03 7.315937595932842791e-03 1.859921973163423337e+00 1.033522307681322872e+01 2.657327642972488468e-01 1.172956836447242779e+01
1.563014313018959434e-03 8.712118658952430414e-03 1.845784159917765566e+00 1.030630860364069967e+01 2.644527010879052509e-01 1.204852851811359926e+01
1.699252777978325695e-03 1.050385574049048434e-02 1.833898058032733536e+00 1.028698091582645802e+01 2.632434000520251782e-01 1.238883549510152982e+01
1.847366322506626898e-03 1.283676155380832594e-02 1.824539887121351844e+00 1.027680284460788407e+01 2.621594832160658584e-01 1.272651762364311523e+01
2.008390025168573911e-03 1.592601226228598787e-02 1.817805079651828803e+00 1.027402979114891401e+01 2.612622886956216806e-01 1.303691675623178092e+01
2.183449186040986503e-03 2.008905332729950255e-02 1.813588127453604315e+00 1.027713551963490168e+01 2.605774415397665300e-01 1.329785333318886131e+01
2.373767190774058160e-03 2.581897493800020330e-02 1.811565945975149416e+00 1.028380536828177050e+01 2.601180769586141084e-01 1.349431321095076086e+01
2.580674060115082432e-03 3.388140775800849852e-02 1.811229037544455744e+00 1.029194232346691429e+01 2.598640863623727926e-01 1.362144898846621999e+01
2.805615744642234611e-03 4.552571050973339140e-02 1.811965240240261066e+00 1.029974963023210854e+01 2.597726527525864304e-01 1.368551243247378757e+01
3.050164229663849744e-03 6.283323702119811283e-02 1.813164863695684526e+00 1.030569428468388082e+01 2.597946925488018310e-01 1.370164019456514204e+01
3.316028520900400883e-03 8.940683102019227058e-02 1.814332325123532597e+00 1.030954139377084644e+01 2.598649618510397996e-01 1.368954247711899086e+01
3.605066587721653549e-03 1.317760998316658272e-01 1.815172677278699576e+00 1.031140695100222970e+01 2.599382876442660195e-01 1.366761947644616626e+01
3.919298347403268358e-03 2.021458406066315439e-01 1.815613016856398199e+00 1.031161866367000890e+01 2.599960074113594199e-01 1.364849407730194741e+01
