9.999999999999999547e-07 1.353376944629562661e-04 9.814978900360538105e-02 9.823628018064479761e+01 1.475324981236997117e-03 3.831509322077648926e+10
1.086877549258998857e-06 1.398910528227939967e-04 1.001866610709678251e-01 7.443769850051472758e+01 1.987408766470953082e-03 7.104344119647835732e+09
1.181302807083247392e-06 1.448399957978324442e-04 1.028464270786559748e-01 5.952114460338971469e+01 2.551456506964089321e-03 1.947024505786477804e+09
1.283931499895413055e-06 1.501914236944903937e-04 1.059899138579349920e-01 4.942516989116070647e+01 3.166551848044063880e-03 7.212794384756211042e+08
1.395476322022756915e-06 1.548615420666170231e-04 1.095848720577583674e-01 4.224597138838396404e+01 3.830324244261579247e-03 3.395741761375541091e+08
1.516711884929055527e-06 1.596066961340205617e-04 1.136615149052702251e-01 3.672234980869031062e+01 4.570389484896797416e-03 1.885698642104285955e+08
1.648480096423688401e-06 1.644289930024294072e-04 1.182216710123046161e-01 3.255119213942401046e+01 5.362909028652046786e-03 1.185329443621264845e+08
1.791696007203212684e-06 1.693322379858805524e-04 1.232927848763433615e-01 2.920333759374065252e+01 6.234123598180856679e-03 8.034689393387573957e+07
1.947354165326161311e-06 1.743185789268171233e-04 1.288632074688628448e-01 2.651910892525730290e+01 7.175302992940342517e-03 5.712921613114529848e+07
2.116535522749001464e-06 1.793919249496054777e-04 1.349757891684433553e-01 2.432147409079946954e+01 8.194759586730387610e-03 4.178762131362424791e+07
2.300414941885048547e-06 1.845556761511516809e-04 1.416516984307022997e-01 2.253240219420117540e+01 9.282918265462999918e-03 3.108875554398408905e+07
2.500269354314803627e-06 1.898129361670928530e-04 1.489050775162266971e-01 2.102627125120716656e+01 1.045724972363983388e-02 2.336086941233410314e+07
2.717486628305053000e-06 1.951684761488812949e-04 1.567865171055131956e-01 1.975823092303877360e+01 1.171739015249564919e-02 1.765784144026909024e+07
2.953575206716289636e-06 2.006253271211228440e-04 1.653038918537858004e-01 1.868851857783947068e+01 1.306106037470856560e-02 1.339865027902896516e+07
3.210174582227941334e-06 2.061885691327525888e-04 1.744962275693169307e-01 1.777953190320162236e+01 1.449225458534279809e-02 1.018882034484135732e+07
3.489066682625435393e-06 2.118625608799816452e-04 1.844010427816869246e-01 1.700441106323582829e+01 1.601297452219874878e-02 7.757405217226512730e+06
3.792188245213157864e-06 2.176515873951633190e-04 1.950559241790788267e-01 1.633115160235137253e+01 1.763650678356343954e-02 5.910604074538695626e+06
4.121644266286051408e-06 2.235615849654260564e-04 2.064911175755438366e-01 1.575170671825304858e+01 1.935726487442614510e-02 4.505466625671276823e+06
4.479722619058388164e-06 2.295966709790138482e-04 2.187514448278091994e-01 1.524396013053540244e+01 2.118962939323002295e-02 3.435122758409344591e+06
4.868909941562283809e-06 2.357633580094137531e-04 2.318825677596612345e-01 1.481016875640554176e+01 2.311949421296665905e-02 2.619345064708426129e+06
5.291908904847990311e-06 2.420672134267540514e-04 2.459189362030953230e-01 1.443073672227104254e+01 2.516365389100619701e-02 1.997424812402249547e+06
5.751656981403055587e-06 2.485140021652398022e-04 2.609024580024424389e-01 1.410083523548565054e+01 2.732143888178776431e-02 1.523305847367230803e+06
6.251346844125751216e-06 2.551111450627683067e-04 2.768825121836790970e-01 1.381359475570587314e+01 2.959777406139828954e-02 1.161868749080479378e+06
6.794448537511373170e-06 2.618641688189068777e-04 2.938973494400862196e-01 1.356226313301019637e+01 3.199880340083833402e-02 8.863358268286136445e+05
7.384733575016749365e-06 2.687814187156428876e-04 3.119964861474979756e-01 1.334473525263329563e+01 3.452311505578010281e-02 6.762926166589620989e+05
8.026301129944849892e-06 2.758700570378574014e-04 3.312195620016746833e-01 1.315752095008103417e+01 3.717167602732426163e-02 5.161812460165731027e+05
8.723606501729172099e-06 2.831377791187321869e-04 3.516043474745804698e-01 1.299650764975567618e+01 3.994825419039047670e-02 3.941354823689748882e+05
9.481492055299269722e-06 2.905939700747497099e-04 3.732045566877428278e-01 1.285479882370791493e+01 4.286984253842842513e-02 3.010860479115078924e+05
1.030522084838233908e-05 2.982460531838112541e-04 3.960600584995829787e-01 1.273415534977281460e+01 4.592626618241386210e-02 2.301378866914898390e+05
1.120051318026253586e-05 3.061047964544399654e-04 4.201795661400511417e-01 1.262951518073861301e+01 4.912680089246673765e-02 1.760337991129500733e+05
1.217358631580685925e-05 3.141795330439444214e-04 4.456310321553271225e-01 1.254411686802900583e+01 5.245725603029798012e-02 1.347514487825021788e+05
1.323119766061704321e-05 3.224805528589722958e-04 4.724396310535393662e-01 1.247222682963949758e+01 5.593357214740350691e-02 1.032418062336891016e+05
1.438069168713282010e-05 3.310199110549236104e-04 5.006136071849511815e-01 1.241030783260761083e+01 5.956488818973634802e-02 7.918026252486399608e+04
1.563005093756017748e-05 3.398076507999570777e-04 5.301914802043284913e-01 1.236120898641772570e+01 6.333474564447283406e-02 6.079344153326500236e+04
1.698795145780872102e-05 3.488578238668174842e-04 5.611719340283638502e-01 1.231925851546932726e+01 6.726383251903289562e-02 4.673345019583139947e+04
1.846382304739394020e-05 3.581827855007856391e-04 5.935836761938499961e-01 1.228692741054975812e+01 7.133602267040037304e-02 3.597277868691074400e+04
2.006791474370334352e-05 3.677963945598305951e-04 6.274262398775677374e-01 1.226329631794235198e+01 7.554847293631684890e-02 2.772984837414021968e+04
2.181136599537482020e-05 3.777144053951847838e-04 6.626820403867638154e-01 1.224700379922245119e+01 7.989977994780972370e-02 2.140906653648772044e+04
2.370628401904404495e-05 3.879505709608910584e-04 6.993444710620537741e-01 1.223299107020182852e+01 8.441676827840352559e-02 1.655664779487912529e+04
2.576582787665635966e-05 3.985234661972575213e-04 7.373894461876663309e-01 1.222472446808965252e+01 8.906930696869574948e-02 1.282688976191619804e+04
2.800429985720945803e-05 4.094497341180500845e-04 7.767932093288795192e-01 1.222160571861653189e+01 9.385283299368406273e-02 9.956242811540098046e+03
3.043724479751788221e-05 4.207482355360416568e-04 8.175029051947345637e-01 1.222141711835989497e+01 9.877293818637393474e-02 7.743612147360269773e+03
3.308155803172244466e-05 4.324398681416545499e-04 8.594647608178925813e-01 1.222377758614980436e+01 1.038228318761149072e-01 6.035516252992577392e+03
3.595560271918783583e-05 4.445439273497527499e-04 9.026217961914076993e-01 1.222736556527088148e+01 1.090041806725670775e-01 4.714752337570899726e+03
3.907933736556106814e-05 4.570851169359779688e-04 9.468944839526525215e-01 1.223242694426125432e+01 1.143034110795378699e-01 3.691688362277370743e+03
4.247445442254654856e-05 4.700863193552579891e-04 9.921972124593273490e-01 1.223882616517541422e+01 1.197094598779504387e-01 2.897758736039001178e+03
4.616453092889043181e-05 4.835735142028263142e-04 1.038434334508071766e+00 1.224552973079243934e+01 1.252194226519957043e-01 2.280442312643157948e+03
5.017519223868368466e-05 4.975749773238170122e-04 1.085495002320170599e+00 1.225197600794632713e+01 1.308253561234433426e-01 1.799461568668095197e+03
5.453428997397965941e-05 5.121179826680039102e-04 1.133262865476706294e+00 1.225728893807897180e+01 1.365232031957317460e-01 1.423903416263165809e+03
5.927209543749859986e-05 5.272360237197502766e-04 1.181609391957285871e+00 1.226190682756540440e+01 1.422938589806317933e-01 1.129999966676621170e+03
6.442150982855396574e-05 5.429610332767965822e-04 1.230397949696436122e+00 1.226500465581917432e+01 1.481317373296430484e-01 8.994630592882169822e+02
7.001829272202308649e-05 5.593292473308711810e-04 1.279482649397347460e+00 1.226594023923015619e+01 1.540294595346178019e-01 7.181892592754502402e+02
7.610131039701165058e-05 5.763796416719095279e-04 1.328711040310224023e+00 1.226563069930326932e+01 1.599598153235258502e-01 5.752917583532226899e+02
8.271280573970237924e-05 5.941510945311333659e-04 1.377927115205963116e+00 1.226224843106353823e+01 1.659305569073080133e-01 4.623532236882126654e+02
8.989869159470318999e-05 6.126898352266254124e-04 1.426967889482486207e+00 1.225659633052159059e+01 1.719153091615174267e-01 3.728520886402685619e+02
9.770886960204154634e-05 6.320410365756928481e-04 1.475668297382530803e+00 1.224736286920806272e+01 1.779165697550915137e-01 3.017282719424125617e+02
1.061975767339340068e-04 6.522558446525005254e-04 1.523862094181413829e+00 1.223584739914444874e+01 1.839000508089193575e-01 2.450472903275181409e+02
1.154237619378226592e-04 6.733888729199921739e-04 1.571384308192784740e+00 1.222037262026326943e+01 1.898751799702065868e-01 1.997443960986738318e+02
1.254514955012347988e-04 6.954959920369306516e-04 1.618070034864487416e+00 1.220156235764708974e+01 1.958177727208320063e-01 1.634270754120681488e+02
1.363504139812582439e-04 7.186420129434398533e-04 1.663759279778584954e+00 1.217896484067368945e+01 2.017206454575585506e-01 1.342242958130789248e+02
1.481962037883998806e-04 7.428915740539415074e-04 1.708296671778111842e+00 1.215286885763083014e+01 2.075652841656245862e-01 1.106690884207146581e+02
1.610711267830230347e-04 7.683176117694706089e-04 1.751532863325482525e+00 1.212303062320776803e+01 2.133424720472989478e-01 9.160904022071183306e+01
1.750645915343175714e-04 7.949976860272564647e-04 1.793328050510156535e+00 1.208948819927018370e+01 2.190393091134410775e-01 7.613669811445440416e+01
1.902737742088465541e-04 8.230126216571934149e-04 1.833550095928890844e+00 1.205196601994194161e+01 2.246493243102042903e-01 6.353560587197993215e+01
2.068042934003712125e-04 8.524544222980102483e-04 1.872078660448750487e+00 1.201077470595616603e+01 2.301565331642279333e-01 5.323904959764815459e+01
2.247709435872344210e-04 8.834163713490364141e-04 1.908802628485505970e+00 1.196592370151586238e+01 2.355510421765186213e-01 4.479752142684653649e+01
2.442984923107257666e-04 9.160032876775829050e-04 1.943624710341961936e+00 1.191709132679592287e+01 2.408309946239150512e-01 3.785351635492315125e+01
2.655225466103499428e-04 9.503263960620977587e-04 1.976462224422129710e+00 1.186463891956394434e+01 2.459825093108319594e-01 3.212199686014805167e+01
2.885904947328651621e-04 9.865031153733002257e-04 2.007242783793041774e+00 1.180901688215486267e+01 2.509899874350582927e-01 2.737520931396889168e+01
3.136625296546984433e-04 1.024665187853938909e-03 2.035905538524480196e+00 1.174912880998989806e+01 2.558716641425911598e-01 2.343050916040422393e+01
3.409127615254763230e-04 1.064947899043156444e-03 2.062411226121628527e+00 1.168679963500017749e+01 2.605852926829477223e-01 2.014128153664047005e+01
3.705304267579272192e-04 1.107502557337267709e-03 2.086724842397321922e+00 1.162105626109003786e+01 2.651488926059575313e-01 1.738922164647827273e+01
4.027212021605468565e-04 1.152489534587591022e-03 2.108829628123202848e+00 1.155234096904265861e+01 2.695514863579568932e-01 1.507880181862127422e+01
4.377086332388925604e-04 1.200079583288876563e-03 2.128720614805859501e+00 1.148059540877777351e+01 2.737943544415597508e-01 1.313264305394229581e+01
4.757356865841934411e-04 1.250462152844937589e-03 2.146404456084880508e+00 1.140646195194474011e+01 2.778630766593824242e-01 1.148785427625991851e+01
5.170664371296748501e-04 1.303833590753665722e-03 2.161899636095663713e+00 1.132973111547864420e+01 2.817644258599498186e-01 1.009317376147911283e+01
5.619879019915831071e-04 1.360412424493543477e-03 2.175235175685203082e+00 1.125078506553772506e+01 2.854917906755158330e-01 8.906746597154038270e+00
6.108120336298182964e-04 1.420430050496800621e-03 2.186450375066013141e+00 1.116983749329469333e+01 2.890433653379643753e-01 7.894250970198244843e+00
6.638778861694813287e-04 1.484134075103729893e-03 2.195592494742611755e+00 1.108683628489879958e+01 2.924248919220412413e-01 7.027508615069738340e+00
7.215539699271304687e-04 1.551796772312886204e-03 2.202718753998268664e+00 1.100236669063198569e+01 2.956263690201580419e-01 6.283264854568352042e+00
7.842408104925000043e-04 1.623702020445066951e-03 2.207891039109652898e+00 1.091635278933068243e+01 2.986553571616442637e-01 5.642331648779966180e+00
8.523737301369793250e-04 1.700164195397954213e-03 2.211180560429641506e+00 1.082901983264661183e+01 3.015124804719468421e-01 5.088787775373045719e+00
9.264258708640303380e-04 1.781515713989686176e-03 2.212661167702399290e+00 1.074074249503051171e+01 3.041941405948357935e-01 4.609416501708852643e+00
1.006911480094830951e-03 1.868113059803742709e-03 2.212412773311171588e+00 1.065152414096795219e+01 3.067076696261574753e-01 4.193204158807419368e+00
1.094389481806220870e-03 1.960345303324026543e-03 2.210519058972482576e+00 1.056172283797803857e+01 3.090507004647244371e-01 3.830937887748658177e+00
1.189467357920369816e-03 2.058619292183609152e-03 2.207065305372097441e+00 1.047147909832942148e+01 3.112270875457387453e-01 3.514904066928121740e+00
1.292805366900068005e-03 2.163383378892203696e-03 2.202139648284126672e+00 1.038105862186052697e+01 3.132372826140900068e-01 3.238627120390862757e+00
1.405121128845225132e-03 2.275110494781810034e-03 2.195831437316388968e+00 1.029044373298726001e+01 3.150903707453940328e-01 2.996649126972685373e+00
1.527194608931336075e-03 2.394307813864661461e-03 2.188232004156290600e+00 1.020001311627799190e+01 3.167837316158249594e-01 2.784360645017502023e+00
1.659873533796844044e-03 2.521525172412188848e-03 2.179429797366355892e+00 1.010982629022437251e+01 3.183240310938908468e-01 2.597869320514940128e+00
1.804079278492987668e-03 2.657337567407306970e-03 2.169516321275096526e+00 1.002018681987013693e+01 3.197108226334194336e-01 2.433864428938312230e+00
1.960813264877401315e-03 2.802375718186826594e-03 2.158580360461359593e+00 9.931213621593146357e+00 3.209490782055906544e-01 2.289532751119554455e+00
2.131163915884483426e-03 2.957302313771728412e-03 2.146709327562602354e+00 9.843032863666811849e+00 3.220435039215330808e-01 2.162485592300116721e+00
2.316314213965738663e-03 3.122826847593428157e-03 2.133990128278683063e+00 9.755758122833428914e+00 3.229993266060218748e-01 2.050674369424029919e+00
2.517549916188863493e-03 3.299713561203719472e-03 2.120507162562840886e+00 9.669663755516973325e+00 3.238162254961418074e-01 1.952353865416554424e+00
2.736268483044549706e-03 3.488759474848533455e-03 2.106341382595472211e+00 9.584694413409495795e+00 3.245045005360579493e-01 1.866020663727402829e+00
2.973988782966098532e-03 3.690835241326260573e-03 2.091573728460046855e+00 9.501085903686735890e+00 3.250649679971043815e-01 1.790400207622849571e+00
3.232361639953942271e-03 3.906850246512017302e-03 2.076281104988618953e+00 9.419118359049489797e+00 3.254963572255737958e-01 1.724385420116036682e+00
3.513181297551938587e-03 4.137775341903984945e-03 2.060537373608642753e+00 9.338794815312963848e+00 3.258066148795101813e-01 1.667033160157528338e+00
3.818397878785800489e-03 4.384649435195321632e-03 2.044414515412007027e+00 9.260144039526666759e+00 3.260028889908195837e-01 1.617526687558377807e+00
