9.999999999999999547e-07 1.343112577568036079e-04 9.821643008610904391e-02 9.697626256713894577e+01 1.495508676738695024e-03 3.557058899168173218e+10
1.087485651938606849e-06 1.383997267608844789e-04 1.003894558247495905e-01 7.335744834532250991e+01 2.020757124399791878e-03 6.481574376919710159e+09
1.182625043172339455e-06 1.428458781412182753e-04 1.032435050119470538e-01 5.831137347967774787e+01 2.614446167710815158e-03 1.725912436759877682e+09
1.286087766073194810e-06 1.476810039736781686e-04 1.066689068816415314e-01 4.813995591499777049e+01 3.271917852442388433e-03 6.299716889865682125e+08
1.398601992738374783e-06 1.527465064467444498e-04 1.105656080914417527e-01 4.103580406380779522e+01 3.978573140260724915e-03 2.968598980482709408e+08
1.520959599875726410e-06 1.577202713528353306e-04 1.149236877739635565e-01 3.572485416295557314e+01 4.750171875916153925e-03 1.681229332658113837e+08
1.654021742043140503e-06 1.628044164242495838e-04 1.197534729093910899e-01 3.167625706633002380e+01 5.582445518041032929e-03 1.071204260327897668e+08
1.798724912466414861e-06 1.679956938068422393e-04 1.250607687029389736e-01 2.848930380672834772e+01 6.482006949628468968e-03 7.350935550150299072e+07
1.956087534091752822e-06 1.732935662268767017e-04 1.308358873263290034e-01 2.595843002034965608e+01 7.442497485622979504e-03 5.276668544497042894e+07
2.127217127260756254e-06 1.786947936408248732e-04 1.371277001371655480e-01 2.388262028351420341e+01 8.478391241479204740e-03 3.885744560948435962e+07
2.313318104454134143e-06 1.841986816480984811e-04 1.439252877451109858e-01 2.219194971222568213e+01 9.576611771845613963e-03 2.907902253531383350e+07
2.515700246963686484e-06 1.898023392584927008e-04 1.512795430376471240e-01 2.077270148587667364e+01 1.075368866582475380e-02 2.196620105217482522e+07
2.735787923151424978e-06 1.955049329457566904e-04 1.592038942742802776e-01 1.956752280011989953e+01 1.201401232848840414e-02 1.668921590403697267e+07
2.975130113174094890e-06 2.013040995277924432e-04 1.677320842795767264e-01 1.855552327659614420e+01 1.334790701166872068e-02 1.272403168010669015e+07
3.235411310727312171e-06 2.071989430454208511e-04 1.768998405685460185e-01 1.768295940856782522e+01 1.477211658448059593e-02 9.721438274023409933e+06
3.518463378535833671e-06 2.131877880283782457e-04 1.867455092831604713e-01 1.693228025620146227e+01 1.628564463497434237e-02 7.435402409193756059e+06
3.826278441029162647e-06 2.192697566190357798e-04 1.973166860780642129e-01 1.628384207221831304e+01 1.789275297586399513e-02 5.689622484991642646e+06
4.161022904941235424e-06 2.254440181385899055e-04 2.086507111791582880e-01 1.571570062342313001e+01 1.960452649166967432e-02 4.353811565707217902e+06
4.525052706511495516e-06 2.317097970107861722e-04 2.207834983334338863e-01 1.522851929919118064e+01 2.140815140189338342e-02 3.331072738315393217e+06
4.920929892597221952e-06 2.380672609379685348e-04 2.337914345544294947e-01 1.480140754938820180e+01 2.332361231544393884e-02 2.547396874811065383e+06
5.351440652395268557e-06 2.445158252003040841e-04 2.476862418958914736e-01 1.442776028256943377e+01 2.534972199326513895e-02 1.947259777256173547e+06
5.819614926680833521e-06 2.510568067151232948e-04 2.625487364317883321e-01 1.409861009469005566e+01 2.749817474570180262e-02 1.487528029610385420e+06
6.328747732573154162e-06 2.576899064082275735e-04 2.784528695450725899e-01 1.381096995818422357e+01 2.977129679053705513e-02 1.135567994889161084e+06
6.882422353912310853e-06 2.644177407218178391e-04 2.954210095510364509e-01 1.355907157224723569e+01 3.217226666620685849e-02 8.663670629118226934e+05
7.484535560461171652e-06 2.712404002408933370e-04 3.135399282954727807e-01 1.334311094927458008e+01 3.469812382076329499e-02 6.605601224316015141e+05
8.139325033425804106e-06 2.781619284784174907e-04 3.328647834266879602e-01 1.315388839527492415e+01 3.736663004100283098e-02 5.033386027362429304e+05
8.851399190315303246e-06 2.851830014244611318e-04 3.534570442544477942e-01 1.298781500010995238e+01 4.018563012113364474e-02 3.833450344416186563e+05
9.625769619048895224e-06 2.923089565537128872e-04 3.753841556366026566e-01 1.284364998333602514e+01 4.315764230467264428e-02 2.918164273536838591e+05
1.046788634958222388e-05 2.995418703880587839e-04 3.987101591935260370e-01 1.272158100590767837e+01 4.627926458420497657e-02 2.220593086673222133e+05
1.138367621129466937e-05 3.068878921175254059e-04 4.235038235420518493e-01 1.261786925237452905e+01 4.956116971375350982e-02 1.689303173537305265e+05
1.237958454609782010e-05 3.143509067275639330e-04 4.498149270368188568e-01 1.253067329632031246e+01 5.300656864555858966e-02 1.284908150473495043e+05
1.346262057084228993e-05 3.219380458797803011e-04 4.777205884794711310e-01 1.245724122281699486e+01 5.662683901518339447e-02 9.772584550918258901e+04
1.464040670828453004e-05 3.296552347989073549e-04 5.072748574633233476e-01 1.239929298568382698e+01 6.041108702049949319e-02 7.433224797389464220e+04
1.592123223380519000e-05 3.375108025581347623e-04 5.385199026248274068e-01 1.235260246628401504e+01 6.437444955032428640e-02 5.655058093847555574e+04
1.731411161544559889e-05 3.455129906981181274e-04 5.715099504425121824e-01 1.231599938985445597e+01 6.852110729728734528e-02 4.303779330346378265e+04
1.882884795786066281e-05 3.536715997939023797e-04 6.062969471929983145e-01 1.229066915550026984e+01 7.284170255918601122e-02 3.277013518809203379e+04
2.047610199670701117e-05 3.619975256307344375e-04 6.429039525316799786e-01 1.227559650163244420e+01 7.733457907794047403e-02 2.496860301062697908e+04
2.226746712905038186e-05 3.705023931569918099e-04 6.813516148326591582e-01 1.226470765571716193e+01 8.203219337408675094e-02 1.904010015281074448e+04
2.421555100785685569e-05 3.792001749200403678e-04 7.216641678736541721e-01 1.226280431794595493e+01 8.689916014075846351e-02 1.453370907096247174e+04
2.633406427483180393e-05 3.881047779772510984e-04 7.638336951267332697e-01 1.226631236623479637e+01 9.195069742999426032e-02 1.110696440675738268e+04
2.863791705610870133e-05 3.972337885805411815e-04 8.078559424644649045e-01 1.227561303183352770e+01 9.717643652942078991e-02 8.499712162392168466e+03
3.114332389992612298e-05 4.066039936145908430e-04 8.536980801343241332e-01 1.228975799782984346e+01 1.025725632857844849e-01 6.514563389348903911e+03
3.386791789484635922e-05 4.162372841281063705e-04 9.013180019961658518e-01 1.230771628448598243e+01 1.081361252794175998e-01 5.001754115018299672e+03
3.683087477168020736e-05 4.261541124365406412e-04 9.506534211909305476e-01 1.232914476087101896e+01 1.138569376600803568e-01 3.847701541408818230e+03
4.005304786254991944e-05 4.363814860705862958e-04 1.001627825323662346e+00 1.235256978336989597e+01 1.197344985708443943e-01 2.966275297880231847e+03
4.355711486693333081e-05 4.469448241599936235e-04 1.054135378545322688e+00 1.237767723304867218e+01 1.257556396701994816e-01 2.292133210882063395e+03
4.736773745763178103e-05 4.578769961170628226e-04 1.108060398882774411e+00 1.240397004143075499e+01 1.319085542028290980e-01 1.775737123963076556e+03
5.151173484996957302e-05 4.692103811413317815e-04 1.163259862987168214e+00 1.243133298889788563e+01 1.381749381298872092e-01 1.379492606413663907e+03
5.601827255580782292e-05 4.809847625208755442e-04 1.219575815670238317e+00 1.245748005114826107e+01 1.445602325917992037e-01 1.074865864300230442e+03
6.091906765082724564e-05 4.932414940373019020e-04 1.276825264058487619e+00 1.248362440167969822e+01 1.510292302361875283e-01 8.401906605205724645e+02
6.624861199975196242e-05 5.060294036204274074e-04 1.334808734939251229e+00 1.250862853023513921e+01 1.575721931008597088e-01 6.589973138032956967e+02
7.204441501057823392e-05 5.194012943211047699e-04 1.393307993747842977e+00 1.253179568869343008e+01 1.641738784234841320e-01 5.187596345288895918e+02
7.834726762631423101e-05 5.334179417319758268e-04 1.452086853566181945e+00 1.255294906782375541e+01 1.708114824434458501e-01 4.099397953372751431e+02
8.520152941221084708e-05 5.481469638692963416e-04 1.510896042582106302e+00 1.257128629124319374e+01 1.774700623283009260e-01 3.252674100057429882e+02
9.265544075900470603e-05 5.636650812422001194e-04 1.569471737642236908e+00 1.258618957328193844e+01 1.841320828258047604e-01 2.591918702121462275e+02
1.007614623994652003e-04 5.800593568213689580e-04 1.627542268823902516e+00 1.259814799071068059e+01 1.907637300667386071e-01 2.074708381912550124e+02
1.095766446277698469e-04 5.974280246439480149e-04 1.684828474953289357e+00 1.260554637603378403e+01 1.973623257627476479e-01 1.668558767540425833e+02
1.191630288202754685e-04 6.158840413117584039e-04 1.741045280136747309e+00 1.260936976377252350e+01 2.038857723941498168e-01 1.348554353583261047e+02
1.295880840835964020e-04 6.355550121511601737e-04 1.795906401463664093e+00 1.260815334471414850e+01 2.103305954356957663e-01 1.095543966659786150e+02
1.409251821031248667e-04 6.565888916622221894e-04 1.849132443818204186e+00 1.260203072923921042e+01 2.166694691565178577e-01 8.947837495747741343e+01
1.532541135339838027e-04 6.791539010290283465e-04 1.900445347977530286e+00 1.259115613619662177e+01 2.228743094199431007e-01 7.348966812695211104e+01
1.666616495687776411e-04 7.034460382581526547e-04 1.949576360087231564e+00 1.257463537281163291e+01 2.289365239688199161e-01 6.070787180389025650e+01
1.812421526344660172e-04 7.296904805032802463e-04 1.996268313941403028e+00 1.255276311003713552e+01 2.348279654299283425e-01 5.045062054788598971e+01
1.970982405164487601e-04 7.581502776730359014e-04 2.040278985027836445e+00 1.252547698257214925e+01 2.405279324484991266e-01 4.218741379785881662e+01
2.143415085839828703e-04 7.891316868545152031e-04 2.081385189448298867e+00 1.249260382357617694e+01 2.460196110098056554e-01 3.550476874310587050e+01
2.330933151999573611e-04 8.229932411413627908e-04 2.119379680801070975e+00 1.245403488566741856e+01 2.512863646226196068e-01 3.007954466134845006e+01
2.534856358427568269e-04 8.601579271270392690e-04 2.154079251181392873e+00 1.240976226730034782e+01 2.563117115408011792e-01 2.565855501129373195e+01
2.756619919515330280e-04 9.011235610742414142e-04 2.185322736517397502e+00 1.235999362279667046e+01 2.610763741857687337e-01 2.204280824674769690e+01
2.997784610321078914e-04 9.464840395453617090e-04 2.212975507050713553e+00 1.230482388335831345e+01 2.655653689123662065e-01 1.907545963746334650e+01
3.260047751326544782e-04 9.969446900132761594e-04 2.236927443593948350e+00 1.224403797241040870e+01 2.697723684945741440e-01 1.663257499333780487e+01
3.545255154202337400e-04 1.053355068672682084e-03 2.257098180979822732e+00 1.217836486834094245e+01 2.736728432853804405e-01 1.461597523656602071e+01
3.855414112656439232e-04 1.116736643863604043e-03 2.273435561799149962e+00 1.210772119624142462e+01 2.772620769532828655e-01 1.294763439706445673e+01
4.192707529795497673e-04 1.188330784230758486e-03 2.285919109453253384e+00 1.203258327833794183e+01 2.805254173008077112e-01 1.156546147568365335e+01
4.559509281427563329e-04 1.269652856806963073e-03 2.294560187956157460e+00 1.195331140124089409e+01 2.834532594947446471e-01 1.041991646660515691e+01
4.958400923433388093e-04 1.362561301839249756e-03 2.299405352149675785e+00 1.187032148198018433e+01 2.860377096329312918e-01 9.471473317083924925e+00
5.392189860792948779e-04 1.469365426602800648e-03 2.300538673445224447e+00 1.178420971696768405e+01 2.882699087617689448e-01 8.688555523620244969e+00
5.863929106141172387e-04 1.592926096330451145e-03 2.298084883593682015e+00 1.169561766411648307e+01 2.901436956819299362e-01 8.045965030142181007e+00
6.376938766913711320e-04 1.736871252123682249e-03 2.292213865045944932e+00 1.160548614976424808e+01 2.916500347807329252e-01 7.523665894374297558e+00
6.934829412309734091e-04 1.905749146150214745e-03 2.283144945442530993e+00 1.151438351043359276e+01 2.927945766444979836e-01 7.105760128791412278e+00
7.541527484528685963e-04 2.105462003813622814e-03 2.271152329826071625e+00 1.142343316453775159e+01 2.935755302442337178e-01 6.779749729259902047e+00
8.201302933125599734e-04 2.343517956102543313e-03 2.256573566956563859e+00 1.133394481156884481e+01 2.939941156648453457e-01 6.535759330168758652e+00
8.918799266976111615e-04 2.629918053839324244e-03 2.239812324719409720e+00 1.124709301162986819e+01 2.940638090308105301e-01 6.366075220943206325e+00
9.699066235357087229e-04 2.977636425909365586e-03 2.221347351871652887e+00 1.116404556985224517e+01 2.938090094075052061e-01 6.264464589014882456e+00
1.054759536815304179e-03 3.404400202800711255e-03 2.201731631509518117e+00 1.108673965897789238e+01 2.932451023093681219e-01 6.225670084126338821e+00
1.147035862532055353e-03 3.933909269894583435e-03 2.181596721962333341e+00 1.101620392912164448e+01 2.924238162487124981e-01 6.244638126680740697e+00
1.247385042762634523e-03 4.599400900370852543e-03 2.161635986120814312e+00 1.095428313113351670e+01 2.913861028174699608e-01 6.315751958992767534e+00
1.356513336447192318e-03 5.447033007504399442e-03 2.142588771141134885e+00 1.090225511342537779e+01 2.901968668716243815e-01 6.431948596451944056e+00
1.475188790049689622e-03 6.543626219566082633e-03 2.125202698704018012e+00 1.086097067599783550e+01 2.889361972412136104e-01 6.583689303722476183e+00
1.604246643079713323e-03 7.986288051944061273e-03 2.110168293864950861e+00 1.083105543358845679e+01 2.876845572075641955e-01 6.758414929849251962e+00
1.744595206519863537e-03 9.921388417403750187e-03 2.098039463393405413e+00 1.081227611079862250e+01 2.865277967114213675e-01 6.940760302203099918e+00
1.897222255531224493e-03 1.257359213584270316e-02 2.089146006477077044e+00 1.080317304770418296e+01 2.855536365543149824e-01 7.113357655312125161e+00
2.063201981428809933e-03 1.629953195416488504e-02 2.083500878268351730e+00 1.080237900417234798e+01 2.848029689683493348e-01 7.259865067729979415e+00
2.243702551855135136e-03 2.168442603805112792e-02 2.080746220499724686e+00 1.080666243266604631e+01 2.843136847067133099e-01 7.368357831077192444e+00
2.439994332360500250e-03 2.972152545973640037e-02 2.080199643606233550e+00 1.081353277041511340e+01 2.840584101134663864e-01 7.434590570619386440e+00
2.653458827253564727e-03 4.218193033928776398e-02 2.080973760500200331e+00 1.082022918541375134e+01 2.839882551676812805e-01 7.463237845923123004e+00
2.885598402648097225e-03 6.234545562686529679e-02 2.082186346760789952e+00 1.082531549988689257e+01 2.840202248307404087e-01 7.466005968381491442e+00
3.138046860136771941e-03 9.671089506438647343e-02 2.083202371367235628e+00 1.082783318607054213e+01 2.840927429040662755e-01 7.456874141665992717e+00
3.412580935509736211e-03 1.587782280184323325e-01 2.083751395779091187e+00 1.082820203489289312e+01 2.841579352536304781e-01 7.446936196986173151e+00
3.711132803446070324e-03 2.792213766304148526e-01 2.083904519796392574e+00 1.082829822123988883e+01 2.841762922145884551e-01 7.441457862605369122e+00
4.035803676186299795e-03 5.323369651101214073e-01 2.083876122355788230e+00 1.082816617380273883e+01 2.841758851630785121e-01 7.440082885745505692e+00
