9.999999999999999547e-07 1.400426434288814083e-04 9.786634537572413972e-02 1.023059023366734124e+02 1.412547027583122743e-03 4.979145462939261627e+10
1.085616688950784960e-06 1.467583107155973825e-04 9.939400383960642071e-02 7.985635555860640977e+01 1.837896007102406658e-03 1.086793018202678108e+10
1.178563595328465405e-06 1.529310356725482791e-04 1.013326315685645074e-01 6.550851079684235856e+01 2.284135320619115096e-03 3.366636882654973507e+09
1.279468308078421498e-06 1.575319621894879227e-04 1.036673401137283429e-01 5.490831318055461452e+01 2.787880078517913918e-03 1.261918448738482714e+09
1.389012148233558726e-06 1.621775268160176244e-04 1.064463627143719809e-01 4.694621539431730639e+01 3.348115829128953027e-03 5.618377579131045341e+08
1.507934769277733016e-06 1.668706159234441169e-04 1.096710913691986145e-01 4.071446162692255655e+01 3.977532197558827573e-03 2.924889454397382140e+08
1.637039151377061789e-06 1.716141369273949059e-04 1.133702041536703287e-01 3.580586769803672098e+01 4.675358968581848525e-03 1.726095714417080283e+08
1.777197023200768626e-06 1.764104026618718902e-04 1.175552407020118706e-01 3.195354756241370353e+01 5.432417611252376120e-03 1.119645369845611900e+08
1.929354747940409822e-06 1.812633967111440536e-04 1.222449976743252564e-01 2.881577528221049889e+01 6.264278001525787169e-03 7.723795283181288838e+07
2.094539713270543996e-06 1.861766329996071860e-04 1.274703031953437482e-01 2.618378118569867397e+01 7.188642577944428722e-03 5.536691287634389102e+07
2.273867268396694548e-06 1.911537060307272947e-04 1.332632076462434700e-01 2.405198851902379786e+01 8.181435477485482499e-03 4.065912711707061529e+07
2.468548255030385595e-06 1.961977010131499049e-04 1.396354684204966501e-01 2.227704734959994681e+01 9.255680472142355231e-03 3.030247049957426637e+07
2.679897183141324914e-06 2.013134403893996184e-04 1.466368886340971289e-01 2.077423579683722110e+01 1.042289626444288866e-02 2.276960481454418227e+07
2.909341106690420439e-06 2.065051592649113472e-04 1.542811690072523612e-01 1.949250246162845457e+01 1.168733676486004291e-02 1.719283928792820871e+07
3.158429259273666662e-06 2.117771424821126311e-04 1.626178445378455573e-01 1.841460947921373759e+01 1.303994988040554047e-02 1.301895712507038563e+07
3.428843514737958588e-06 2.171335065579188984e-04 1.716710523794941212e-01 1.750075479776196374e+01 1.448473401236892097e-02 9.872698455435458571e+06
3.722409743400202327e-06 2.225798418020409814e-04 1.814829783031097765e-01 1.671624579753058981e+01 1.603124991260393428e-02 7.492296310247940011e+06
4.041110140548268424e-06 2.281212811182047983e-04 1.920916838743440824e-01 1.604073561422394079e+01 1.768294181251605160e-02 5.687570996328551322e+06
4.387096610467453007e-06 2.337629301199328855e-04 2.035422110524408024e-01 1.545570966739779273e+01 1.944624584452042670e-02 4.317874427360015921e+06
4.762705296362887436e-06 2.395100986626282405e-04 2.158791216382181799e-01 1.495163850991677990e+01 2.132023998798443162e-02 3.277733098001700360e+06
5.170472354285844998e-06 2.453693192094489684e-04 2.291352657279419336e-01 1.451751477494165066e+01 2.330611547986888993e-02 2.488075482088264078e+06
5.613151077571369657e-06 2.513468164501474547e-04 2.433566638041186059e-01 1.413982305296988251e+01 2.541379388460672864e-02 1.888581324938214617e+06
6.093730487413561235e-06 2.574487210860928197e-04 2.586119571020655816e-01 1.381268784246310410e+01 2.764653059499807067e-02 1.433422705880800029e+06
6.615455515104363045e-06 2.636817824994235320e-04 2.749258757272378673e-01 1.353136178916864552e+01 3.000159514265722527e-02 1.088053615586213768e+06
7.181848912208807997e-06 2.700537305729577321e-04 2.923510907304924245e-01 1.328660640108421731e+01 3.249083582895949396e-02 8.260460969182142289e+05
7.796735036616922755e-06 2.765721620669060049e-04 3.109344017461800336e-01 1.307839088496604774e+01 3.510627064978284750e-02 6.272851625699729193e+05
8.464265675078640766e-06 2.832445240771365468e-04 3.307259092758882413e-01 1.289938420994131363e+01 3.785902940360893337e-02 4.765205016750256182e+05
9.188948076578673990e-06 2.900793532130571629e-04 3.517634550404836746e-01 1.274279745179517498e+01 4.076206463800386565e-02 3.621631561261934694e+05
9.975675385836024924e-06 2.970859308930449863e-04 3.741066261435243567e-01 1.261245737809226242e+01 4.379917435920209490e-02 2.754065928784430725e+05
1.082975968241914845e-05 3.042736137001447717e-04 3.977801591079876964e-01 1.250166096450417363e+01 4.698352911153987760e-02 2.095827737933267490e+05
1.175696784856058048e-05 3.116515666814294034e-04 4.228307306665213261e-01 1.240842591790448068e+01 5.031761947607826801e-02 1.596222802121295244e+05
1.276356050785517300e-05 3.192305908363729820e-04 4.493038368719910469e-01 1.233427616130802207e+01 5.378939931567825600e-02 1.216838068717288843e+05
1.385633429776073216e-05 3.270220012480453959e-04 4.772000172014042585e-01 1.227226825120199116e+01 5.741770716536510888e-02 9.286369148893098463e+04
1.504266776133020503e-05 3.350374425211319861e-04 5.065768848999638863e-01 1.222460068742899786e+01 6.119006607232624351e-02 7.095281761867328896e+04
1.633057116804201579e-05 3.432883451366551195e-04 5.374452506283522446e-01 1.218630564312475961e+01 6.512269997580948100e-02 5.428259043724193907e+04
1.772874060012492474e-05 3.517884223774284027e-04 5.698127760497041505e-01 1.215742691015737975e+01 6.920870934626544013e-02 4.158877722831262508e+04
1.924661666957501159e-05 3.605516763813901033e-04 6.036928854123388977e-01 1.213797904348248657e+01 7.344122450682588621e-02 3.191310222969745882e+04
2.089444826232896574e-05 3.695927563800478636e-04 6.390831115326249812e-01 1.212486129631629694e+01 7.783067498646288607e-02 2.452957500970404362e+04
2.268336174000310106e-05 3.789261032294812480e-04 6.759674580184515946e-01 1.212126238730803252e+01 8.234707386989553735e-02 1.888838062478122447e+04
2.462543606645508615e-05 3.885692195874213386e-04 7.143369268192849564e-01 1.211960445913766016e+01 8.703318759160126594e-02 1.457257816063943028e+04
2.673378436643421280e-05 3.985396806766096952e-04 7.541468843757193063e-01 1.212387354477160706e+01 9.185118809900946757e-02 1.126596130540207741e+04
2.902264246701256802e-05 4.088560130757868489e-04 7.953694449211727857e-01 1.213254209590347976e+01 9.680266890173518102e-02 8.728554783269704785e+03
3.150746501964062768e-05 4.195369814764969476e-04 8.379392235930797073e-01 1.214343625210466548e+01 1.018922512379514117e-01 6.778162629837815075e+03
3.420502985185493774e-05 4.306047660281129706e-04 8.818029020035887955e-01 1.215698061414229691e+01 1.071065510134247278e-01 5.276295863089055274e+03
3.713355125323351575e-05 4.420818181907523845e-04 9.268804603148484977e-01 1.217183834825294930e+01 1.124443882237089465e-01 4.117603393312279877e+03
4.031280296051963801e-05 4.539917846542467937e-04 9.730808444719037942e-01 1.218807734006997023e+01 1.178918972721060970e-01 3.221887601022564922e+03
4.376425167232473424e-05 4.663593699387079340e-04 1.020306389708834693e+00 1.220469091960767827e+01 1.234451568892163675e-01 2.527987567104562459e+03
4.751120199491812643e-05 4.792128047228655656e-04 1.068446252052189793e+00 1.222224701849844664e+01 1.290838345973765733e-01 1.989248749400273709e+03
5.157895379779484080e-05 4.925811301007543535e-04 1.117375679743342065e+00 1.223788262464373133e+01 1.348227452672686177e-01 1.570003028676777376e+03
5.599497304150766495e-05 5.064948733023333545e-04 1.166960330714192251e+00 1.225272261273191177e+01 1.406351000068409851e-01 1.242956501833296443e+03
6.078907723121001729e-05 5.209866580077541619e-04 1.217058706682887959e+00 1.226656663454911289e+01 1.465071230630249632e-01 9.871926608693748904e+02
6.599363674811976985e-05 5.360928389488884985e-04 1.267519375675517423e+00 1.227815834199370038e+01 1.524374278133416860e-01 7.866532435080447385e+02
7.164379341831462837e-05 5.518512979748988910e-04 1.318181477447277539e+00 1.228755558715448970e+01 1.584090335357589419e-01 6.289887485195598629e+02
7.777769779466478040e-05 5.683018295382626312e-04 1.368880494167042938e+00 1.229466153804314388e+01 1.644065790262296822e-01 5.046877559539695994e+02
8.443676675405873972e-05 5.854876506591513274e-04 1.419447434029577071e+00 1.229926176507749247e+01 1.704160537818580623e-01 4.064093096799466593e+02
9.166596314925097122e-05 6.034560397112430190e-04 1.469701266908514103e+00 1.229933304848235665e+01 1.764484069941549826e-01 3.284740447641200376e+02
9.951409940357450635e-05 6.222567544770791874e-04 1.519475324100528990e+00 1.229714163681187777e+01 1.824566561904289175e-01 2.664860168331215959e+02
1.080341670984279521e-04 6.419420726451367061e-04 1.568591611916125617e+00 1.229115226360029922e+01 1.884462608216037338e-01 2.170286814626753937e+02
1.172836947789511903e-04 6.625693920307821911e-04 1.616878858977035760e+00 1.228129140474565872e+01 1.944033217466261954e-01 1.774440086396472225e+02
1.273251363938394649e-04 6.842006657183504967e-04 1.664167836976226056e+00 1.226774531154612013e+01 2.003099894933308700e-01 1.456590837353469396e+02
1.382262929920870817e-04 7.069015834041003253e-04 1.710294299862975542e+00 1.225008000764707106e+01 2.061589331644100576e-01 1.200530854082733612e+02
1.500607705240106812e-04 7.307411950430151883e-04 1.755102432727038808e+00 1.222830803918490261e+01 2.119367805580535946e-01 9.935609523329728177e+01
1.629084768376801737e-04 7.557958392643522117e-04 1.798444576510208170e+00 1.220249452649735211e+01 2.176299548797688554e-01 8.257036174493812553e+01
1.768561612265380088e-04 7.821471085744443209e-04 1.840181914503540739e+00 1.217257910005421628e+01 2.232278558360252241e-01 6.891010497221698472e+01
1.919980001713003930e-04 8.098819715199691077e-04 1.880186645732936146e+00 1.213808224654019163e+01 2.287289429101501681e-01 5.775508803626898668e+01
2.084362332311393657e-04 8.390918827576907641e-04 1.918346123608883680e+00 1.209975643782200727e+01 2.341103291728101887e-01 4.861409736515899738e+01
2.262818533777630919e-04 8.698783383454786232e-04 1.954556582254074248e+00 1.205734235231521900e+01 2.393684403209795086e-01 4.109717802737778669e+01
2.456553564336143997e-04 9.023490249847282516e-04 1.988730548124867381e+00 1.201084821597495278e+01 2.444964181494164446e-01 3.489408380245967578e+01
2.666875546744854227e-04 9.366191038234987064e-04 2.020791486639978540e+00 1.196038507267075524e+01 2.494862276519859978e-01 2.975711667991570408e+01
2.895204600900962632e-04 9.728096714083540875e-04 2.050681518878500587e+00 1.190650795752127067e+01 2.543220677749197245e-01 2.548798694320963421e+01
3.143082432665182170e-04 1.011055324473344313e-03 2.078353000281159879e+00 1.184860857947348833e+01 2.590133774844538550e-01 2.192764395294607382e+01
3.412182743649353508e-04 1.051498029808923228e-03 2.103773043742811044e+00 1.178723312972567427e+01 2.635464969352372400e-01 1.894793569976898695e+01
3.704322532255620130e-04 1.094289561357343881e-03 2.126924239276198669e+00 1.172259507763869735e+01 2.679159021209563396e-01 1.644549399063771844e+01
4.021474362273133834e-04 1.139590535001485825e-03 2.147800457895700621e+00 1.165470090026543559e+01 2.721216108560059466e-01 1.433659468522146341e+01
4.365779681871428757e-04 1.187577647841529978e-03 2.166409642040421524e+00 1.158385382019151955e+01 2.761580748826017451e-01 1.255326237490947427e+01
4.739563282921872042e-04 1.238437464044327054e-03 2.182770952653395380e+00 1.151017208182591212e+01 2.800248570638923518e-01 1.104013745904516597e+01
5.145348998278354838e-04 1.292368776463218277e-03 2.196914335819739161e+00 1.143388803958418798e+01 2.837196546616308490e-01 9.751989658273068073e+00
5.585876743007185978e-04 1.349583001041768787e-03 2.208880411129809929e+00 1.135524029112288247e+01 2.872407883142686913e-01 8.651798773201772264e+00
6.064121014630662141e-04 1.410310191653269983e-03 2.218718646773505832e+00 1.127451693525326171e+01 2.905858917810898445e-01 7.709133038314307740e+00
6.583310977300215134e-04 1.474793399826533928e-03 2.226488791997614847e+00 1.119155901908549922e+01 2.937650727296874931e-01 6.898907579099682330e+00
7.146952265510014835e-04 1.543290474866238025e-03 2.232254413752075006e+00 1.110707634600099603e+01 2.967660172754845171e-01 6.200410885527502636e+00
7.758850654572294015e-04 1.616076295977156123e-03 2.236088486510316553e+00 1.102104536786186983e+01 2.995962895069818055e-01 5.596466021568165417e+00
8.423137757680404340e-04 1.693447027374882794e-03 2.238068657142248785e+00 1.093355328556216044e+01 3.022611388965829038e-01 5.072795578723233945e+00
9.144298923069349612e-04 1.775715177085651457e-03 2.238276557152008905e+00 1.084505458412237822e+01 3.047559819093924038e-01 4.617511099256817353e+00
9.927203519638776348e-04 1.863210483319200760e-03 2.236797542128075467e+00 1.075563316730905683e+01 3.070866453528361406e-01 4.220657407069579925e+00
1.077713781553082777e-03 1.956284637616660833e-03 2.233719877330453851e+00 1.066559796652228442e+01 3.092528671507164262e-01 3.873909403264636619e+00
1.169984067166287287e-03 2.055312910439072334e-03 2.229135389158174885e+00 1.057492346139407502e+01 3.112643976017053227e-01 3.570250634783681321e+00
1.270154229122237577e-03 2.160690096945572930e-03 2.223133472279767098e+00 1.048416006188846694e+01 3.131137430788649700e-01 3.303781612084695674e+00
1.378900628676520308e-03 2.272829905251712215e-03 2.215807963204022180e+00 1.039322308142375739e+01 3.148125989497026489e-01 3.069513228541773664e+00
1.496957534895961223e-03 2.392173261791928456e-03 2.207250629943358966e+00 1.030230041689199894e+01 3.163644492089878746e-01 2.863218428723040887e+00
1.625122082533682691e-03 2.519185839157779463e-03 2.197553396670306913e+00 1.021169173475802339e+01 3.177693279021784334e-01 2.681306849699339967e+00
1.764259654381020734e-03 2.654355254545649918e-03 2.186807679050795095e+00 1.012148957414049733e+01 3.190335769952862277e-01 2.520723284202705194e+00
1.915309724438580110e-03 2.798188005220909706e-03 2.175101367618732962e+00 1.003193302579950519e+01 3.201585559095556643e-01 2.378860755943893235e+00
2.079292201360251769e-03 2.951223250173355770e-03 2.162522347824165969e+00 9.943121751931895957e+00 3.211501150556018702e-01 2.253493598746757698e+00
2.257314315001907653e-03 3.114023730597696542e-03 2.149156161983068358e+00 9.855264277115507454e+00 3.220104261461028683e-01 2.142706462743213525e+00
2.450578092573580009e-03 3.287175000809115181e-03 2.135085010182202758e+00 9.768465904358633267e+00 3.227446423145844956e-01 2.044864036354861359e+00
2.660388474875060357e-03 3.471278385585787642e-03 2.120389897371500076e+00 9.682820403290911315e+00 3.233583534549340222e-01 1.958551335331491616e+00
2.888162127416691455e-03 3.666973523409751325e-03 2.105147090076561867e+00 9.598524975914525470e+00 3.238531919175373641e-01 1.882558458751758090e+00
3.135437005919164064e-03 3.874918431585705741e-03 2.089431199747935786e+00 9.515626626705870450e+00 3.242357644602812949e-01 1.815834223343388176e+00
3.403882740779728792e-03 4.095792384561002843e-03 2.073313533617525906e+00 9.434337647473386212e+00 3.245068004015070895e-01 1.757472482483144693e+00
