9.999999999999999547e-07 1.391408219528054058e-04 9.790707491795870576e-02 1.017323630203995179e+02 1.421101763690386238e-03 4.767660936251152802e+10
1.085946537301749761e-06 1.454535893311475266e-04 9.954705002420696780e-02 7.901493156990710531e+01 1.860327737227693333e-03 1.018761449436684608e+10
1.179279881877658112e-06 1.522459284284298834e-04 1.015936900880638621e-01 6.432303295136664190e+01 2.332225051919367079e-03 3.024752111756193638e+09
1.280634904234659309e-06 1.570144033457337095e-04 1.040047663302545305e-01 5.404172505500950052e+01 2.841804999978480087e-03 1.156829308463590622e+09
1.390701039801383102e-06 1.618432560483538539e-04 1.068404743980248817e-01 4.622972054552685250e+01 3.412595192158270670e-03 5.221094150829114318e+08
1.510226978594255010e-06 1.667327169358645729e-04 1.101286690951225333e-01 4.019872908240576947e+01 4.045370499938835511e-03 2.762844496851501465e+08
1.640025757944111515e-06 1.716837040715445584e-04 1.138639499493577373e-01 3.547110905431355121e+01 4.740036795249285249e-03 1.658831478921412826e+08
1.780980292925085396e-06 1.766976662815575880e-04 1.180565449913544701e-01 3.171165537422973557e+01 5.497198141814564447e-03 1.084804037425730973e+08
1.934049382104652422e-06 1.817755873202694179e-04 1.227528481167501351e-01 2.861915194661941797e+01 6.333518625082905362e-03 7.539467443572285771e+07
2.100274229467131511e-06 1.869180469531329253e-04 1.279399565804366645e-01 2.605239205566897454e+01 7.251516322877798668e-03 5.435322459080369025e+07
2.280785526873932226e-06 1.921272906446672406e-04 1.336736708571759913e-01 2.399995008188132317e+01 8.224429291070823808e-03 4.015250715850895643e+07
2.476811145236688355e-06 1.974048775875579173e-04 1.399708625508690185e-01 2.222705847304139226e+01 9.298778052872843855e-03 3.002645041167307273e+07
2.689684486720162766e-06 2.027517007955642223e-04 1.468660021209542699e-01 2.075667349965523556e+01 1.044801419667325780e-02 2.264995963328506425e+07
2.920853554787988961e-06 2.081701792703388428e-04 1.543888234026049855e-01 1.950415167494174540e+01 1.168850661318209146e-02 1.716211230410309881e+07
3.171890803787522805e-06 2.136625495111374006e-04 1.625636372071807834e-01 1.843908783622599046e+01 1.301829802565481094e-02 1.303911677687735856e+07
3.444503835072316974e-06 2.192305481563257231e-04 1.714460727845410204e-01 1.752030991558766004e+01 1.444960557049412321e-02 9.917711357543397695e+06
3.740547012419379863e-06 2.248762900504417469e-04 1.810607631841318066e-01 1.674653414605367630e+01 1.596502644803936971e-02 7.547559159331329167e+06
4.062034075751230421e-06 2.306029161528267779e-04 1.914670709125496917e-01 1.606410667285894434e+01 1.759980066746501606e-02 5.743764411899962462e+06
4.411151838963753452e-06 2.364130829015483526e-04 2.026728476136828161e-01 1.547522308931382895e+01 1.933877168202292191e-02 4.370547104190705344e+06
4.790275065034933521e-06 2.423086073027515156e-04 2.147789913327915190e-01 1.496609663760290587e+01 2.119109938581881236e-02 3.323764568929831963e+06
5.201982619597589443e-06 2.482936230620308047e-04 2.277916807444714253e-01 1.452758147309013026e+01 2.315339997850491410e-02 2.526863299698797520e+06
5.649075012855887230e-06 2.543714044373750096e-04 2.417694608750537710e-01 1.414080042846909890e+01 2.524629682854839796e-02 1.920067831485755974e+06
6.134593449168675547e-06 2.605446867355005829e-04 2.567683201067447185e-01 1.395634465746261021e+01 2.716689403637324862e-02 1.458383687544645276e+06
6.661840513878720665e-06 2.668175151574809947e-04 2.728474225365201122e-01 1.352539205413657974e+01 2.978792336994543627e-02 1.107277141366250580e+06
7.234402638103105267e-06 2.731942404225129939e-04 2.900521524057665390e-01 1.327486049251631606e+01 3.226386278019029163e-02 8.404543311668373644e+05
7.856174494294694059e-06 2.796787384962557939e-04 3.084545338372355894e-01 1.306023117944352130e+01 3.487470387850803710e-02 6.377506983335270779e+05
8.531385488517648140e-06 2.862749290135143819e-04 3.280963154594826459e-01 1.287401801918068145e+01 3.763201521391302401e-02 4.838722239379402017e+05
9.264628529642116866e-06 2.929884203260382921e-04 3.490430927585135845e-01 1.271671302623522415e+01 4.052979549150009103e-02 3.671006235941583291e+05
1.006089127115185934e-05 2.998242676034428445e-04 3.713474674701726652e-01 1.257866307687604390e+01 4.359294573710668225e-02 2.785224674390588189e+05
1.092559003807673835e-05 3.067867226778706979e-04 3.950744609379776007e-01 1.246678276894413351e+01 4.679449870540727113e-02 2.113507318098071264e+05
1.186460666982792497e-05 3.138824709047536416e-04 4.202699426005381267e-01 1.237190903860677338e+01 5.016049890623291291e-02 1.604214078274985950e+05
1.288432852954688013e-05 3.211177153179168740e-04 4.469976068921513446e-01 1.229405612820035110e+01 5.368837280731323519e-02 1.218092496205377392e+05
1.399169195211955006e-05 3.284982481072007301e-04 4.753039782545441239e-01 1.223072674032965601e+01 5.738381544914422649e-02 9.253689770923588367e+04
1.519422942639698397e-05 3.360309909969891881e-04 5.052343084831347753e-01 1.218088703574341380e+01 6.124690587791110225e-02 7.034218885465084168e+04
1.650012083256415695e-05 3.437238834230545875e-04 5.368357296146121227e-01 1.214252013552957266e+01 6.528340767472930184e-02 5.351020396604329289e+04
1.791824908318347166e-05 3.515845392499719331e-04 5.701423946900845419e-01 1.211602590168491211e+01 6.948537048369657354e-02 4.074109706722317060e+04
1.945826054639330401e-05 3.596203207348260163e-04 6.051884144341685978e-01 1.209971508274559149e+01 7.385598532808246297e-02 3.104967444540220458e+04
2.113063066227105925e-05 3.678412359756349647e-04 6.419924011997569790e-01 1.209029114056649057e+01 7.840853936611585917e-02 2.369015224207716165e+04
2.294673519869543441e-05 3.762567639218385987e-04 6.805761053816166140e-01 1.209055133464658027e+01 8.311909900418472386e-02 1.809761044020300687e+04
2.491892763140343453e-05 3.848759410239250330e-04 7.209413294457461818e-01 1.209648141892947670e+01 8.800575952574701821e-02 1.384439867544013032e+04
2.706062317459545161e-05 3.937103180139532479e-04 7.630844661091865655e-01 1.210742278236417846e+01 9.306601965421637535e-02 1.060684010691710318e+04
2.938639003367941543e-05 4.027717850640981584e-04 8.069890012697085169e-01 1.212217528455484583e+01 9.830085406131949810e-02 8.139848130799481623e+03
3.191204850087274014e-05 4.120721495135606384e-04 8.526277834253253030e-01 1.214194863876813280e+01 1.036910623255168640e-01 6.257847516815103518e+03
3.465477856772817525e-05 4.216243435899720126e-04 8.999570638931061461e-01 1.216620882455763564e+01 1.092286984298927455e-01 4.820267684686086795e+03
3.763323678658330519e-05 4.314434669509375478e-04 9.489202682823775215e-01 1.219180881289953433e+01 1.149295786149504006e-01 3.720630948637115580e+03
4.086768317584696234e-05 4.415447541939204095e-04 9.994456440718059165e-01 1.221955680121478238e+01 1.207741417758642077e-01 2.878203852209888282e+03
4.438011903235589709e-05 4.519431038466559985e-04 1.051444707353270225e+00 1.224936735362546436e+01 1.267485544957220878e-01 2.231757667785559988e+03
4.819443658822636606e-05 4.626576101840879887e-04 1.104823860755357989e+00 1.228025975944699333e+01 1.328482160138498847e-01 1.734824054394557379e+03
5.233658153019316944e-05 4.737072253366878634e-04 1.159459282167702110e+00 1.231105020784699988e+01 1.390690968538003947e-01 1.352091459034027139e+03
5.683472948692386842e-05 4.851113159766495060e-04 1.215219098295470257e+00 1.234186579919688498e+01 1.453931686534315482e-01 1.056723825467790221e+03
6.171947768480650156e-05 4.968922953843398979e-04 1.271956633165918005e+00 1.237136889088713865e+01 1.518185301980750079e-01 8.282867762478020950e+02
6.702405307588823536e-05 5.090744532985639259e-04 1.329513755744534897e+00 1.240042033821300294e+01 1.583166761827294045e-01 6.512144882411940898e+02
7.278453835368950821e-05 5.216829494279339331e-04 1.387712907738208878e+00 1.242742722895189189e+01 1.648878420166599301e-01 5.136310169613568632e+02
7.904011739429536384e-05 5.347446376455422447e-04 1.446370215380894386e+00 1.245267773586686388e+01 1.715090162454922240e-01 4.064608984996640402e+02
8.583334179225884594e-05 5.482906699872724726e-04 1.505289395304632238e+00 1.247561632820087318e+01 1.781673936821056292e-01 3.227641753501875428e+02
9.321042030434086164e-05 5.623534517265434607e-04 1.564266638593138303e+00 1.249548798307553277e+01 1.848535506892076130e-01 2.572204009510424498e+02
1.012215331699396612e-04 5.769665052955362528e-04 1.623091258961384176e+00 1.251315386770937366e+01 1.915342251256067219e-01 2.057469999762157897e+02
1.099211734462700622e-04 5.921692620425671443e-04 1.681548899703340316e+00 1.252664552290072564e+01 1.982188481936373314e-01 1.652045204152234987e+02
1.193685176801218868e-04 6.080032601415392502e-04 1.739423235105807430e+00 1.253739482232580649e+01 2.048652034769620767e-01 1.331744506407949871e+02
1.296278284375709279e-04 6.245124672596417048e-04 1.796496289621810627e+00 1.254396060987269479e+01 2.114763850492474562e-01 1.077902401617764099e+02
1.407688914297252746e-04 6.417457570834318508e-04 1.852554301735394038e+00 1.254663725398813234e+01 2.180287876487339849e-01 8.760810779624951294e+01
1.528674902079161146e-04 6.597572105437851707e-04 1.907390951740733254e+00 1.254524932500907042e+01 2.245073978419951932e-01 7.150856528285423508e+01
1.660059216572954798e-04 6.786045137638560803e-04 1.960801691034392613e+00 1.253977811538795351e+01 2.308947487573964896e-01 5.862233327037065322e+01
1.802735557953253720e-04 6.983494404793841055e-04 2.012596678585542254e+00 1.252998396490895239e+01 2.371791298713576690e-01 4.827229789869053178e+01
1.957674436830071749e-04 7.190626238933468372e-04 2.062594822636634184e+00 1.251591145259018667e+01 2.433445792714060973e-01 3.992995653577868609e+01
2.125929775839767140e-04 7.408194342116994563e-04 2.110627164382585796e+00 1.249725160063627527e+01 2.493832296734811993e-01 3.318175602851685824e+01
2.308646078619877725e-04 7.637007522610846652e-04 2.156543319116805968e+00 1.247435542637169981e+01 2.552761888025550929e-01 2.770322669267320848e+01
2.507066214932516732e-04 7.877978016114839171e-04 2.200204316850089992e+00 1.244702534040858666e+01 2.610163268427065919e-01 2.323911486570398921e+01
2.722539874892171028e-04 8.132098689072909123e-04 2.241490806144587733e+00 1.241521228823502732e+01 2.665956427017925345e-01 1.958811399488631722e+01
2.956532749805089000e-04 8.400444963817725683e-04 2.280300756286637309e+00 1.237940562885940210e+01 2.719960348034142217e-01 1.659098535221093229e+01
3.210636502070053286e-04 8.684200794425872300e-04 2.316549800811475102e+00 1.233958326121630122e+01 2.772115896832159643e-01 1.412141902943629823e+01
3.486579591957572654e-04 8.984684383151215342e-04 2.350170127591834746e+00 1.229520816653849025e+01 2.822498051241759676e-01 1.207893557203798274e+01
3.786239034913269704e-04 9.303330728945492139e-04 2.381114304900588952e+00 1.224732432504452007e+01 2.870841796436660043e-01 1.038337299591791840e+01
4.111653169360779793e-04 9.641698694202512510e-04 2.409351126973415802e+00 1.219546397240672242e+01 2.917238953648749744e-01 8.970581302723987349e+00
4.465035521853099047e-04 1.000154727445401719e-03 2.434866973543915236e+00 1.214022908371749132e+01 2.961546746381892858e-01 7.789078628080644329e+00
4.848789863885683742e-04 1.038479244860585288e-03 2.457662470115760556e+00 1.208144941092407088e+01 3.003816737886761401e-01 6.797426787489325939e+00
5.265526562790475004e-04 1.079353495993592461e-03 2.477756177859266717e+00 1.201955949824593795e+01 3.043969181076162100e-01 5.962140147946063173e+00
5.718080337932695449e-04 1.123011328807639684e-03 2.495179038121536408e+00 1.195463044317780898e+01 3.082022416246603669e-01 5.256118589204294089e+00
6.209529542991222822e-04 1.169711190525686735e-03 2.509974981438502173e+00 1.188688431072802665e+01 3.117967555001606161e-01 4.657336687357283012e+00
6.743217105484228041e-04 1.219737569477924053e-03 2.522201787976853904e+00 1.181647550781696943e+01 3.151825066266558673e-01 4.147843203473802198e+00
7.322773265974517019e-04 1.273405024109230694e-03 2.531924187870863374e+00 1.174368017219132909e+01 3.183586963003184334e-01 3.712961334446103656e+00
7.952140271630843155e-04 1.331064154852649225e-03 2.539219205670317336e+00 1.166885255797865817e+01 3.213233432218721708e-01 3.340666582002294049e+00
8.635599192115309651e-04 1.393102034854588412e-03 2.544171837677651649e+00 1.159199424269086087e+01 3.240846930547366944e-01 3.021057914917590015e+00
9.377799040203398367e-04 1.459946928930309137e-03 2.546873769122011577e+00 1.151349733621263915e+01 3.266407700370205780e-01 2.745975215495108479e+00
1.018378839522054210e-03 1.532076795113256540e-03 2.547420844818585106e+00 1.143357121281165867e+01 3.289947988594113526e-01 2.508669067327375490e+00
1.105904974440347858e-03 1.610021474139829937e-03 2.545916077764222241e+00 1.135231871932566072e+01 3.311538001712295842e-01 2.303539490798635736e+00
1.200953677578274568e-03 1.694369669922323601e-03 2.542465317668177516e+00 1.127010751972052383e+01 3.331173193558016887e-01 2.125929067510440973e+00
1.304171487625927937e-03 1.785777287721807861e-03 2.537178351626786732e+00 1.118714547614366950e+01 3.348898203974099985e-01 1.971953047409117588e+00
1.416260511035046877e-03 1.884974834544750344e-03 2.530166581685138194e+00 1.110359126707012756e+01 3.364773877371519117e-01 1.838365943790256640e+00
1.537983197875715524e-03 1.992776214770654742e-03 2.521542926716131561e+00 1.101988624195102062e+01 3.378776692650741209e-01 1.722449878965658598e+00
1.670167528161403464e-03 2.110090348215919002e-03 2.511421413503930555e+00 1.093594546774220611e+01 3.391044523646313258e-01 1.621922008749655308e+00
1.813712643920696805e-03 2.237930856914075676e-03 2.499917235035210350e+00 1.085225482185862766e+01 3.401542353442627009e-01 1.534865934520548869e+00
1.969594965326079781e-03 2.377430556298977624e-03 2.487143839470985718e+00 1.076894481073541954e+01 3.410342414439615499e-01 1.459667811387335368e+00
2.138874832482814264e-03 2.529858770235894443e-03 2.473216272364052504e+00 1.068621193258770141e+01 3.417500189107891551e-01 1.394967079985064862e+00
2.322703718056569680e-03 2.696633315935989973e-03 2.458247627006242553e+00 1.060429405182746088e+01 3.423056768734526467e-01 1.339620121923051244e+00
2.522332059801428959e-03 2.879342228925168765e-03 2.442349442965627393e+00 1.052346371859377427e+01 3.427041222006179666e-01 1.292662934194518609e+00
2.739117766266551627e-03 3.079769091265815648e-03 2.425633714018994969e+00 1.044387782448672120e+01 3.429522627611278351e-01 1.253284073931755893e+00
2.974535453538862222e-03 3.299916031532486218e-03 2.408210240314661466e+00 1.036573169646180226e+01 3.430557241987790551e-01 1.220803564863059965e+00
3.230186475851813590e-03 3.542024702714164589e-03 2.390186345012105473e+00 1.028931194852754594e+01 3.430170137836215383e-01 1.194651332213547468e+00
3.507809818290215289e-03 3.808618596689248084e-03 2.371669443479368145e+00 1.021467283274618865e+01 3.428466672356192402e-01 1.174353479644295373e+00
