9.999999999999999547e-07 1.354522058279437901e-04 9.813648523308710070e-02 9.788270351749137888e+01 1.480453525759518234e-03 3.772138420271839142e+10
1.087095272056601006e-06 1.400721476507197857e-04 1.001779767495679374e-01 7.460188527726290886e+01 1.982862906472804970e-03 7.176499762443069458e+09
1.181776130527817863e-06 1.450944645634362669e-04 1.028263678697293876e-01 5.971089464916731515e+01 2.542852400081626208e-03 1.974268056930395365e+09
1.284703244126135353e-06 1.505542015340201399e-04 1.059446450636039178e-01 4.949401543911837109e+01 3.160796646515220704e-03 7.269825592378598452e+08
1.396594822685299162e-06 1.558714192049256270e-04 1.094777818484175130e-01 4.229001244622855893e+01 3.822596092869701666e-03 3.430037230796619058e+08
1.518231628719919017e-06 1.611458612292713188e-04 1.134472393358901682e-01 3.696780640128593376e+01 4.531484365940619506e-03 1.927977788356353641e+08
1.650462425468216817e-06 1.664902302307372120e-04 1.178331755568078620e-01 3.279862578859859212e+01 5.304960677729377884e-03 1.217232047962276787e+08
1.794209899433568771e-06 1.719033971414009527e-04 1.226444261529244933e-01 2.943805234804949222e+01 6.151895891679105659e-03 8.310658396605598927e+07
1.950477098751386345e-06 1.773854861537489951e-04 1.279269069154198857e-01 2.684036694928948563e+01 7.037909620840309896e-03 5.950823385725553334e+07
2.120354432307308147e-06 1.829347373057331439e-04 1.336709595273133655e-01 2.462500697622420986e+01 8.015505904652636682e-03 4.381756689647389948e+07
2.305027278445532991e-06 1.885523600720966032e-04 1.399298858148255720e-01 2.283253035014647381e+01 9.049543483135536956e-03 3.282061356837726012e+07
2.505784256359638611e-06 1.942371952341758758e-04 1.466974146151943381e-01 2.132476566271549601e+01 1.015800512372339037e-02 2.484068880977914855e+07
2.724026217882428981e-06 1.999902585812875818e-04 1.540382255106506892e-01 2.002681032322501764e+01 1.135761015020685105e-02 1.890797805603804067e+07
2.961276022418213174e-06 2.058118346644719767e-04 1.619678677490793417e-01 1.893063151025380009e+01 1.263380001512469028e-02 1.443996660871841386e+07
3.219189163225423628e-06 2.117023889586993690e-04 1.705320908693274962e-01 1.800007331947266209e+01 1.398949630271623633e-02 1.104658577746575326e+07
3.499565319198203595e-06 2.176638718219776132e-04 1.797839698836714295e-01 1.718998833795809489e+01 1.544349596694270452e-02 8.455331906025048345e+06
3.804360912753617105e-06 2.236962002062412415e-04 1.897366684317784435e-01 1.648479678764152467e+01 1.699565504403601976e-02 6.473017770915695466e+06
4.135702761451401028e-06 2.298026347887261746e-04 2.004532883289381895e-01 1.588267389162899867e+01 1.863630464285278773e-02 4.953109673786954023e+06
4.495902918605246772e-06 2.359839313007112927e-04 2.119803281926787297e-01 1.534151247888754810e+01 2.040316856404170501e-02 3.787617039829588495e+06
4.887474806441237766e-06 2.422432517621142534e-04 2.243727087299572653e-01 1.487860190036000319e+01 2.226784257181342944e-02 2.894074693237471860e+06
5.313150754378031747e-06 2.485830884332931607e-04 2.376728004099716851e-01 1.447533517080570320e+01 2.424493867384869619e-02 2.209498926513378508e+06
5.775901064808321517e-06 2.550061806871132793e-04 2.519412125981465023e-01 1.411677033647348800e+01 2.635324508764622792e-02 1.685313928392879898e+06
6.278954739419813853e-06 2.615169918079467463e-04 2.672431410099588289e-01 1.380675318029121001e+01 2.858151473781025964e-02 1.284354927630422171e+06
6.825822010680681550e-06 2.681178842512536614e-04 2.836117675249754111e-01 1.353546975407283171e+01 3.094005980181326054e-02 9.780238389852631371e+05
7.420318835710850965e-06 2.748149253641313651e-04 3.011409479304466008e-01 1.329960683109128183e+01 3.343499370896538259e-02 7.441613075428878656e+05
8.066593523453809223e-06 2.816116536096718360e-04 3.198698040826647992e-01 1.309455309801962564e+01 3.607055281378723083e-02 5.658732851177150151e+05
8.769155680949052131e-06 2.885142692141229141e-04 3.398685465864789701e-01 1.291845011184924452e+01 3.884819069839088451e-02 4.300562537861085148e+05
9.532907680687998002e-06 2.955284667602588416e-04 3.611915070921375981e-01 1.276345405596739724e+01 4.178684147724156389e-02 3.266958089616851066e+05
1.036317886862800224e-05 3.026603412928542268e-04 3.839040975763139962e-01 1.263183898331515387e+01 4.487726707139724075e-02 2.481029149656535010e+05
1.126576275156237723e-05 3.099180444373739293e-04 4.080745941121614595e-01 1.252186890593023172e+01 4.812166435500496442e-02 1.883805229522867885e+05
1.224695742333482624e-05 3.173077069358551947e-04 4.337460300234053934e-01 1.242812160859417325e+01 5.153475950657219334e-02 1.430322123509360244e+05
1.331360951198578222e-05 3.248396310356197522e-04 4.609918293868133232e-01 1.235032950214820069e+01 5.511691718483646002e-02 1.086111102246910741e+05
1.447316195448756448e-05 3.325217558201718133e-04 4.898435732210886240e-01 1.228775635716516845e+01 5.886471666281756221e-02 8.249580817191922688e+04
1.573370593243290810e-05 3.403650934936161402e-04 5.203560195975367453e-01 1.223746095136135104e+01 6.278841194627178546e-02 6.268667459406756825e+04
1.710403733107674463e-05 3.483805323052046568e-04 5.525798977189186889e-01 1.219828728334471535e+01 6.689081068899392635e-02 4.766192162907622696e+04
1.859371811569313397e-05 3.565797415247257802e-04 5.865417406001213196e-01 1.217102509178302405e+01 7.116099319479443630e-02 3.626535487187675608e+04
2.021314305352317738e-05 3.649770364566577870e-04 6.222687611824125886e-01 1.215169653563856755e+01 7.561558544490835920e-02 2.761942966473462002e+04
2.197361224688877446e-05 3.735850990220245297e-04 6.597729180943460170e-01 1.214080510933938051e+01 8.024486159857316392e-02 2.105780564897090153e+04
2.388740998359786263e-05 3.824215685341146196e-04 6.990593109533871363e-01 1.213834680146326939e+01 8.504028718619247029e-02 1.607550332441373030e+04
2.596789045484688589e-05 3.915022835493867765e-04 7.401273239940839854e-01 1.214151080598180243e+01 9.001273175176724428e-02 1.228986673422157764e+04
2.822957093874784806e-05 4.008469837556824966e-04 7.829507845075045491e-01 1.215017377024346956e+01 9.515293954738603122e-02 9.411092517182411029e+03
3.068823309969921241e-05 4.104761648984640290e-04 8.274984716335727075e-01 1.216254767173567153e+01 1.004645584516590390e-01 7.219808018648751386e+03
3.336103311045390086e-05 4.204120394918519537e-04 8.737132720723090884e-01 1.218005126653812731e+01 1.059229461183148480e-01 5.549879211054148072e+03
3.626662136529816457e-05 4.306806805184749758e-04 9.215368411462556697e-01 1.219926056640044187e+01 1.115448257898592060e-01 4.275615612604906346e+03
3.942527261968262301e-05 4.413076595963916064e-04 9.708728698516515543e-01 1.222148919412042467e+01 1.173028252359371998e-01 3.301819165794601304e+03
4.285902746439954677e-05 4.523250837343804356e-04 1.021626238729402392e+00 1.224585675383292305e+01 1.231893315283334317e-01 2.556420935876272324e+03
4.659184612149285876e-05 4.637648036663875894e-04 1.073665598970081625e+00 1.226981731917905627e+01 1.292115024833419279e-01 1.984811206381194097e+03
5.064977563506357130e-05 4.756644500730548798e-04 1.126858069444327759e+00 1.229527175595028865e+01 1.353322560912319228e-01 1.545610776993410127e+03
5.506113162360523768e-05 4.880645513016796224e-04 1.181039091264580287e+00 1.232009765772660437e+01 1.415534169541363130e-01 1.207425745507144029e+03
5.985669586210745575e-05 5.010097314071713329e-04 1.236030823569652437e+00 1.234437296864266465e+01 1.478531226647037677e-01 9.464210938144600505e+02
6.506993107262706128e-05 5.145512909411842578e-04 1.291641010666205291e+00 1.236682515886764833e+01 1.542246665725793553e-01 7.444902908871686122e+02
7.073721442210180249e-05 5.287431838364569378e-04 1.347659973908014841e+00 1.238776301210262432e+01 1.606414725386921816e-01 5.878515234076613751e+02
7.689809135672103792e-05 5.436495337687739706e-04 1.403862200195911569e+00 1.240599471560490130e+01 1.670948726876737289e-01 4.660106210155194049e+02
8.359555154406801431e-05 5.593384901362733006e-04 1.460010649369971825e+00 1.242161525100465980e+01 1.735594180960490229e-01 3.709596577761484468e+02
9.087632884852023469e-05 5.758887271128288084e-04 1.515857704186440502e+00 1.243387170125852847e+01 1.800206347069233936e-01 2.965810824391874689e+02
9.879122743308725227e-05 5.933875138155501276e-04 1.571152383484691439e+00 1.244275797888512969e+01 1.864540794473457941e-01 2.381931673034044934e+02
1.073954762631777510e-04 6.119327441008381649e-04 1.625631363642640048e+00 1.244705947215697250e+01 1.928526185264670678e-01 1.922048887489587798e+02
1.167491144859674623e-04 6.316363810505360495e-04 1.679038375907910607e+00 1.244739498965331848e+01 1.991830537222177844e-01 1.558581350317051317e+02
1.269174103744901859e-04 6.526223070702110015e-04 1.731112090683661453e+00 1.244354361170416645e+01 2.054240799059662559e-01 1.270295018005987089e+02
1.379713167597758231e-04 6.750342337592482068e-04 1.781594741383924596e+00 1.243413706567388388e+01 2.115745894145539263e-01 1.040796149904781203e+02
1.499879661289760008e-04 6.990327066948313819e-04 1.830238958040038444e+00 1.241991181427713187e+01 2.176003142545943903e-01 8.574154389508079532e+01
1.630512088441955938e-04 7.248024169393480409e-04 1.876804476305558911e+00 1.240049366717675206e+01 2.234859836592435478e-01 7.103245690892846653e+01
1.772521982376386556e-04 7.525536898194906893e-04 1.921064682041704774e+00 1.237585133616350319e+01 2.292118883000016927e-01 5.918840408084710702e+01
1.926900266657763849e-04 7.825275541710769583e-04 1.962806947390861589e+00 1.234568823929428127e+01 2.347645488075423281e-01 4.961410331442263555e+01
2.094724169608260986e-04 8.150015722543960898e-04 2.001836280412198299e+00 1.231045100445817297e+01 2.401180606149384278e-01 4.184425534507803945e+01
2.277164741043832341e-04 8.502954294665230435e-04 2.037976996197984114e+00 1.226948093747722979e+01 2.452693738624341369e-01 3.551415550711999458e+01
2.475495023682744325e-04 8.887790205861048924e-04 2.071074168912238278e+00 1.222320300720619635e+01 2.501962881611843881e-01 3.033718740792595270e+01
2.691098936245158173e-04 9.308823062283608750e-04 2.100994056248180364e+00 1.217161539576828311e+01 2.548865024437824700e-01 2.608737132353065036e+01
2.925480930228662704e-04 9.771053406422930496e-04 2.127626665710502962e+00 1.211483156123951588e+01 2.593273245294299700e-01 2.258604582670493599e+01
3.180276487743326197e-04 1.028033176117861642e-03 2.150888391382205889e+00 1.205300446860429453e+01 2.635073861685107710e-01 1.969156977070681336e+01
3.457263533658546740e-04 1.084353737950957642e-03 2.170718166791633763e+00 1.198647691044881292e+01 2.674127577500890474e-01 1.729120669897574913e+01
3.758374841693907370e-04 1.146873398649222433e-03 2.187080644596996581e+00 1.191535353018312371e+01 2.710366992422194032e-01 1.529512673777732168e+01
4.085711521021923205e-04 1.216555779627609022e-03 2.199968827453616882e+00 1.183983310498691566e+01 2.743728797628690597e-01 1.363145878248557352e+01
4.441557677490121569e-04 1.294532389980829028e-03 2.209400742357801040e+00 1.176062846205447165e+01 2.774049462898894314e-01 1.224259795234731740e+01
4.828396351766213587e-04 1.382168803174159150e-03 2.215422476644678174e+00 1.167773295985922566e+01 2.801355675675704093e-01 1.108224968548316092e+01
5.248926845620392181e-04 1.481092137186610204e-03 2.218106541215503658e+00 1.159191484118066739e+01 2.825513948729801439e-01 1.011319199097519750e+01
5.706083557244902380e-04 1.593269327902427238e-03 2.217555227650887861e+00 1.150343707193123777e+01 2.846538476911456561e-01 9.305439420734961331e+00
6.203056457040851757e-04 1.721092715417108822e-03 2.213901189593494134e+00 1.141326516417422710e+01 2.864300384686493950e-01 8.634853036842054408e+00
6.743313346749280892e-04 1.867453981651322334e-03 2.207306191883307900e+00 1.132157107035301102e+01 2.878896948908102327e-01 8.081976300143429270e+00
7.330624057247326015e-04 2.035955346632392377e-03 2.197965631060507352e+00 1.122934165983495980e+01 2.890259494498034210e-01 7.631221970187396231e+00
7.969086753857955018e-04 2.230967872668823421e-03 2.186108510970631968e+00 1.113738860614232884e+01 2.898401706544515011e-01 7.270132129005051347e+00
8.663156532727868744e-04 2.458006686630493341e-03 2.172000971837210859e+00 1.104640975574650774e+01 2.903414900702583346e-01 6.988751445991160161e+00
9.417676507814732364e-04 2.723920385301328503e-03 2.155946712871098292e+00 1.095743875695124636e+01 2.905354999368674473e-01 6.779202411942860884e+00
1.023791160540392852e-03 3.037380227605544335e-03 2.138290044194705253e+00 1.087159858310207383e+01 2.904313145554918152e-01 6.635233928031123440e+00
1.112958530196801656e-03 3.409470865668425780e-03 2.119413521655613586e+00 1.078998740819868907e+01 2.900447427008652768e-01 6.551825870375771466e+00
1.209891956172008155e-03 3.854292161314094075e-03 2.099744280727681822e+00 1.071356433171110112e+01 2.894027544396494678e-01 6.524669880935856980e+00
1.315267825253903797e-03 4.390454861165966893e-03 2.079744325205322042e+00 1.064333033563628739e+01 2.885377504097439982e-01 6.549909847109817385e+00
1.429821434321686645e-03 5.041918440809746611e-03 2.059907520010281434e+00 1.058047723785927552e+01 2.874833525787635624e-01 6.623451982409349625e+00
1.554352121136294953e-03 5.840951289703296551e-03 2.040750896218261001e+00 1.052617209380849594e+01 2.862791801791252921e-01 6.740483982167052801e+00
1.689728841998417320e-03 6.830541114308715141e-03 2.022793061562136341e+00 1.048061827429588888e+01 2.849933897567465402e-01 6.894821711933008856e+00
1.836896235194154922e-03 8.069366463656789737e-03 2.006529061763686617e+00 1.044495238606607224e+01 2.836672671662550105e-01 7.078449417560666035e+00
1.996881212538137960e-03 9.638859054585223116e-03 1.992403163816312439e+00 1.041887382437700360e+01 2.823752829436917411e-01 7.281035930900075392e+00
2.170800125008864878e-03 1.165223970852203618e-02 1.980757052862171852e+00 1.040217336657960168e+01 2.811754238020384711e-01 7.490218635489628518e+00
2.359866552477015485e-03 1.427394928493143020e-02 1.971795227083431357e+00 1.039396595159320924e+01 2.801242818986885430e-01 7.692222987153871649e+00
2.565399771882276737e-03 1.773958247746157402e-02 1.965540309927749751e+00 1.039249438188113395e+01 2.792752128786836208e-01 7.873345576698384640e+00
2.788833962948308876e-03 2.240422803616734862e-02 1.961809631249845864e+00 1.039659767993917150e+01 2.786351224110737435e-01 8.022125157272080642e+00
3.031728215671980736e-03 2.880496510428135967e-02 1.960219985760466299e+00 1.040364635446618458e+01 2.782207178349141441e-01 8.131445645390156685e+00
3.295777409417608925e-03 3.778195887768462380e-02 1.960226611224666460e+00 1.041184408314176224e+01 2.780026013694619769e-01 8.200109071205897493e+00
3.582824039528839048e-03 5.069040912238590574e-02 1.961201779773547038e+00 1.041974673174249411e+01 2.779299509903471743e-01 8.232874598067315475e+00
3.894871073982537815e-03 6.975647876349004572e-02 1.962551031149918801e+00 1.042559053277811287e+01 2.779652651588732648e-01 8.239115417865827240e+00
