9.999999999999999547e-07 1.345419897351736037e-04 9.820829462653588027e-02 9.738630595217948382e+01 1.489088508548249475e-03 3.663572145617993164e+10
1.087364876998266256e-06 1.387363269026236040e-04 1.003397728423839896e-01 7.366220086514030641e+01 2.011400983062816041e-03 6.652510913326276779e+09
1.182362375729454921e-06 1.432971018207970944e-04 1.031579393730642502e-01 5.855831304361650069e+01 2.601263435435206047e-03 1.771993131926422119e+09
1.285659319252436733e-06 1.482563282787136320e-04 1.065133447259572069e-01 4.841925323103723144e+01 3.248300287612922166e-03 6.488905409446049929e+08
1.397980787540600645e-06 1.535294516446638474e-04 1.103229769819911443e-01 4.129408720251039000e+01 3.945012075493289049e-03 3.063514719050318599e+08
1.520115207090024634e-06 1.589081367524762360e-04 1.145707979446517477e-01 3.601537298299406586e+01 4.697386075387432851e-03 1.735855444187195301e+08
1.652919885180638789e-06 1.644270235921909751e-04 1.192183433804340359e-01 3.198620829334148041e+01 5.503646821787880859e-03 1.110499623642407656e+08
1.797327027637433827e-06 1.700837448924634844e-04 1.242677362265776214e-01 2.881868526952902343e+01 6.367287470612145728e-03 7.654655683379925787e+07
1.954350282332637611e-06 1.758751883629333028e-04 1.297596101915042266e-01 2.630067880237179168e+01 7.285222324740694456e-03 5.521817326757011563e+07
2.125091854360151297e-06 1.817981063665668909e-04 1.356666006516209777e-01 2.422658265612842854e+01 8.268962460006060514e-03 4.095394892890127003e+07
2.310750242826343843e-06 1.878495981960916434e-04 1.420222637953797440e-01 2.250050914301163374e+01 9.320395048163355664e-03 3.087587731481009349e+07
2.512628653564581292e-06 1.940255923155687035e-04 1.488514916553445033e-01 2.106163301342608918e+01 1.043593546927880367e-02 2.351710375396322459e+07
2.732144146825570307e-06 2.003236322542531836e-04 1.561587769576561202e-01 1.985410994477926394e+01 1.161411739208224533e-02 1.803000934256413206e+07
2.970837584154519949e-06 2.067388962877511420e-04 1.639785759798308706e-01 1.882875626947782877e+01 1.285984434446023859e-02 1.387932292548224702e+07
3.230384444276006029e-06 2.132694884218454289e-04 1.723510247547930807e-01 1.793426092163742780e+01 1.419059551010839852e-02 1.070827198207667097e+07
3.512606583907292034e-06 2.199102935491504011e-04 1.813010432573042008e-01 1.716593656533129675e+01 1.559563401120939857e-02 8.272099713239016011e+06
3.819485026053652887e-06 2.266596143406886580e-04 1.908636635604617771e-01 1.649184163013875448e+01 1.708930241058299535e-02 6.394030214481371455e+06
4.153173865551550437e-06 2.335129544387765034e-04 2.010844817126819506e-01 1.590391714370029419e+01 1.867001585041121181e-02 4.942540509062721394e+06
4.516015389467875872e-06 2.404683207641921468e-04 2.119984987404519572e-01 1.538774886651398255e+01 2.034360574349765305e-02 3.819544640703203157e+06
4.910556518491014910e-06 2.475222702795201930e-04 2.236446620758264225e-01 1.493409410369717882e+01 2.211311316089692447e-02 2.950075510600490961e+06
5.339566684722017174e-06 2.546726034688524755e-04 2.360916484500860113e-01 1.453143496094964604e+01 2.399066890686138431e-02 2.276727006741255522e+06
5.806057271356797268e-06 2.619171593558974214e-04 2.493743525329510657e-01 1.417919670981056868e+01 2.596990691065975687e-02 1.755626360576744191e+06
6.313302750713773697e-06 2.692536239927003435e-04 2.635427022036000433e-01 1.386274375825687954e+01 2.807191459427732169e-02 1.352495171331960475e+06
6.864863668982698867e-06 2.766813324287227625e-04 2.786733239766433501e-01 1.358704419472637959e+01 3.028591121301903166e-02 1.040850078597984626e+06
7.464611639033224066e-06 2.841979513967345366e-04 2.947953662496014537e-01 1.334326479820255074e+01 3.262336709744100005e-02 8.002211526410043007e+05
8.116756516717205843e-06 2.918045111745783604e-04 3.119892923974350585e-01 1.312190941635087604e+01 3.510854963454480837e-02 6.145690101852401858e+05
8.825875951425063334e-06 2.994987592425264180e-04 3.303161169943918951e-01 1.293008310722394327e+01 3.772234505339607663e-02 4.715174394765926409e+05
9.596947518323270304e-06 3.072832915005771948e-04 3.498439564485167352e-01 1.276533234115462356e+01 4.046806928852046681e-02 3.614115342335741734e+05
1.043538365782040009e-05 3.151569939121935172e-04 3.706279886498524689e-01 1.261717072797019945e+01 4.337569715888389688e-02 2.767640319552471628e+05
1.134706966751559863e-05 3.231231372684661009e-04 3.927389480607407224e-01 1.248722105553883921e+01 4.644173196877582344e-02 2.117674917391354684e+05
1.233840501330885677e-05 3.311825460671367818e-04 4.162506579958386577e-01 1.237507500534473159e+01 4.966807499408031762e-02 1.619104154756480129e+05
1.341634824965137743e-05 3.393389694824405171e-04 4.412207617890546163e-01 1.228223815572691890e+01 5.304551387207726704e-02 1.237105029948663141e+05
1.458846586424807732e-05 3.475954730869772213e-04 4.677180757496255947e-01 1.219927963385926795e+01 5.661352580253697225e-02 9.447231753678740642e+04
1.586298539007151599e-05 3.559564225176530179e-04 4.958127297201043171e-01 1.213280859369388942e+01 6.034295330832839532e-02 7.211399021047352289e+04
1.724885315750041134e-05 3.644273372476844897e-04 5.255601650102823541e-01 1.207782633522126581e+01 6.425455122392506602e-02 5.503056168993531901e+04
1.875579709196659143e-05 3.730133732404425145e-04 5.570159606740683333e-01 1.203203610956623493e+01 6.835947961291215236e-02 4.198791187912705209e+04
2.039439499791069371e-05 3.817227432122573911e-04 5.902289238146309902e-01 1.199561633152319118e+01 7.265544318721232908e-02 3.203656218050869211e+04
2.217614880835722024e-05 3.905616162912440474e-04 6.252574765043630300e-01 1.197147071522332240e+01 7.712259267049863254e-02 2.444753231987895560e+04
2.411356532129459946e-05 3.995411240254928401e-04 6.621262934042057013e-01 1.195350838815054217e+01 8.179291358717913352e-02 1.866226149488694136e+04
2.622024398957910660e-05 4.086689076695677056e-04 7.008672152500643460e-01 1.194255272061875139e+01 8.665803023572603292e-02 1.425313452183866320e+04
2.851097238059327758e-05 4.179587935487650684e-04 7.415000519042206362e-01 1.193959388972668734e+01 9.170475727962006107e-02 1.089309173632046804e+04
3.100182997572471398e-05 4.274215279967317712e-04 7.840289321417281965e-01 1.194143699278166970e+01 9.694953553467769436e-02 8.332356160870980602e+03
3.371030103827513954e-05 4.370728664899302006e-04 8.284464513845258837e-01 1.194878980294855886e+01 1.023789699475899373e-01 6.380334695962806109e+03
3.665539734205850082e-05 4.469275603607911467e-04 8.747280134440799104e-01 1.196091009137896144e+01 1.079888818406224693e-01 4.891756379486552760e+03
3.985779162217001825e-05 4.570038489170149599e-04 9.228365758994520052e-01 1.197727380630647431e+01 1.137724358306380079e-01 3.755952968825998596e+03
4.333996268466343076e-05 4.673211378913511493e-04 9.727122073827418891e-01 1.199688883761646885e+01 1.197253089861056302e-01 2.888676609909288800e+03
4.712635319371850999e-05 4.779008866391861311e-04 1.024280243976143812e+00 1.201764774828618165e+01 1.258547354554084563e-01 2.225834105126552004e+03
5.124354124386457722e-05 4.887680009960245452e-04 1.077443678885145362e+00 1.204079009791111154e+01 1.321325532258750546e-01 1.718680765328320376e+03
5.572042692159039372e-05 4.999481409825095798e-04 1.132088372487218164e+00 1.206616431554793323e+01 1.385419607111919582e-01 1.330148422277614600e+03
6.058843516588602904e-05 5.114728249292933978e-04 1.188076899190460445e+00 1.209201457001039159e+01 1.450828655608419060e-01 1.032056297990123085e+03
6.588173635167110000e-05 5.233732263391164402e-04 1.245251834709001137e+00 1.211804699075479874e+01 1.517381528801036161e-01 8.029719566372934878e+02
7.163748614446705432e-05 5.356887301103223364e-04 1.303433734866887628e+00 1.214341963960693604e+01 1.584959571443261550e-01 6.265960749193177435e+02
7.789608630994341904e-05 5.484584581119468548e-04 1.362429059009054200e+00 1.216840793445156521e+01 1.653295076690240728e-01 4.905260046059703427e+02
8.470146830905796978e-05 5.617307651522590204e-04 1.422020863088027109e+00 1.219211212605350525e+01 1.722254210399668528e-01 3.853181071056099540e+02
9.210140166945117684e-05 5.755559648118698836e-04 1.481976612279974459e+00 1.221379031904816870e+01 1.791682801935238767e-01 3.037773336349243323e+02
1.001478292976708061e-04 5.899934651236520781e-04 1.542058152237389290e+00 1.223354449403141508e+01 1.861309872088186546e-01 2.404183493348812988e+02
1.088972320859051928e-04 6.051081683923907779e-04 1.601996869152379377e+00 1.225029831820296877e+01 1.931013158893584991e-01 1.910506313454192195e+02
1.184110253725419599e-04 6.209743354217697265e-04 1.661529267936147081e+00 1.226471141994665004e+01 2.000418659098387175e-01 1.524726553272842580e+02
1.287559900394526918e-04 6.376758096893561266e-04 1.720381047524029761e+00 1.227482301075637494e+01 2.069567738543733881e-01 1.222336338286302606e+02
1.400047412720394611e-04 6.553069938882217539e-04 1.778274177770871267e+00 1.228210687846224758e+01 2.137942816268651458e-01 9.845446315997106979e+01
1.522362382724451338e-04 6.739767146843909451e-04 1.834928896037281376e+00 1.228499549314026140e+01 2.205537637597960454e-01 7.969224476785522882e+01
1.655363385037960744e-04 6.938069697478903243e-04 1.890070510332492182e+00 1.228360552643643899e+01 2.272073518945459669e-01 6.483660547628463178e+01
1.799984003559236046e-04 7.149400635245293416e-04 1.943429172772059621e+00 1.227784671555699880e+01 2.337312305702573534e-01 5.303156098820333142e+01
1.957239384629035485e-04 7.375362330188086832e-04 1.994743227421093668e+00 1.226740602621495846e+01 2.401068191908534710e-01 4.361577537415757178e+01
2.128233362723313832e-04 7.617832135653692001e-04 2.043764740733143626e+00 1.225192474247405094e+01 2.463183784764524376e-01 3.607706173405258454e+01
2.314166208681242684e-04 7.878953836112393902e-04 2.090259526017569147e+00 1.223164049443982115e+01 2.523397905914910311e-01 3.001788851402578473e+01
2.516343054856224042e-04 8.161232095361901353e-04 2.134010596142037031e+00 1.220615214833670414e+01 2.581594501913367923e-01 2.512881829408679835e+01
2.736183056329179490e-04 8.467573800743944399e-04 2.174819540152384434e+00 1.217564180489509162e+01 2.637555447574384537e-01 2.116840896672572114e+01
2.975229352490119041e-04 8.801381149917877206e-04 2.212509239079190060e+00 1.213985310616983959e+01 2.691174730403658732e-01 1.794775085922729119e+01
3.235159898912046183e-04 9.166648108278856047e-04 2.246922937310797952e+00 1.209921544470840793e+01 2.742213109139353122e-01 1.531861907442309167e+01
3.517799245550220946e-04 9.568084846843503445e-04 2.277928449113992837e+00 1.205539242403477651e+01 2.790159057238371654e-01 1.316435937208428975e+01
3.825131343942310023e-04 1.001126348792360631e-03 2.305416359108718449e+00 1.200246949135377150e+01 2.836279296760143009e-01 1.139293024571928470e+01
4.159313473308043352e-04 1.050283623162768295e-03 2.329302253607786533e+00 1.194684871552625616e+01 2.879006979299542079e-01 9.931473939716781274e+00
4.522691383300832171e-04 1.105071520164895103e-03 2.349525250929322961e+00 1.188645453673156460e+01 2.918757529593229982e-01 8.722177209513336749e+00
4.917815759704028278e-04 1.166449701230665723e-03 2.366051569279216782e+00 1.182144032061332872e+01 2.955452930453252858e-01 7.719030519588531369e+00
5.347460128650706685e-04 1.235565095703077725e-03 2.378872349196035962e+00 1.175249064139085320e+01 2.988900511295967677e-01 6.885339812306545682e+00
5.814640325043403260e-04 1.313832774257797653e-03 2.388004050183308635e+00 1.167944786097652710e+01 3.019138121261883412e-01 6.191765328872664398e+00
6.322635661829979336e-04 1.402958754424808805e-03 2.393493043559568711e+00 1.160276131265765720e+01 3.046078185338629840e-01 5.614830576409801211e+00
6.875011948730608063e-04 1.505074078805520828e-03 2.395414072375992465e+00 1.152304171334797900e+01 3.069613509785742989e-01 5.135720676399907703e+00
7.475646521993068632e-04 1.622794236290106074e-03 2.393873939864545441e+00 1.144058658729981381e+01 3.089749136964282661e-01 4.739364565384354577e+00
8.128755460869510618e-04 1.759416712950495490e-03 2.389013355521041770e+00 1.135622748255029713e+01 3.106381056749108471e-01 4.413727387900842736e+00
8.838923181857360600e-04 1.919078374769370111e-03 2.381012670852765911e+00 1.127034395009568435e+01 3.119570260562779529e-01 4.149191442841015487e+00
9.611134618437454152e-04 2.107049767412699521e-03 2.370094591086651103e+00 1.118392986556195190e+01 3.129258778593301260e-01 3.938145454974101511e+00
1.045081021219102218e-03 2.330112368162381726e-03 2.356532106214447531e+00 1.109787507542856311e+01 3.135478046374172156e-01 3.774581648900719344e+00
1.136384396091131514e-03 2.597017884398211424e-03 2.340652244128180293e+00 1.101314003916907147e+01 3.138310918975180663e-01 3.653800067650903038e+00
1.235664479078381166e-03 2.919356488337108285e-03 2.322847409197231983e+00 1.093097862934158293e+01 3.137847776074277339e-01 3.572077757025334144e+00
1.343618154304190718e-03 3.312334100738036080e-03 2.303575412987102222e+00 1.085241746960531728e+01 3.134340523831716796e-01 3.526438145050986517e+00
1.461003189087614054e-03 3.796762743927738822e-03 2.283368376250678899e+00 1.077913229098810532e+01 3.127968817684412262e-01 3.514292762053732311e+00
1.588643552996328243e-03 4.400588025257900354e-03 2.262831769136959270e+00 1.071251750043634132e+01 3.119111917356638397e-01 3.533072810055655211e+00
1.727435201597941287e-03 5.163328274928129756e-03 2.242635487304724506e+00 1.065387177198569013e+01 3.108289488575640136e-01 3.579819776834080702e+00
1.878352365508020785e-03 6.140054489399613541e-03 2.223490567664954121e+00 1.060422074558292316e+01 3.096184033493012411e-01 3.650673976378263408e+00
2.042454388880031446e-03 7.411254014990451520e-03 2.206122377231266807e+00 1.056503317055287816e+01 3.083393623244835013e-01 3.740315628793132507e+00
2.220893165339102478e-03 9.094776245041376675e-03 2.191198461997599711e+00 1.053642444651203469e+01 3.070850628619162248e-01 3.841695801555440770e+00
2.414921223555243756e-03 1.137000288364948056e-02 2.179254538351265147e+00 1.051832938283601315e+01 3.059365940527009609e-01 3.946050609709411017e+00
2.625900519211650259e-03 1.451579165626179849e-02 2.170596312324457600e+00 1.050963399398595399e+01 3.049732193152426829e-01 4.043644709655190184e+00
2.855311995082259781e-03 1.897995692780377400e-02 2.165210857661695076e+00 1.050872322471168019e+01 3.042429177438378818e-01 4.125299264058196691e+00
3.104765976324295931e-03 2.551155135053173595e-02 2.162706127620024343e+00 1.051272929097648756e+01 3.037751643845951199e-01 4.184542502798235475e+00
3.376013473954270119e-03 3.540185885689465378e-02 2.162356745810347203e+00 1.051900624338911250e+01 3.035448490742804761e-01 4.219473033142421059e+00
3.670958475850774790e-03 5.101776350370621632e-02 2.163236754408685680e+00 1.052520573340077448e+01 3.034895170908379347e-01 4.233353031662149490e+00
3.991671311559220718e-03 7.684350850365322116e-02 2.164454210284740387e+00 1.052957471683123991e+01 3.035343228117654002e-01 4.233393687412451811e+00
