9.999999999999999547e-07 1.390746284907920874e-04 9.790342109671279491e-02 1.013658170376845078e+02 1.426187342177823170e-03 4.683000455751959229e+10
1.085881021189839914e-06 1.453511358932401266e-04 9.954739213918813168e-02 7.869574597367648039e+01 1.867879543061585091e-03 9.969268074726102829e+09
1.179137592180291872e-06 1.519299538960779594e-04 1.016103825021384827e-01 6.433757071469270272e+01 2.332081171776440465e-03 3.023878435834346294e+09
1.280403132720064386e-06 1.565996573134699531e-04 1.040537892228493994e-01 5.387119880384285153e+01 2.852144305532255779e-03 1.138200210783837080e+09
1.390365461292733555e-06 1.613297791941116174e-04 1.069314104688265238e-01 4.605401081020004739e+01 3.428530930788020823e-03 5.139985502768190503e+08
1.509771466935639552e-06 1.661193739366965483e-04 1.102548530390707743e-01 3.998444760923517549e+01 4.071710099138033806e-03 2.713945547289386392e+08
1.639432182279354838e-06 1.709671702418893568e-04 1.140408577197846995e-01 3.524757375673500093e+01 4.777508650533413351e-03 1.624952176947760284e+08
1.780228292264997274e-06 1.758726377065225838e-04 1.183040441042041563e-01 3.153056910153593151e+01 5.540360398419805210e-03 1.066212718566859812e+08
1.933116115955760085e-06 1.808358378217376724e-04 1.230824230401368624e-01 2.845212280585729303e+01 6.387804232380858011e-03 7.404332184271758795e+07
2.099134102072577788e-06 1.858565554297875622e-04 1.283698924182952728e-01 2.595382150416553557e+01 7.303517913315788271e-03 5.341067984782672673e+07
2.279409882372992860e-06 1.909340307214002757e-04 1.342194328109813650e-01 2.386053974566350178e+01 8.306257122797594192e-03 3.937546636351740360e+07
2.475167930781398439e-06 1.960695028005176612e-04 1.406392523637046976e-01 2.210151895780610687e+01 9.396252133345401464e-03 2.941734913379665092e+07
2.687737880293247774e-06 2.012635808086057736e-04 1.476805094337511892e-01 2.065655309212246493e+01 1.055687947250235660e-02 2.215613692492374033e+07
2.918563554143453531e-06 2.065165326395002542e-04 1.553598497511755605e-01 1.940814184740013459e+01 1.182020666802668062e-02 1.676027040036403202e+07
3.169212772580742132e-06 2.118297463873659967e-04 1.637390051418053660e-01 1.835775694274314773e+01 1.317051529094522867e-02 1.270616728506388888e+07
3.441388001857859916e-06 2.172051173682523425e-04 1.728381963347370709e-01 1.745631865263548832e+01 1.462033418124607069e-02 9.643720592968016863e+06
3.736937917767883189e-06 2.226443219617355973e-04 1.827009092241357602e-01 1.667710804441101402e+01 1.617671004968911086e-02 7.322377893007504754e+06
4.057869962268822661e-06 2.281487739416941912e-04 1.933874400308202290e-01 1.600455949713414583e+01 1.784246174107645758e-02 5.558783259332806803e+06
4.406363978484046562e-06 2.337219050978780956e-04 2.049267609239942001e-01 1.542888866265695924e+01 1.961255911226071971e-02 4.218833154714544304e+06
4.784787016690391814e-06 2.393666426124377072e-04 2.173716389194029486e-01 1.493162608912084899e+01 2.149641356883798260e-02 3.200195248933671042e+06
5.195709411859650790e-06 2.450855894857011130e-04 2.307798958020875757e-01 1.449478317309319664e+01 2.351020872408086243e-02 2.426158487000746652e+06
5.641922241955819753e-06 2.508828909863950840e-04 2.452200024055493643e-01 1.412307196935345210e+01 2.563875634815725515e-02 1.838291017020591768e+06
6.126456285568669385e-06 2.567631259375070265e-04 2.607395200199500995e-01 1.380380721451043158e+01 2.789190719465815121e-02 1.392129745954796206e+06
6.652602607648220214e-06 2.627307857326544776e-04 2.773797283351581155e-01 1.352095363013549800e+01 3.029267532375993013e-02 1.053786881469750311e+06
7.223934913163255757e-06 2.687904893486441050e-04 2.952212829330766453e-01 1.328118321561758286e+01 3.282321597117901502e-02 7.973839789333289955e+05
7.844333820514653703e-06 2.749489142128037238e-04 3.143116200248552428e-01 1.307316637142088389e+01 3.550176001997539660e-02 6.032110357975447550e+05
8.518013219574449490e-06 2.812124879306325065e-04 3.347226331460328996e-01 1.289316392767524810e+01 3.833503021410092360e-02 4.562452063132913900e+05
9.249548893380079280e-06 2.875874530930531037e-04 3.565060385226703210e-01 1.274333660938362200e+01 4.130988352273690101e-02 3.450731727742574294e+05
1.004390959788891414e-05 2.940821529797184460e-04 3.797271466083602665e-01 1.261532216325579725e+01 4.444711073735048423e-02 2.610127425968237512e+05
1.090649081089407039e-05 3.007054287097528258e-04 4.044460800367744024e-01 1.251065466403662541e+01 4.773652808800952357e-02 1.974755069141541608e+05
1.184315137933125879e-05 3.074663576138537860e-04 4.307124528479637227e-01 1.242355465624472188e+01 5.119314235999957580e-02 1.494604126402839029e+05
1.286025331389408719e-05 3.143747656630704575e-04 4.585779738684774287e-01 1.235453022356544928e+01 5.480967034511322056e-02 1.131794970583523827e+05
1.396470500125136309e-05 3.214427780145473349e-04 4.880916889793731617e-01 1.229988475523332525e+01 5.859635553931610147e-02 8.576358744945396029e+04
1.516400812737369520e-05 3.286828170697971376e-04 5.192924112588278573e-01 1.225690979693596283e+01 6.256064549432543975e-02 6.504336114157577686e+04
1.646630863068357885e-05 3.361075783733773344e-04 5.522182184791192272e-01 1.222705581032641398e+01 6.668974718196915563e-02 4.937887905646974832e+04
1.788045203111379497e-05 3.437327715988637089e-04 5.868920245683419967e-01 1.220925354390994499e+01 7.098054510043345922e-02 3.753105137412555632e+04
1.941604351088179579e-05 3.515750676223357578e-04 6.233290494019384509e-01 1.219813947562873047e+01 7.545603964337337100e-02 2.856451641807176929e+04
2.108351315506268742e-05 3.596521763706486273e-04 6.615354765178679264e-01 1.219683686669881872e+01 8.008960637176588959e-02 2.177359491997445002e+04
2.289418679508894330e-05 3.679837316418025392e-04 7.015043823437057124e-01 1.220245836893440838e+01 8.488936576018514535e-02 1.662564971361261996e+04
2.486036293636212886e-05 3.765924942092540618e-04 7.432090272859919189e-01 1.221344022174322319e+01 8.985519686737615530e-02 1.271903764802440674e+04
2.699539629248695629e-05 3.855027951634895471e-04 7.866168733507237221e-01 1.223100823815817506e+01 9.496667537919652180e-02 9.750843637359361310e+03
2.931378849351021210e-05 3.947405388902754260e-04 8.316732207746104777e-01 1.225133505940102019e+01 1.002396485558981337e-01 7.492478877910460142e+03
3.183128658427584909e-05 4.043364736442723348e-04 8.783078658270021544e-01 1.227657288433102600e+01 1.056427896065601363e-01 5.771545822200213479e+03
3.456498998191991019e-05 4.143238683034173643e-04 9.264236432288457390e-01 1.230180491300914802e+01 1.112015983624382864e-01 4.457895539343988276e+03
3.753346661898385726e-05 4.247391282605374858e-04 9.759193270817313470e-01 1.233061577133149989e+01 1.168690163575208524e-01 3.453253319814129100e+03
4.075687906101695883e-05 4.356232395135580210e-04 1.026662858061375250e+00 1.236020661952439426e+01 1.226513562833211751e-01 2.683359147813613617e+03
4.425712145528789778e-05 4.470228122588577120e-04 1.078504749963381748e+00 1.239061405185262821e+01 1.285285084318939786e-01 2.092052828306277206e+03
4.805796824079089293e-05 4.589893352101169673e-04 1.131272191739244981e+00 1.241940195549728010e+01 1.345044532400311299e-01 1.636830600446550307e+03
5.218523562961890758e-05 4.715796280119106151e-04 1.184779388664635613e+00 1.244757170805050883e+01 1.405474881824863853e-01 1.285481209288034961e+03
5.666695695652299865e-05 4.848597843153226771e-04 1.238818812808209380e+00 1.247447802314615828e+01 1.466410780585752360e-01 1.013572170511150603e+03
6.153357308767002016e-05 4.989033014267979949e-04 1.293163152466893839e+00 1.249907499068100769e+01 1.527726748452461203e-01 8.025389464102668171e+02
6.681813918189877688e-05 5.137928669586095060e-04 1.347570409461809060e+00 1.252087524147881403e+01 1.589230944516315525e-01 6.382603906435764429e+02
7.255654920884524613e-05 5.296229227657235248e-04 1.401785573589313660e+00 1.253874756498469978e+01 1.650812170792751721e-01 5.099728359114264435e+02
7.878777974891173650e-05 5.465013618317842792e-04 1.455540007417757797e+00 1.255344839847490057e+01 1.712108724716058239e-01 4.094612823934687640e+02
8.555415473102863659e-05 5.645508103750491091e-04 1.508557625495816179e+00 1.256384908608898954e+01 1.773002828286625865e-01 3.304416334317427868e+02
9.290163290636296270e-05 5.839112942127226528e-04 1.560553922955696171e+00 1.256942770825479982e+01 1.833299881104665519e-01 2.680981961573583590e+02
1.008801200105650399e-04 6.047450245730960107e-04 1.611240971335206273e+00 1.257010477350299205e+01 1.892743808508852432e-01 2.187312263897671585e+02
1.095438077348260782e-04 6.272382565032704610e-04 1.660332783228664288e+00 1.256557568608020503e+01 1.951115539181457192e-01 1.794937283314326919e+02
1.189515418081165538e-04 6.516065995704621756e-04 1.707543217681525949e+00 1.255523544056638130e+01 2.008246775296101128e-01 1.481880107821632180e+02
1.291672216907035467e-04 6.781009006898937102e-04 1.752594545605320464e+00 1.253874987321234791e+01 2.063941824097413058e-01 1.231140973989602969e+02
1.402602345937557326e-04 7.070134620331508220e-04 1.795217752535345435e+00 1.251680359015237265e+01 2.117843828881197099e-01 1.029535570789837635e+02
1.523059267729941354e-04 7.386866598833381932e-04 1.835157720602007991e+00 1.248844734387206934e+01 2.169877333230573746e-01 8.668098043362043370e+01
1.653861152975240291e-04 7.735245259257873384e-04 1.872175457587696989e+00 1.245351777672140692e+01 2.219855666154202933e-01 7.349668500850202690e+01
1.795896437698959981e-04 8.120023546522288447e-04 1.906053716409972010e+00 1.241328317302602713e+01 2.267350745812663770e-01 6.277543029694786014e+01
1.950129857719744340e-04 8.546851931409777054e-04 1.936589635245563601e+00 1.236582541640813382e+01 2.312515899881362469e-01 5.402645940710744554e+01
2.117609001353515288e-04 9.022499064385874250e-04 1.963618188368681849e+00 1.231279365729717945e+01 2.354890294337699530e-01 4.686444157046128822e+01
2.299471424870552349e-04 9.555059782789860788e-04 1.986995816255037850e+00 1.225378253038799237e+01 2.394401738330405871e-01 4.098524004914813901e+01
2.496952379035294236e-04 1.015428512296148505e-03 2.006610759996024118e+00 1.218899415529121022e+01 2.430891096463545231e-01 3.614842432290975438e+01
2.711393199209248149e-04 1.083203708853934782e-03 2.022389080490241131e+00 1.211896952360191726e+01 2.464161985346278727e-01 3.216359950762737441e+01
2.944250416004528604e-04 1.160286754601192686e-03 2.034294374825596385e+00 1.204394319792263168e+01 2.494108454995119517e-01 2.887965713813052204e+01
3.197105648369608002e-04 1.248451665128026255e-03 2.042330559868197337e+00 1.196461950738318336e+01 2.520561967317884178e-01 2.617656366073774876e+01
3.471676346303398755e-04 1.349902183270393265e-03 2.046549748207570740e+00 1.188164818502756503e+01 2.543406941995449144e-01 2.395889282228545625e+01
3.769827456164551237e-04 1.467405234591510682e-03 2.047055016610560330e+00 1.179578447797965346e+01 2.562553381035484468e-01 2.215082568971328314e+01
4.093584087809459078e-04 1.604420538879873515e-03 2.044003650780001902e+00 1.170776376088399395e+01 2.577970548422183761e-01 2.069234226664933729e+01
4.445145269597019144e-04 1.765337271990310986e-03 2.037615240729792276e+00 1.161882783010097953e+01 2.589584572521830275e-01 1.953592806114631131e+01
4.826898884687202116e-04 1.955799277846038964e-03 2.028175560056439064e+00 1.153015246166893348e+01 2.597411327269004699e-01 1.864432332138887460e+01
5.241437890084243772e-04 2.183141322216470941e-03 2.016045765657516586e+00 1.144281165977595727e+01 2.601584113258839093e-01 1.798798820051368708e+01
5.691577928587798632e-04 2.456886147728785073e-03 2.001662390842332773e+00 1.135852416706380730e+01 2.602190924908680536e-01 1.754352688021356244e+01
6.180376453276478646e-04 2.789690983974313105e-03 1.985542042643862803e+00 1.127882596309826546e+01 2.599473695429839748e-01 1.729182158603611086e+01
6.711153494421510110e-04 3.198675570476408950e-03 1.968285581644423354e+00 1.120543449709933626e+01 2.593759143038982251e-01 1.721565700942972654e+01
7.287514209884199358e-04 3.706981321504477372e-03 1.950558365983186881e+00 1.113976736975471837e+01 2.585550731304629424e-01 1.729825104857610896e+01
7.913373372164523830e-04 4.346640356398609982e-03 1.933082849063615161e+00 1.108330961087172639e+01 2.575438818292045684e-01 1.752003708110860103e+01
8.592981958422509295e-04 5.162905509370184672e-03 1.916605446638372401e+00 1.103712184287964249e+01 2.564171779218559766e-01 1.785653419767026762e+01
9.330956024077714491e-04 6.220855568049965534e-03 1.901837183981530233e+00 1.100255344250764544e+01 2.552407914447102355e-01 1.827651550529724744e+01
1.013230805610299771e-03 7.615190950988857087e-03 1.889395024760638808e+00 1.097880935879163822e+01 2.541193633370354421e-01 1.874078040008268076e+01
1.100248101897117548e-03 9.488102885792553884e-03 1.879717527662439158e+00 1.096558022916767428e+01 2.531227670310543520e-01 1.920458203136861641e+01
1.194738532450226147e-03 1.205984667261361838e-02 1.872981408796663638e+00 1.096126895202843521e+01 2.523148825084103319e-01 1.962263980864388557e+01
1.297343897671903671e-03 1.567621613351499396e-02 1.869048058142493085e+00 1.096308543436236604e+01 2.517432907137989173e-01 1.995710808940214420e+01
1.408761116438373828e-03 2.090183396849281533e-02 1.867459914125912723e+00 1.096899230377163192e+01 2.513939324598424285e-01 2.018693381778260232e+01
1.529746959730641977e-03 2.869421518578290850e-02 1.867515134396032117e+00 1.097594763198236656e+01 2.512420560359032162e-01 2.031250528098887997e+01
1.661123190794364058e-03 4.073961046633888666e-02 1.868419345398151021e+00 1.098188833201522741e+01 2.512277257987651224e-01 2.035447315716055527e+01
1.803782146741909290e-03 6.012360351375614642e-02 1.869484422937569779e+00 1.098590566785629896e+01 2.512790146098070054e-01 2.034561933335048778e+01
1.958692799508108314e-03 9.280732116293781420e-02 1.870268869716725790e+00 1.098783620828099750e+01 2.513402850424104606e-01 2.031858898916196310e+01
2.126907337327052939e-03 1.510634398114233390e-01 1.870656484868337799e+00 1.098804901007502366e+01 2.513875069453166966e-01 2.029532205066047723e+01
2.309568311432866165e-03 2.615027255570383513e-01 1.870742166250520810e+00 1.098772646123924268e+01 2.514064011200720095e-01 2.028395669438335247e+01
2.507916396526414793e-03 4.865244656427831771e-01 1.870707559230406547e+00 1.098751281389005108e+01 2.514066387278010573e-01 2.028160805256364441e+01
2.723298817718849529e-03 9.858080110896677573e-01 1.870668691560203101e+00 1.098725193522758836e+01 2.514073844694836302e-01 2.028264265414919976e+01
2.957178501189631006e-03 2.209227335281917615e+00 1.870660851933660718e+00 1.098730335248654377e+01 2.514051543619832407e-01 2.028325986676639303e+01
3.211144010712436558e-03 5.569111640526432261e+00 1.870659790821366020e+00 1.098740927852805349e+01 2.514025880411054903e-01 2.028345427833185965e+01
3.486920337540062430e-03 1.612238706127362420e+01 1.870663703633632435e+00 1.098748221157873672e+01 2.514014451222091884e-01 2.028328323517851217e+01
