9.999999999999999547e-07 1.369044833878754926e-04 9.803578235586485334e-02 9.966080106728276178e+01 1.452547958583539365e-03 4.186819628355784607e+10
1.086509330065141768e-06 1.421883537745884964e-04 9.990529156335049843e-02 7.641252499652220820e+01 1.930608330193199062e-03 8.290398292512424469e+09
1.180502524318603198e-06 1.479293282486071007e-04 1.022962809057521433e-01 6.141933275851023666e+01 2.459376311817611759e-03 2.335664933685481071e+09
1.282627006837614083e-06 1.536700752208218241e-04 1.050874725500297868e-01 5.154626115670784259e+01 3.010398661801950114e-03 8.915196447491217852e+08
1.393586209922594149e-06 1.589657889644953588e-04 1.082759057168521388e-01 4.398112879207823767e+01 3.635261766100658046e-03 4.113256634285836816e+08
1.514144419331017637e-06 1.643850050870682914e-04 1.118643671791408889e-01 3.845433116800647610e+01 4.295529867187504285e-03 2.270094590502264202e+08
1.645132038669217117e-06 1.699240606150637036e-04 1.158368121054481475e-01 3.402193580249189608e+01 5.027566355456999578e-03 1.410828297299271822e+08
1.787451309203195705e-06 1.755807587222559169e-04 1.202336560650183739e-01 3.058659996330425912e+01 5.804503605595712386e-03 9.523378541120028496e+07
1.942082524486424480e-06 1.813514479598560638e-04 1.250370880422636000e-01 2.782298294191448207e+01 6.635985012596264804e-03 6.783393268974646926e+07
2.110090782610964595e-06 1.872328058673173343e-04 1.302536446590616681e-01 2.547462214494446897e+01 7.550094166206742195e-03 4.986777694428045303e+07
2.292633322591269486e-06 1.932224281866101658e-04 1.359390027826948844e-01 2.358072022066247442e+01 8.512502436435096312e-03 3.741564192127491534e+07
2.490967495413660282e-06 1.993163834821802560e-04 1.420795882722599157e-01 2.195876419684943315e+01 9.554193436212327431e-03 2.841752441158029810e+07
2.706459424655940228e-06 2.055121685811741466e-04 1.487288216478648284e-01 2.060698552541991191e+01 1.065739116124042596e-02 2.174028911501501873e+07
2.940593416331414452e-06 2.118074744877253962e-04 1.558869795268953418e-01 1.943059585708509118e+01 1.184660637322415902e-02 1.670528263963218406e+07
3.194982182772211417e-06 2.181984115211403391e-04 1.635965458237135517e-01 1.844244906469056744e+01 1.309862690552496441e-02 1.286996375096477196e+07
3.471377950973899611e-06 2.246837647191451482e-04 1.718982217874140406e-01 1.757150416313547936e+01 1.444550335279303280e-02 9.925381348026175052e+06
3.771684531915556358e-06 2.312614283245909583e-04 1.808200096053510786e-01 1.680986577007712057e+01 1.588372931936064131e-02 7.658575345184209757e+06
4.097970433988636722e-06 2.379284675772839282e-04 1.903901284027497698e-01 1.615648072917848310e+01 1.740074709065954350e-02 5.909052424914998002e+06
4.452483110859752069e-06 2.446848029754513797e-04 2.006642066170458427e-01 1.557920145644663101e+01 1.901931862463977774e-02 4.556931797663606703e+06
4.837664441906587349e-06 2.515288373764612432e-04 2.116778656247236268e-01 1.507294976356283200e+01 2.073707178947234789e-02 3.511824365803413559e+06
5.256167551855883905e-06 2.584594695587198146e-04 2.234924515734360018e-01 1.462446576563650424e+01 2.256592208677766012e-02 2.704009734205371235e+06
5.710875085477072640e-06 2.654775922410588943e-04 2.361354016629736152e-01 1.423122385599638839e+01 2.450129767535633857e-02 2.080067327907287516e+06
6.204919063207403528e-06 2.725825642613361691e-04 2.496709832616283153e-01 1.388758157785220071e+01 2.654676978298465412e-02 1.598530724550944520e+06
6.741702454473903055e-06 2.797755232930896436e-04 2.641600210503639024e-01 1.358263783371456235e+01 2.871793476933725414e-02 1.227212732252883725e+06
7.324922617308962194e-06 2.870586153172262909e-04 2.796294566685852967e-01 1.331181966969207053e+01 3.101813830635747823e-02 9.412294778771343408e+05
7.958596765711364884e-06 2.944324657410073002e-04 2.961716041788940434e-01 1.307500896300789250e+01 3.344811574847016827e-02 7.211968732233898481e+05
8.647089640171659147e-06 3.019008456391643986e-04 3.138300434233038394e-01 1.286886691657761972e+01 3.601010952592865327e-02 5.521066515485309064e+05
9.395143571956136538e-06 3.094673877850647576e-04 3.326566336741321739e-01 1.268748516501307932e+01 3.871603519035311108e-02 4.223312038321505534e+05
1.020791114823188492e-05 3.171345697011918236e-04 3.527254964978223661e-01 1.252687045760170825e+01 4.157808685640378143e-02 3.228190200366389472e+05
1.109099070302991639e-05 3.249089851939537072e-04 3.740899884878419734e-01 1.239135125229971912e+01 4.457872599803881092e-02 2.466023530667991436e+05
1.205046487850775045e-05 3.327958768116963699e-04 3.968223661996859719e-01 1.227078996428801894e+01 4.775225169379290757e-02 1.882814723274366988e+05
1.309294252212100323e-05 3.408010361247628545e-04 4.209743735294176892e-01 1.216883043269527320e+01 5.108307767133355576e-02 1.436992813622513495e+05
1.422560420829109794e-05 3.489333700956333403e-04 4.465966478112400329e-01 1.208387934110035111e+01 5.457318663009202292e-02 1.096463560959505558e+05
1.545625169812222310e-05 3.572005828497275834e-04 4.737561271898093618e-01 1.201294522071811599e+01 5.823386001927198519e-02 8.365391717605435406e+04
1.679336167784498463e-05 3.656124141651224133e-04 5.024983842641139731e-01 1.195330758921617686e+01 6.207501162181591065e-02 6.382601006929046707e+04
1.824614414613697999e-05 3.741807354062828524e-04 5.328687205855378028e-01 1.190866404924925703e+01 6.607351622324428297e-02 4.870800333304692322e+04
1.982460585249129557e-05 3.829164700928926364e-04 5.649053650721485020e-01 1.186977444972985829e+01 7.027542291727889578e-02 3.718463481308890186e+04
2.153961922359580504e-05 3.918341856493347481e-04 5.986490331239133766e-01 1.184216220634362138e+01 7.464685501629940434e-02 2.840319334270526815e+04
2.340299725248732939e-05 4.009496828780054981e-04 6.341134311166221060e-01 1.182252218670251587e+01 7.920034061879455134e-02 2.171144125462951706e+04
2.542757486631635957e-05 4.102782284405478682e-04 6.713187048225602860e-01 1.181076091218581503e+01 8.393075019475995657e-02 1.661158216004335554e+04
2.762729733318268057e-05 4.198405003319264890e-04 7.102558655413500066e-01 1.180517746118441380e+01 8.884081704967305981e-02 1.272380628575237097e+04
3.001731631698679174e-05 4.296573405511541267e-04 7.509229534565249331e-01 1.180796896418136299e+01 9.390536642003921575e-02 9.758781426105824721e+03
3.261409424192276762e-05 4.397511092145671300e-04 7.932900130029798547e-01 1.181317985687340055e+01 9.915974600866299393e-02 7.496114470319088468e+03
3.543551768547290135e-05 4.501494788083696915e-04 8.373159864438826094e-01 1.182363189538460801e+01 1.045703875795072763e-01 5.768054205579117479e+03
3.850102058095464090e-05 4.608808639842328363e-04 8.829387948333352609e-01 1.183760246106462510e+01 1.101379740049207023e-01 4.447020606799282177e+03
4.183171807823726600e-05 4.719775379431970924e-04 9.300846512138132294e-01 1.185417664550685757e+01 1.158567436845712728e-01 3.435995899181273671e+03
4.545055198465945088e-05 4.834769484806431916e-04 9.786536572175050797e-01 1.187264233194917118e+01 1.217171777165324265e-01 2.661192375425650880e+03
4.938244878794323904e-05 4.954186858783619918e-04 1.028528865623991706e+00 1.189313414146419667e+01 1.276998544953351911e-01 2.066518115318009677e+03
5.365449134956437301e-05 5.078489860347744269e-04 1.079574883046159783e+00 1.191406542667165702e+01 1.338021297415597777e-01 1.609321888247333618e+03
5.829610545120113507e-05 5.208198267952642534e-04 1.131634452533537338e+00 1.193575701038778014e+01 1.399994815163937700e-01 1.257155176052547176e+03
6.333926247919140164e-05 5.343876070892648097e-04 1.184527923838504693e+00 1.195629965662790894e+01 1.462913834970628046e-01 9.853289917675294873e+02
6.881869964308641712e-05 5.486189849993794356e-04 1.238062004685926532e+00 1.197683155112263087e+01 1.526408195597240836e-01 7.750394917885582799e+02
7.477215924516403375e-05 5.635880064057646570e-04 1.292016652358788376e+00 1.199539620898020154e+01 1.590463654044922126e-01 6.119609045475814355e+02
8.124064864898726654e-05 5.793775768791533396e-04 1.346160322189464242e+00 1.201137655761726108e+01 1.654909459276699413e-01 4.851603489603654680e+02
8.826872273766889568e-05 5.960848697020051630e-04 1.400246442636704947e+00 1.202551680437472825e+01 1.719376408494881492e-01 3.862945208030799336e+02
9.590479080741038211e-05 6.138188796216009508e-04 1.454010979454471775e+00 1.203662739676008542e+01 1.783746377658838589e-01 3.089807744854850853e+02
1.042014500101970078e-04 6.327048073581939634e-04 1.507180577263834476e+00 1.204409756766867723e+01 1.847826788139256549e-01 2.483321559631421565e+02
1.132158476423955162e-04 6.528879265237336020e-04 1.559473504705163327e+00 1.204740656638615803e+01 1.911413586779067419e-01 2.006015207375148464e+02
1.230100747746963119e-04 6.745345518691142801e-04 1.610605543782748006e+00 1.204743132515350723e+01 1.974080985231568275e-01 1.629096198730015033e+02
1.336515939347182862e-04 6.978384018628333704e-04 1.660284109444275291e+00 1.204212068420845583e+01 2.035868257218404198e-01 1.330404056851323844e+02
1.452137037881491176e-04 7.230249134997823908e-04 1.708222073635171423e+00 1.203232234317189686e+01 2.096356341222628816e-01 1.092847230257393818e+02
1.577760440191398298e-04 7.503573194591137835e-04 1.754133957888985851e+00 1.201708547532168048e+01 2.155429591142579704e-01 9.032144910745041955e+01
1.714251438875641147e-04 7.801450514309695014e-04 1.797745426488070786e+00 1.199662760782546300e+01 2.212785157260585833e-01 7.512723481172460538e+01
1.862550182415977920e-04 8.127525989628788883e-04 1.838787111794708551e+00 1.197091967964020576e+01 2.268162517606622797e-01 6.290719849694969668e+01
2.023678150909491717e-04 8.486139569460468329e-04 1.877007800018687833e+00 1.193936828666971728e+01 2.321426637834874684e-01 5.304267234263134867e+01
2.198745192012136818e-04 8.882433750103850903e-04 1.912173023300402619e+00 1.190215770499033177e+01 2.372311540422127885e-01 4.505075276104370374e+01
2.388957165557058118e-04 9.322588518516034071e-04 1.944065785448854999e+00 1.185923273749821405e+01 2.420608755519438604e-01 3.855355074846257679e+01
2.595624249503721654e-04 9.814075222919903686e-04 1.972494863785316577e+00 1.181053579149630117e+01 2.466133121119258587e-01 3.325470996583735683e+01
2.820169964429125077e-04 1.036588933832653311e-03 1.997293571048699201e+00 1.175647793332358049e+01 2.508620148584871923e-01 2.892104412709842620e+01
3.064140978721723052e-04 1.098908177578378871e-03 2.018325515408527338e+00 1.169683374014960897e+01 2.547963067898208478e-01 2.536880865875321689e+01
3.329217762016087583e-04 1.169721662028936531e-03 2.035488213101515065e+00 1.163189984732821713e+01 2.583974197774619452e-01 2.245285316675737874e+01
3.617226160249069518e-04 1.250700428970127637e-03 2.048714108149716662e+00 1.156240116148357444e+01 2.616396502332553053e-01 2.005834589247665534e+01
3.930149972066321719e-04 1.343949445463359874e-03 2.057977737433986487e+00 1.148848920698636178e+01 2.645135881800606548e-01 1.809440699234449923e+01
4.270144613205318794e-04 1.452099050642562941e-03 2.063302049137514249e+00 1.141084491425575287e+01 2.670024470490962587e-01 1.648897343682620686e+01
4.639551962974984914e-04 1.578487032966382608e-03 2.064760248128277187e+00 1.132984043389064333e+01 2.691014711079491306e-01 1.518521448229140702e+01
5.040916495094363830e-04 1.727445408596090535e-03 2.062487621438863439e+00 1.124674537774033034e+01 2.707913096958001753e-01 1.413828096317650918e+01
5.477002803999299774e-04 1.904516330568768300e-03 2.056690646425488822e+00 1.116258887230306485e+01 2.720660042943801593e-01 1.331291723172175345e+01
5.950814647338181773e-04 2.117011911971848105e-03 2.047651800635116093e+00 1.107839451113227369e+01 2.729288944178554499e-01 1.268164771480049957e+01
6.465615635821241438e-04 2.374719235154838272e-03 2.035747988982303802e+00 1.099538237893477799e+01 2.733908104000479233e-01 1.222293628138881871e+01
7.024951712934849593e-04 2.690674885843143734e-03 2.021452278170429828e+00 1.091552383615974620e+01 2.734570634614750806e-01 1.191987947396531844e+01
7.632675579360813237e-04 3.082873760997147106e-03 2.005348780436989831e+00 1.084031844274212908e+01 2.731606346890181891e-01 1.175834988592901809e+01
8.292973230335884838e-04 3.576393584215236711e-03 1.988130601090011718e+00 1.077170746523785816e+01 2.725402152248455057e-01 1.172543675975065902e+01
9.010392788740396010e-04 4.206566509756065608e-03 1.970591311442502436e+00 1.071135077526220769e+01 2.716580361631395490e-01 1.180741900589863214e+01
9.789875832518111706e-04 5.025070749802183420e-03 1.953600359283350629e+00 1.066114925408193237e+01 2.705838912612932301e-01 1.198711519178944762e+01
1.063679143221017611e-03 6.108210122624072556e-03 1.938047903953227458e+00 1.062224406529422183e+01 2.694129496167643745e-01 1.224199343416660746e+01
1.155697313305332867e-03 7.571813539139411221e-03 1.924759743064299755e+00 1.059501774835455201e+01 2.682532999279699792e-01 1.254235773954166255e+01
1.255675913637461409e-03 9.599346196598223732e-03 1.914377395090089751e+00 1.057909260071001789e+01 2.672079492325130090e-01 1.285237655511487986e+01
1.364303595705172994e-03 1.248545562049606025e-02 1.907226465420630568e+00 1.057301610328872243e+01 2.663628210817079456e-01 1.313423667824276642e+01
1.482328585775091615e-03 1.672623391946954571e-02 1.903212145851220116e+00 1.057414809002767342e+01 2.657737273780017562e-01 1.335540549308379354e+01
1.610563838666903688e-03 2.319964614180888146e-02 1.901777461353020726e+00 1.057921379887330815e+01 2.654462150058314318e-01 1.349831206773612458e+01
1.749892637377120554e-03 3.350768899223888903e-02 1.902028567452247465e+00 1.058516964824165818e+01 2.653318882493410635e-01 1.356568854941964553e+01
1.901274677122541303e-03 5.078126450524714230e-02 1.902982290774707153e+00 1.058998164464802194e+01 2.653443071251477825e-01 1.357834703350287242e+01
2.065752675710230950e-03 8.153894528415996101e-02 1.903865625148680962e+00 1.059230118419447741e+01 2.654093427626761370e-01 1.356487142020252179e+01
2.244459555766197250e-03 1.402606311966627939e-01 1.904338301633102581e+00 1.059283913640829056e+01 2.654617544336340673e-01 1.354882044433076338e+01
2.438626248293836174e-03 2.623776028941306460e-01 1.904450280037432996e+00 1.059288280756603307e+01 2.654762695659932947e-01 1.354086152778565300e+01
2.649590171313006160e-03 5.433747425131751907e-01 1.904419129932140464e+00 1.059260323579696106e+01 2.654789339388165526e-01 1.353950351257400087e+01
2.878804441980478256e-03 1.272042368643243604e+00 1.904391761658565940e+00 1.059269005575048261e+01 2.654729428688410442e-01 1.354012187475441387e+01
3.127847885644767165e-03 3.465846619115662719e+00 1.904388236981364058e+00 1.059270568984015526e+01 2.654720597087912859e-01 1.354034136783843678e+01
3.398435910777565776e-03 1.134336991912222992e+01 1.904392044508087078e+00 1.059267600335386383e+01 2.654733344784565019e-01 1.354027282600829096e+01
3.692432324688253113e-03 4.635367044798130820e+01 1.904396985511915386e+00 1.059265025418623551e+01 2.654746685853260901e-01 1.354006718977569079e+01
