9.999999999999999547e-07 1.376636829314186643e-04 9.799270850842670133e-02 1.001190932476692694e+02 1.445263680729869191e-03 4.344125126153266907e+10
1.086331517119035616e-06 1.432992725334709407e-04 9.978604346400658798e-02 7.718383270070152946e+01 1.909034151345356811e-03 8.802606834205820084e+09
1.180116165086145600e-06 1.494213911357286824e-04 1.020520329823077915e-01 6.241596731434069056e+01 2.414327550353392166e-03 2.544637610299707890e+09
1.281997383994730613e-06 1.551198054639287395e-04 1.046858702758518139e-01 5.242412279398315889e+01 2.948676513515655247e-03 9.754970047709047794e+08
1.392674163097630503e-06 1.603750637846479009e-04 1.077295799769338452e-01 4.481989054228746028e+01 3.549232176246593529e-03 4.497859796449579000e+08
1.512905836450332209e-06 1.656985468460584377e-04 1.111529269398264935e-01 3.909584504368171309e+01 4.198174956557259446e-03 2.450474043364002109e+08
1.643517292569333049e-06 1.710871269526386383e-04 1.149979933255195069e-01 3.457890660400934024e+01 4.910766002532242214e-03 1.505178364615360796e+08
1.785404633848213351e-06 1.765402716299403697e-04 1.192697234027657316e-01 3.104112981923412917e+01 5.673655039907622884e-03 1.007518445818360299e+08
1.939541324559685703e-06 1.820564672111843387e-04 1.239769299885022519e-01 2.817574567483253745e+01 6.497341506761031803e-03 7.122603154159411788e+07
2.106984869623987115e-06 1.876333682291787678e-04 1.291483254731656538e-01 2.578036020007497697e+01 7.397245521479031173e-03 5.202523796359550208e+07
2.288884069965479423e-06 1.932712351836994330e-04 1.347911147673671040e-01 2.378890990942802830e+01 8.366753200460127007e-03 3.879721847720745206e+07
2.486486904235192004e-06 1.989692907272404981e-04 1.409633336224516698e-01 2.211191532243045543e+01 9.413476314958035829e-03 2.928332769269361719e+07
2.701149090974430354e-06 2.047261964004463530e-04 1.476806125110723400e-01 2.069973212939288842e+01 1.053486548300730519e-02 2.227001918425282836e+07
2.934343389962956779e-06 2.105431254296822588e-04 1.549806169474569895e-01 1.947951056727450236e+01 1.174815261534513378e-02 1.700181305453643575e+07
3.187669706566672666e-06 2.164202030115399702e-04 1.628904401889521292e-01 1.844125157455524899e+01 1.304293828831640245e-02 1.300816603913489915e+07
3.462866068408964516e-06 2.223572765740463924e-04 1.714484062928194885e-01 1.755612544845203971e+01 1.442032379030339789e-02 9.960865650880083442e+06
3.761820549674740548e-06 2.283565745923358766e-04 1.807115142320338264e-01 1.677671674729971940e+01 1.590556452843215618e-02 7.626990582614461891e+06
4.086584224857725387e-06 2.344192805339061431e-04 1.907277744805186415e-01 1.610945138802942367e+01 1.748249551894383649e-02 5.836931045728350990e+06
4.439385240824410432e-06 2.405466056572916366e-04 2.015232889442702957e-01 1.551974421812659521e+01 1.917392031269704242e-02 4.464071233190458268e+06
4.822644103740636925e-06 2.467419890660037143e-04 2.131590684214849096e-01 1.501287915774188697e+01 2.096573343391755148e-02 3.410875151474044658e+06
5.238990285741737817e-06 2.530078471671318814e-04 2.256756188877419023e-01 1.456603956253424492e+01 2.287775432484588992e-02 2.603771192702703644e+06
5.691280265281712068e-06 2.593469548114231025e-04 2.391391438401948843e-01 1.417549300577970683e+01 2.491051653817666703e-02 1.985622418703952571e+06
6.182617124933109037e-06 2.657641542958980377e-04 2.536050059631290710e-01 1.383662756261924365e+01 2.706436274360078317e-02 1.512742169512739638e+06
6.716371841094714803e-06 2.722633148350474285e-04 2.691175988240781525e-01 1.354100621517441638e+01 2.934684354869839668e-02 1.151481555701262783e+06
7.296206411671991241e-06 2.788490261568256335e-04 2.857535116609984382e-01 1.327687750670415312e+01 3.178087592432423530e-02 8.757639760489998152e+05
7.926098980405269181e-06 2.855277949844310333e-04 3.035595920738182740e-01 1.305265478496741416e+01 3.434119025366465239e-02 6.655845633433316834e+05
8.610371130219296682e-06 2.923052429131893200e-04 3.226051914480851934e-01 1.285602766311482448e+01 3.705397367790595059e-02 5.055409553396612173e+05
9.353717532849073851e-06 2.991881163824694533e-04 3.429459747964064831e-01 1.268705941827267125e+01 3.991489315190480114e-02 3.838017140759265167e+05
1.016123815816285812e-05 3.061849583658645671e-04 3.646541622576127128e-01 1.254218184095060806e+01 4.293172285040775665e-02 2.912742982400078909e+05
1.103847326416489091e-05 3.133035689936106019e-04 3.877707747198659294e-01 1.242224095452621135e+01 4.609410219361578798e-02 2.210124252611423726e+05
1.199144140773815961e-05 3.205533369912062672e-04 4.123678955356966935e-01 1.231877051903732045e+01 4.942967060922968947e-02 1.676931798344910494e+05
1.302668073691221863e-05 3.279453824792402878e-04 4.384881895478112690e-01 1.223155841822750745e+01 5.293541735870464782e-02 1.272539097959536739e+05
1.415129384795516661e-05 3.354903035098104119e-04 4.661946019275259867e-01 1.216177029818627098e+01 5.660316021594421348e-02 9.659485342656164721e+04
1.537299651504641252e-05 3.432008363877960379e-04 4.955201873711367888e-01 1.210686545211573417e+01 6.043657873279499604e-02 7.335644612405494263e+04
1.670017062685601379e-05 3.510914739200751570e-04 5.265261006845521896e-01 1.206325274620924048e+01 6.445041417198139888e-02 5.574435372667757474e+04
1.814192169321924910e-05 3.591765237996299228e-04 5.592218670321670304e-01 1.203072168266009534e+01 6.863769651785457671e-02 4.239582498701466830e+04
1.970814131644960910e-05 3.674731084246311949e-04 5.936358694552371640e-01 1.200836850428722258e+01 7.299722704823613517e-02 3.227661979444786630e+04
2.140957505589505442e-05 3.760002739873479242e-04 6.297905234406553365e-01 1.199580042367111332e+01 7.752416991804403357e-02 2.460235961823041362e+04
2.325789615134433227e-05 3.847773949724463431e-04 6.676739625662622135e-01 1.198920603794137563e+01 8.223264350055148331e-02 1.877923047893974945e+04
2.526578561108686830e-05 3.938275278105799328e-04 7.072863276589326231e-01 1.199154924589237581e+01 8.709439419329335907e-02 1.435743671976408223e+04
2.744701921409629705e-05 4.031760440002219673e-04 7.485928020192784693e-01 1.199687871156540808e+01 9.213987394764276695e-02 1.099676977871036252e+04
2.981656202324455037e-05 4.128494317207772007e-04 7.915620961823527368e-01 1.200966800570909321e+01 9.732495755296668993e-02 8.439784537418981927e+03
3.239067105798507231e-05 4.228790214760963203e-04 8.361230976974837192e-01 1.202471967993634472e+01 1.026751852302579676e-01 6.491874612067657836e+03
3.518700683092455930e-05 4.332992084336073960e-04 8.822068505050522091e-01 1.204458465138127643e+01 1.081555555881482666e-01 5.005800939218825988e+03
3.822475451351615137e-05 4.441467325120539698e-04 9.297147570445422060e-01 1.206617375526026592e+01 1.137759274858125003e-01 3.870256040784536708e+03
4.152475556217070132e-05 4.554647976373588742e-04 9.785307858949310322e-01 1.208953413442232439e+01 1.195185079708189491e-01 3.000986768636279521e+03
4.510965070785000718e-05 4.673010084234871042e-04 1.028517049052515286e+00 1.211317966265905710e+01 1.253786448321786151e-01 2.334236670292028521e+03
4.900403529016847940e-05 4.797072640750752901e-04 1.079519882424829769e+00 1.213771097292468504e+01 1.313300437149069189e-01 1.821724182476031501e+03
5.323462800172347838e-05 4.927442957859131615e-04 1.131361578941087132e+00 1.216155665847130329e+01 1.373670252821678206e-01 1.426848545318686092e+03
5.783045420037976085e-05 5.064795570910489647e-04 1.183842992489793744e+00 1.218496281363729672e+01 1.434630747926663452e-01 1.121844188446621956e+03
6.282304504718144397e-05 5.209879643227604152e-04 1.236751658042175794e+00 1.220595965111866299e+01 1.496169531276026199e-01 8.856241629188442630e+02
6.824665383614213958e-05 5.363568800414330500e-04 1.289854263680764612e+00 1.222529518206163068e+01 1.557942857776844214e-01 7.021549488982707317e+02
7.413849100011393994e-05 5.526844169467477535e-04 1.342900856666132903e+00 1.224149819096181879e+01 1.619867951619721469e-01 5.592266591054074070e+02
8.053897940506973428e-05 5.700814391732138059e-04 1.395630522531130735e+00 1.225450626203900661e+01 1.681685872905855361e-01 4.475287070854835179e+02
8.749203168432817057e-05 5.886770288608357202e-04 1.447767091031806563e+00 1.226392834703109891e+01 1.743168346390413792e-01 3.599470538800055692e+02
9.504535151546295957e-05 6.086180601764693910e-04 1.499030256055410515e+00 1.226882566010019993e+01 1.804170753761586976e-01 2.910380663946571644e+02
1.032507609069047882e-04 6.300734153604150992e-04 1.549130603192789613e+00 1.226945509755725716e+01 1.864373807862741428e-01 2.366268792733999078e+02
1.121645557396927007e-04 6.532396336359832124e-04 1.597779049406105933e+00 1.226474236953928632e+01 1.923660942768730397e-01 1.935051067929985606e+02
1.218478920036829950e-04 6.783439858933998845e-04 1.644683771373266490e+00 1.225493430705101972e+01 1.981717089660748055e-01 1.592020065600915473e+02
1.323672053781173601e-04 7.056517729846883665e-04 1.689559456847230967e+00 1.223963012323581090e+01 2.038334338206522767e-01 1.318094725836139389e+02
1.437946670352171943e-04 7.354732649180276702e-04 1.732128671746322235e+00 1.221843809808915005e+01 2.093315516881137373e-01 1.098511029309481160e+02
1.562086787939940690e-04 7.681732180419477028e-04 1.772123633998136105e+00 1.219144742359078926e+01 2.146391711295592974e-01 9.218105417496562382e+01
1.696944110214396943e-04 8.041837044098460808e-04 1.809293297266407086e+00 1.215846349505262758e+01 2.197356456481645848e-01 7.790807443874587079e+01
1.843443869715417742e-04 8.440149665292763460e-04 1.843402891119282572e+00 1.211965941843881645e+01 2.245950000171830774e-01 6.633661232912669448e+01
2.002591175711735489e-04 8.882773933682154219e-04 1.874240775169160100e+00 1.207441457943424190e+01 2.292078743457336976e-01 5.692267852786194027e+01
2.175477910080122741e-04 9.377052308019051974e-04 1.901618173526851807e+00 1.202311513172776181e+01 2.335482128789004852e-01 4.923962200530749556e+01
2.363290218516288710e-04 9.931779204591145629e-04 1.925378904865235441e+00 1.196613546987903121e+01 2.375923915269351483e-01 4.295196512159623126e+01
2.567316648473376710e-04 1.055767871088682513e-03 1.945392653780152026e+00 1.190349396806684723e+01 2.413254087035749396e-01 3.779511632585844438e+01
2.788956989661041581e-04 1.126787638355292208e-03 1.961570201099623878e+00 1.183567001760125237e+01 2.447266368816271020e-01 3.356018215952498451e+01
3.029731877758217481e-04 1.207838963916445501e-03 1.973858746799354691e+00 1.176277906533441353e+01 2.477857721383495693e-01 3.008177894522668083e+01
3.291293227228988595e-04 1.300918381163112874e-03 1.982251471354055994e+00 1.168583177066050105e+01 2.504778656797485570e-01 2.722903550425413854e+01
3.575435564819274214e-04 1.408520391487172018e-03 1.986789242668799638e+00 1.160495858789825618e+01 2.528007976274248558e-01 2.489814445158472367e+01
3.884108341491478156e-04 1.533762365598880092e-03 1.987568065498141801e+00 1.152106113187655367e+01 2.547415366664301239e-01 2.300715961586175951e+01
4.219429307267138184e-04 1.680632791414138480e-03 1.984746913134233015e+00 1.143550517090063323e+01 2.562831277394900242e-01 2.149117710236297540e+01
4.583699040740031897e-04 1.854244032514570581e-03 1.978547755859175972e+00 1.134873598155474816e+01 2.574360004705421590e-01 2.029940696958202651e+01
4.979416732944187077e-04 2.061180240159771540e-03 1.969274225707747794e+00 1.126426292933634521e+01 2.581509054520640389e-01 1.939177601363446257e+01
5.409297333867170215e-04 2.310140699722428893e-03 1.957306337366766513e+00 1.117840022757502361e+01 2.585528816075406966e-01 1.873700823399599358e+01
5.876290179247877334e-04 2.612647543946931827e-03 1.943117505652464772e+00 1.109730612761213031e+01 2.585542809314131940e-01 1.830996997919881508e+01
6.383599225454035866e-04 2.984121416656024522e-03 1.927267022752649828e+00 1.102136757751575225e+01 2.582121289213684112e-01 1.808988358785353867e+01
6.934705031267383640e-04 3.445787347557132448e-03 1.910409690863592580e+00 1.095213000775136614e+01 2.575717075201771067e-01 1.805744515509231718e+01
7.533388637389705272e-04 4.026996470461089925e-03 1.893271223963800765e+00 1.089102004878612107e+01 2.566932872052510306e-01 1.819254972533654424e+01
8.183757507502863572e-04 4.769041935474882359e-03 1.876634558938569786e+00 1.084008934729010143e+01 2.556330978507564411e-01 1.847073275142895099e+01
8.890273708859882870e-04 5.731887844582721214e-03 1.861288261824683543e+00 1.080008878190652766e+01 2.544816944943160131e-01 1.886071304569353302e+01
9.657784525749231030e-04 7.003408728543302972e-03 1.847958349343313378e+00 1.077142242956352547e+01 2.533315937533867079e-01 1.932246523735710753e+01
1.049155571586590742e-03 8.715709875477225740e-03 1.837226079350855024e+00 1.075377487671045884e+01 2.522736530509874231e-01 1.980772400930920796e+01
1.139730763775550224e-03 1.107498457784826529e-02 1.829426262265617220e+00 1.074590183197237181e+01 2.513866876036235931e-01 2.026451296964432558e+01
1.238125449719530572e-03 1.440848766329914585e-02 1.824563125707299172e+00 1.074589864975746423e+01 2.507185043658501367e-01 2.064542530737587356e+01
1.345014698177505888e-03 1.925476118260249780e-02 1.822280989310211652e+00 1.075036921229825992e+01 2.503007780103452262e-01 2.091889074098252621e+01
1.461131857618571707e-03 2.654278104227845297e-02 1.821909635162087815e+00 1.075669179878796200e+01 2.501026781485060635e-01 2.107740056129221529e+01
1.587273587597737550e-03 3.792221022632276395e-02 1.822623387766318714e+00 1.076250095749379909e+01 2.500656104475464936e-01 2.113842407738829365e+01
1.724305324498024783e-03 5.647587587163306611e-02 1.823640895856946109e+00 1.076689613572468218e+01 2.501030766787040727e-01 2.113696697314784956e+01
1.873167219138370228e-03 8.833923120869720258e-02 1.824440349542530759e+00 1.076892395938493152e+01 2.501656018124793768e-01 2.111070430122813590e+01
2.034880586984230515e-03 1.463347508643902117e-01 1.824842545785545278e+00 1.076928752332715433e+01 2.502123033104702854e-01 2.108629879973108956e+01
2.210554915214652753e-03 2.593059937293658024e-01 1.824934677048578369e+00 1.076900928966201398e+01 2.502314007791988648e-01 2.107439788256657565e+01
2.401395474720075061e-03 4.982357236025669045e-01 1.824903727755954330e+00 1.076882272499335436e+01 2.502314921389768299e-01 2.107208121584493554e+01
2.608711589255445756e-03 1.052675968270605500e+00 1.824869011054870205e+00 1.076860130621884259e+01 2.502318768128398707e-01 2.107309245017551191e+01
2.833925618481875682e-03 2.488141006047476900e+00 1.824861919336841609e+00 1.076877821815531533e+01 2.502267935235980567e-01 2.107368715943100668e+01
3.078582716527917575e-03 6.739628879002286688e+00 1.824864287228525450e+00 1.076863703105503767e+01 2.502303989272791629e-01 2.107370960286585060e+01
3.344361433022214562e-03 2.141035214500973183e+01 1.824866437183792600e+00 1.076870931416593891e+01 2.502290141045104277e-01 2.107357098389577388e+01
3.633085229329413839e-03 8.216320656509171272e+01 1.824881666244382306e+00 1.076874664376573776e+01 2.502302349210092092e-01 2.107289340180314596e+01
