9.999999999999999547e-07 1.345018914472863281e-04 9.819592001109102297e-02 9.720364827762567472e+01 1.491698706636292735e-03 3.604569285112149048e+10
1.087384428423137011e-06 1.386777835014897349e-04 1.003537858623151646e-01 7.346753615100044499e+01 2.017012179455160252e-03 6.552160152841702461e+09
1.182404895177110111e-06 1.432185834960063102e-04 1.031758521974555226e-01 5.863170078749961789e+01 2.598458633132922930e-03 1.767265592977608442e+09
1.285728671106881326e-06 1.481561787026276290e-04 1.065352111556755604e-01 4.850452214170424980e+01 3.243255592848098313e-03 6.497742240321278572e+08
1.398081336138792766e-06 1.532044676719688245e-04 1.103685281971301946e-01 4.124793750006683268e+01 3.951056576488559680e-03 3.046888807400165200e+08
1.520251874586336951e-06 1.581244477539605015e-04 1.146720251389851536e-01 3.593413719135079276e+01 4.712165071908446141e-03 1.718135427317384481e+08
1.653098215706263360e-06 1.631634838088752556e-04 1.194468337127006508e-01 3.186405570374074614e+01 5.535333913720884465e-03 1.093240757567987293e+08
1.797553258413063040e-06 1.683241758028165282e-04 1.246977757339653436e-01 2.863332116445186770e+01 6.430684714939341982e-03 7.486069152631372213e+07
1.954631422459631997e-06 1.736110584712817462e-04 1.304252822261535716e-01 2.606390734544238441e+01 7.389116214364900223e-03 5.360798362772765011e+07
2.125435772089170303e-06 1.790264672517908782e-04 1.366713939504058672e-01 2.399901627591771103e+01 8.409194908825898263e-03 3.945786087522771955e+07
2.311165762183267113e-06 1.845754520686493068e-04 1.434149751740662893e-01 2.226462926105399731e+01 9.511505628040572632e-03 2.951965038088699803e+07
2.513125661302775674e-06 1.902606590167909108e-04 1.506964361035795785e-01 2.082051993923271382e+01 1.068763579701028851e-02 2.230080233003738523e+07
2.732733710771231755e-06 1.960870360740622027e-04 1.585324748461632571e-01 1.963100337120813066e+01 1.192465922285358519e-02 1.695921768387775868e+07
2.971532084119613939e-06 2.020578542585972442e-04 1.669538447659119074e-01 1.860260369866260532e+01 1.325235086833197531e-02 1.294617705989861488e+07
3.231197716831413503e-06 2.081778348130377176e-04 1.759735147622137896e-01 1.771991880725358115e+01 1.466411358132061957e-02 9.909562764900159091e+06
3.513554082438872119e-06 2.144509480900837174e-04 1.856359958385069842e-01 1.697325735440989547e+01 1.614980307140218355e-02 7.598340896458058618e+06
3.820583997666564713e-06 2.208816469325003288e-04 1.959461123404496463e-01 1.632622581369360049e+01 1.772234094202201557e-02 5.833159950705368072e+06
4.154443546545241648e-06 2.274746497119429080e-04 2.069483075945828254e-01 1.576139577759141375e+01 1.938819770289007191e-02 4.481924742504389025e+06
4.517477221276279073e-06 2.342340945908533460e-04 2.186828115913079518e-01 1.527492092904206089e+01 2.114004528037890032e-02 3.445544673787022475e+06
4.912234386172047813e-06 2.411655003435227704e-04 2.311611347729799759e-01 1.484047289597414832e+01 2.300050188569911433e-02 2.650100125144324731e+06
5.341487180288161557e-06 2.482726390973953503e-04 2.444284313796314667e-01 1.446476634992886190e+01 2.495229710342092636e-02 2.038999579476824729e+06
5.808249984467156228e-06 2.555618864888372678e-04 2.585259713667000803e-01 1.413353953095920978e+01 2.700993105851821896e-02 1.569219561863511102e+06
6.315800589498500986e-06 2.630365917434752043e-04 2.734737919957210273e-01 1.383947647046255192e+01 2.917872332527237864e-02 1.208042371219767025e+06
6.867703214046339822e-06 2.707037641095669201e-04 2.893190580789368194e-01 1.358400303594308767e+01 3.144991728660088276e-02 9.302207626790669747e+05
7.467833533985505344e-06 2.785671197582765017e-04 3.060986738809280405e-01 1.335847208418528531e+01 3.383567898086254494e-02 7.164836916448347038e+05
8.120405898911965019e-06 2.866334489808413342e-04 3.238454090288918619e-01 1.316168074405904953e+01 3.633261255092754688e-02 5.520213900451468071e+05
8.830002926952239497e-06 2.949072476868272799e-04 3.426003667700420752e-01 1.298585300427214761e+01 3.895718575072719403e-02 4.254421055986633874e+05
9.601607685698589081e-06 3.033949259431449825e-04 3.623906237923352758e-01 1.282937361475877225e+01 4.171014838123006385e-02 3.280095029958728119e+05
1.044063868525653756e-05 3.121018549456459749e-04 3.832724999641907715e-01 1.272659043844533322e+01 4.446986657830033496e-02 2.529858400761208904e+05
1.135298792914017476e-05 3.210339985676695525e-04 4.052659047474510556e-01 1.257802873245415043e+01 4.757707302248739833e-02 1.952122824125677289e+05
1.234506229022286366e-05 3.301976708694853539e-04 4.284070163286434196e-01 1.247540763554082410e+01 5.070748429817074215e-02 1.507069832758142147e+05
1.342382850230198457e-05 3.395983174046937115e-04 4.527365449550372345e-01 1.238593290172350336e+01 5.397430567392592221e-02 1.164141338983631576e+05
1.459686208322583058e-05 3.492432692246575450e-04 4.782652830224848883e-01 1.230621493797774413e+01 5.738714190106940227e-02 8.997686426912728348e+04
1.587240053313988155e-05 3.591373752077159039e-04 5.050427149293245099e-01 1.223845148166638985e+01 6.093570996801811468e-02 6.959075809756657691e+04
1.725940118143140682e-05 3.692890649292484141e-04 5.330869170825420778e-01 1.218087722389511285e+01 6.462338362025690786e-02 5.386297132464568858e+04
1.876760408859636721e-05 3.797025060531770014e-04 5.624158669958111423e-01 1.212993935234395693e+01 6.846508791300424945e-02 4.172277702173655416e+04
2.040760044475005232e-05 3.903869136189228105e-04 5.930572348015721307e-01 1.208734532071526324e+01 7.244958694565718782e-02 3.234645485131518217e+04
2.219090694510229077e-05 4.013468924162126670e-04 6.250181419167761820e-01 1.205263654361986170e+01 7.657390553898611729e-02 2.510056428775515451e+04
2.413004666469108071e-05 4.125912474265442265e-04 6.583092490377647765e-01 1.202246791451337238e+01 8.085494111489041624e-02 1.949714963825949599e+04
2.623863700030868018e-05 4.241255852293143052e-04 6.929302628243184659e-01 1.199768906983670114e+01 8.528293956746337001e-02 1.516070591218825939e+04
2.853148529718277176e-05 4.359581017518084924e-04 7.288859119580556323e-01 1.197767993831160460e+01 8.985807018097394239e-02 1.180219799226464420e+04
3.102469283194022898e-05 4.480955429480941161e-04 7.661601203453833886e-01 1.196153781867284671e+01 9.458075139675631293e-02 9.198752315792580703e+03
3.373576788206272614e-05 4.605454092723160458e-04 8.047410430393274750e-01 1.194846912173478337e+01 9.945213733960428515e-02 7.178834761733669438e+03
3.668374867585232567e-05 4.733156966278762924e-04 8.445992365134730173e-01 1.193899089369688582e+01 1.044607882344106148e-01 5.610077648463238802e+03
3.988933708630969504e-05 4.864131199122600190e-04 8.857111209211451230e-01 1.193044830773765774e+01 1.096239809755291394e-01 4.390453890867361224e+03
4.337504400777462163e-05 4.998470489120210129e-04 9.280329358397580997e-01 1.192525212332795626e+01 1.149121776796025590e-01 3.441201013548316496e+03
4.716534743622242433e-05 5.136233199977909046e-04 9.715148029264804030e-01 1.192134529469442050e+01 1.203356727000677029e-01 2.701493685337028182e+03
5.128686436331529423e-05 5.277528155661299685e-04 1.016099998431207796e+00 1.191771276993007689e+01 1.258965332981044349e-01 2.124366018805604654e+03
5.576853769131855830e-05 5.422403984731086072e-04 1.061721300914113986e+00 1.191488940039226918e+01 1.315802630199247314e-01 1.673482388716292689e+03
6.064183948146848179e-05 5.570980421243057912e-04 1.108304569065785783e+00 1.191258256987408970e+01 1.373799755638644149e-01 1.320738337044572518e+03
6.594099196308423315e-05 5.723312693829214932e-04 1.155763383148917356e+00 1.191050601780131757e+01 1.432877137260839540e-01 1.044368858393008622e+03
7.170320785543288558e-05 5.879514780855631855e-04 1.204006279861023598e+00 1.192220724855365255e+01 1.491222061373786434e-01 8.275040756707254559e+02
7.796895168998527767e-05 6.039656596849802888e-04 1.252929943077410346e+00 1.190482942666158905e+01 1.554081698969139724e-01 6.570587151760691995e+02
8.478222396816565765e-05 6.203844289383407670e-04 1.302420997795157520e+00 1.190025568804409950e+01 1.616089213760473486e-01 5.228693086992890358e+02
9.219087015006620128e-05 6.372164707438942970e-04 1.352366927704520716e+00 1.189496555864268679e+01 1.678810155286546424e-01 4.170399472206067344e+02
1.002469166439612852e-04 6.544715414588714482e-04 1.402640100017070734e+00 1.188823805496515007e+01 1.742203944975092567e-01 3.334227103658948863e+02
1.090069361560755986e-04 6.721602204388094472e-04 1.453109533039189882e+00 1.187974086449131050e+01 1.806182456273261183e-01 2.672300390737057114e+02
1.185324449662315409e-04 6.902913317564836077e-04 1.503640164624857833e+00 1.187004359983667534e+01 1.870517771687231212e-01 2.147272843356946339e+02
1.288903349192025002e-04 7.088775705617940013e-04 1.554091749429529878e+00 1.185807993226647028e+01 1.935229681396846979e-01 1.729971565299878193e+02
1.401533431653835722e-04 7.279267561042250707e-04 1.604322309536740487e+00 1.184400310340673457e+01 2.000153586713548926e-01 1.397585653919340984e+02
1.524005629494822414e-04 7.474539409756780469e-04 1.654185957252823247e+00 1.182788408025703397e+01 2.065130520496340494e-01 1.132256996990175395e+02
1.657179990341869056e-04 7.674658677284199862e-04 1.703540412086056888e+00 1.180947575066279320e+01 2.130061078672943198e-01 9.199728036101977580e+01
1.801991716592151360e-04 7.879793901734316076e-04 1.752239964922917004e+00 1.178873354657456751e+01 2.194808658264907342e-01 7.497312455357746330e+01
1.959457732769782250e-04 8.090025542473910014e-04 1.800145644671026002e+00 1.176545643464458735e+01 2.259275012291491747e-01 6.128752125922329697e+01
2.130683826767163381e-04 8.305517095117850553e-04 1.847118797333456630e+00 1.173996159360200764e+01 2.323263058220411681e-01 5.025861242688924335e+01
2.316872415119632122e-04 8.526373445808251928e-04 1.893029931642454144e+00 1.171170980626032687e+01 2.386752647814235628e-01 4.134790543013110664e+01
2.519330986844191722e-04 8.752751112430202322e-04 1.937751805677333738e+00 1.168095662165357318e+01 2.449570674495158695e-01 3.412983411223519425e+01
2.739481285138266830e-04 8.984782672498478747e-04 1.981167976680559217e+00 1.164832461285909382e+01 2.511470432399636743e-01 2.826732821542480067e+01
2.978869291415952333e-04 9.222617020674421170e-04 2.023169494104637867e+00 1.161280698636870490e+01 2.572558712093471200e-01 2.349274627239921998e+01
3.239176081793567114e-04 9.466417341828562391e-04 2.063656508677447654e+00 1.157503733686036007e+01 2.632602237178168214e-01 1.959343019916946815e+01
3.522229632262990863e-04 9.716324129550202738e-04 2.102542615273728543e+00 1.153503306294283526e+01 2.691511243568464051e-01 1.639991272444171955e+01
3.830017655453324768e-04 9.972534156520455797e-04 2.139749546026665339e+00 1.149283367108647269e+01 2.749198235367398824e-01 1.377691710276046066e+01
4.164701559125632982e-04 1.023517853903678282e-03 2.175211329889956691e+00 1.144854022751488287e+01 2.805573024801314985e-01 1.161623326086028563e+01
4.528631624422769868e-04 1.050449063103492875e-03 2.208875953960640182e+00 1.140209728859144533e+01 2.860597930887602836e-01 9.831110283422301421e+00
4.924363510461891467e-04 1.078059091621121415e-03 2.240699728448678929e+00 1.135406123102244891e+01 2.914088013784615905e-01 8.351889483835465811e+00
5.354676201171351332e-04 1.106374087467556881e-03 2.270657163693333036e+00 1.130409586362736718e+01 2.966101238185768207e-01 7.122421658880947248e+00
5.822591520401679006e-04 1.135408293817566274e-03 2.298729318144954625e+00 1.125238636511571855e+01 3.016570183798122917e-01 6.097455433381079537e+00
6.331395352353377240e-04 1.165187377355089704e-03 2.324910774341735653e+00 1.119951564543780798e+01 3.065330344282486408e-01 5.240370956551321235e+00
6.884660716339677375e-04 1.195729175968695320e-03 2.349207649780876928e+00 1.114511044609466417e+01 3.112484983336786803e-01 4.521467832327491720e+00
7.486272857924237707e-04 1.227058546418759903e-03 2.371635490909516086e+00 1.108960040104028977e+01 3.157928397550910926e-01 3.916625575589788522e+00
8.140456532633584498e-04 1.259197179965498110e-03 2.392221509094549781e+00 1.103313943472254266e+01 3.201640162040692017e-01 3.406185604130955724e+00
8.851805673841162039e-04 1.292168857724673194e-03 2.411000450454371169e+00 1.097583788992801601e+01 3.243619051139404186e-01 2.974099797440958426e+00
9.625315653162444226e-04 1.325999309622991756e-03 2.428016635402748591e+00 1.091777698246094808e+01 3.283882991109557392e-01 2.607222607699987815e+00
1.046641835990630735e-03 1.360710900438598034e-03 2.443320331299398962e+00 1.085917884630442565e+01 3.322413310711818668e-01 2.294781160194297787e+00
1.138102034592413780e-03 1.396333546178318971e-03 2.456968793518685246e+00 1.080026629370044056e+01 3.359196520658923046e-01 2.027894974664521843e+00
1.237554430372479926e-03 1.432887766610386375e-03 2.469025304018644729e+00 1.074109687097675980e+01 3.394275915160445689e-01 1.799251661322972318e+00
1.345697416913098745e-03 1.470407768229071684e-03 2.479558851850950152e+00 1.068184882130103119e+01 3.427663883961336033e-01 1.602795467127443807e+00
1.463290416520540401e-03 1.508911696251134587e-03 2.488638460791498197e+00 1.062260281875094847e+01 3.459402542560953697e-01 1.433514363832530503e+00
1.591159213185240270e-03 1.548436507558383383e-03 2.496339851595948289e+00 1.056349323029079201e+01 3.489525582389442215e-01 1.287237088707318566e+00
1.730201751559639397e-03 1.589002124076378895e-03 2.502739477275317093e+00 1.050488104781261001e+01 3.517991129543562856e-01 1.160487863254625829e+00
1.881394442676387075e-03 1.630643266996068897e-03 2.507914214586811852e+00 1.044661267099729507e+01 3.544928004646993869e-01 1.050365500572786326e+00
2.045799020688127481e-03 1.673383072302425841e-03 2.511943856884120141e+00 1.038889850743260368e+01 3.570348915491711739e-01 9.544355868550654654e-01
2.224569998779571227e-03 1.717253188485632666e-03 2.514905040454438634e+00 1.033195533194850135e+01 3.594258483004451610e-01 8.706581825664999608e-01
2.418962776610180006e-03 1.762279849102548314e-03 2.516878129277511977e+00 1.027565437388416392e+01 3.616787006419724948e-01 7.973122960117867697e-01
2.630342456221102920e-03 1.808490751367967247e-03 2.517937351226219977e+00 1.022030715313836424e+01 3.637903773494489124e-01 7.329469703028774763e-01
2.860193428315091317e-03 1.855915031673142273e-03 2.518159405984250920e+00 1.016591981489743368e+01 3.657688979642719773e-01 6.763333507355633323e-01
3.110129796228015484e-03 1.904575425563702264e-03 2.517617388145536594e+00 1.011262741777386509e+01 3.676173141541668188e-01 6.264284706006748582e-01
3.381906710793164839e-03 1.954503736048351405e-03 2.516382175945519162e+00 1.006039729275160433e+01 3.693445573715337105e-01 5.823459691666367233e-01
3.677432695696193372e-03 2.005716593828989723e-03 2.514522379617461834e+00 1.000935936598514608e+01 3.709534873754187223e-01 5.433294083500127547e-01
3.998783049874157433e-03 2.058248202360303362e-03 2.512103498590213313e+00 9.959581642140038937e+00 3.724488754794276213e-01 5.087321242909357277e-01
