9.999999999999999547e-07 1.409087038812597561e-04 9.780826752423245340e-02 1.028775820271043244e+02 1.403864050778344964e-03 5.163877980302976990e+10
1.085468580103650339e-06 1.480222339543924394e-04 9.926886277345796372e-02 8.085698336857349489e+01 1.812866180280961600e-03 1.174093668056524467e+10
1.178242038392237270e-06 1.540923106560248992e-04 1.011054701580802878e-01 6.642610327044009466e+01 2.247533179429450807e-03 3.668075576022220135e+09
1.278944712432052378e-06 1.590049451205309615e-04 1.033177509408946676e-01 5.589062185874683308e+01 2.729645426255229625e-03 1.384706685560592890e+09
1.388254301034694090e-06 1.640034268613788668e-04 1.059462978447282822e-01 4.767351320371959389e+01 3.281548768853081912e-03 6.153733430437989235e+08
1.506906424966914933e-06 1.690879182430718322e-04 1.089764380924924947e-01 4.149517159304170377e+01 3.877977446825905603e-03 3.202324274477161169e+08
1.635699577457908463e-06 1.742594356782939109e-04 1.124387076372252714e-01 3.664606210353903037e+01 4.530631779752486779e-03 1.888924717070040107e+08
1.775500497819376673e-06 1.795186528327643129e-04 1.163294835926195758e-01 3.269514900974925098e+01 5.253838445633082777e-03 1.220580936977628320e+08
1.927250004341327243e-06 1.848662268279104872e-04 1.206849121707815053e-01 2.947804279194577504e+01 6.045393417146606788e-03 8.411311701041163504e+07
2.091969325717134143e-06 1.903026409882272265e-04 1.254934091514308681e-01 2.679975273987936291e+01 6.914493383305168710e-03 6.044420389919812977e+07
2.270766973606568634e-06 1.958296859974305846e-04 1.308055803947564544e-01 2.464989034122794109e+01 7.835767036229996860e-03 4.460510819033141434e+07
2.464846202586990219e-06 2.014487032458364148e-04 1.366159776394144376e-01 2.281083304641824583e+01 8.843630390882732326e-03 3.344908725240191072e+07
2.675513107695974628e-06 2.071611827046842310e-04 1.429725755705138768e-01 2.126567545456999753e+01 9.927589115709085227e-03 2.532232163996994123e+07
2.904185414059460338e-06 2.129680945580316636e-04 1.498913065420034996e-01 1.994986362830500326e+01 1.109447482200228742e-02 1.928130817450830340e+07
3.152402017756854533e-06 2.188722232025704410e-04 1.574010382849975742e-01 1.882471141918129121e+01 1.234666033636591317e-02 1.473098680609536543e+07
3.421833342130421934e-06 2.248757911418882522e-04 1.655393524845399367e-01 1.786403370727678919e+01 1.368333493615156785e-02 1.127375088075872883e+07
3.714292579233637555e-06 2.309812794616141721e-04 1.743340387897317489e-01 1.703314043009975975e+01 1.511324419529255780e-02 8.636779225816242397e+06
4.031747892070261764e-06 2.371905924920630589e-04 1.838159093586241577e-01 1.631635043007625185e+01 1.663528738286368033e-02 6.619018526559129357e+06
4.376335659741400951e-06 2.435075260874709074e-04 1.940205486598224338e-01 1.568455735769856041e+01 1.826609435286048744e-02 5.072795543527334929e+06
4.750374854636470640e-06 2.499355265583397484e-04 2.049885521860532467e-01 1.513897063254441733e+01 1.999417535088431411e-02 3.887020808371183928e+06
5.156382648422345064e-06 2.564782945110322945e-04 2.167663561751043411e-01 1.467167185638755811e+01 2.181637083562308621e-02 2.977828585441170260e+06
5.597091351854102944e-06 2.631391332423894144e-04 2.293947462822490679e-01 1.425732862193411599e+01 2.375830986976146947e-02 2.280481479826513212e+06
6.075466802407506029e-06 2.699229865684815537e-04 2.429129786720760353e-01 1.389263380125304614e+01 2.581881860409279347e-02 1.745764412789150607e+06
6.594728323476140173e-06 2.768349332681803465e-04 2.573566027845961557e-01 1.357560846350452799e+01 2.799279387080929118e-02 1.336131307497677626e+06
7.158370389452972035e-06 2.838802644714929634e-04 2.727786961555612733e-01 1.329902471919739071e+01 3.028732312822520964e-02 1.022351869859422091e+06
7.770186142495548657e-06 2.910640999139721191e-04 2.892259348895316884e-01 1.305492998657361703e+01 3.271394517667286506e-02 7.821390159659960773e+05
8.434292919235702286e-06 2.983929378960998397e-04 3.067478385355969506e-01 1.284645412058328873e+01 3.525887701475737684e-02 5.982917636182382703e+05
9.155159959221069823e-06 3.058739800076005328e-04 3.253787256398121830e-01 1.266332098678478957e+01 3.794126210881458572e-02 4.576563728256235481e+05
9.937638481557487105e-06 3.135146277739978590e-04 3.451797417240675681e-01 1.250374185235580349e+01 4.076388199128651996e-02 3.501073563061265741e+05
1.078699433215962378e-05 3.213224011960543218e-04 3.661851312755702859e-01 1.236695843788260873e+01 4.372280740419767081e-02 2.678797488157248590e+05
1.170894342131542966e-05 3.293059483469454665e-04 3.884449259289833867e-01 1.224832447663707136e+01 4.682987568595955302e-02 2.050252821782384126e+05
1.270969019004923870e-05 3.374752944043948552e-04 4.119941352444314586e-01 1.214769523677571783e+01 5.008035297197143548e-02 1.569823903260131774e+05
1.379596936415006879e-05 3.458407074426778256e-04 4.368751895582352884e-01 1.206396075418708946e+01 5.347338794878781637e-02 1.202600250961646962e+05
1.497509127685746427e-05 3.544129563519547894e-04 4.631155418468660967e-01 1.199162187600533969e+01 5.702714966233410343e-02 9.218718193936385796e+04
1.625499106521303418e-05 3.632037322301345295e-04 4.907592253931277182e-01 1.193315724558174651e+01 6.072721212144704256e-02 7.072155844479138614e+04
1.764428207115431211e-05 3.722269188624798887e-04 5.198197712611091204e-01 1.188529667201708051e+01 6.458222481437803086e-02 5.430320726451636438e+04
1.915231380672420628e-05 3.814967824161716141e-04 5.503231634367325986e-01 1.184611777483183559e+01 6.859808339308039182e-02 4.173939456824395165e+04
2.078923487348446189e-05 3.910286114120100211e-04 5.822776882759149730e-01 1.181721916993064880e+01 7.275872731486507372e-02 3.211998544918278640e+04
2.256606125956246969e-05 4.008385086445559312e-04 6.156890927867505470e-01 1.179457829296466187e+01 7.708134380562818577e-02 2.474990975331210211e+04
2.449475047394931461e-05 4.109457865117058240e-04 6.505522180030008927e-01 1.178005683425159766e+01 8.154644093588039877e-02 1.909866450912488290e+04
2.658828201695103506e-05 4.213704441623450456e-04 6.868561619852666666e-01 1.176978983093910358e+01 8.617222881088026920e-02 1.476141793788470386e+04
2.886074472833525915e-05 4.321342415647952189e-04 7.245696103749671435e-01 1.176532331097087791e+01 9.093822729157019502e-02 1.142911290350450508e+04
3.132743160099998885e-05 4.432598340965821057e-04 7.636624912990852554e-01 1.176545347701849487e+01 9.584357928145897931e-02 8.865905753318813368e+03
3.400494269823174735e-05 4.547744031804887982e-04 8.040838801033587391e-01 1.176920536295744668e+01 1.008845008830528411e-01 6.891696170346771396e+03
3.691129686715560661e-05 4.667064039241526434e-04 8.457712601752063186e-01 1.177478215810051765e+01 1.060645557787516235e-01 5.368964454831268995e+03
4.006605300017580058e-05 4.790870038066964969e-04 8.886531578341196891e-01 1.178266286392297779e+01 1.113676542313754847e-01 4.192605931292231617e+03
4.349044166045842131e-05 4.919492428887753789e-04 9.326362016088695084e-01 1.179185125030561210e+01 1.167886160735960716e-01 3.282287555010967480e+03
4.720750795725854143e-05 5.053316519586856367e-04 9.776218571077532893e-01 1.180284754145920623e+01 1.223078523815102486e-01 2.576548328887229673e+03
5.124226663259720131e-05 5.192756582839256653e-04 1.023492008813656096e+00 1.181291726750963811e+01 1.279374024330438286e-01 2.028335271795087465e+03
5.562187040297794546e-05 5.338267422419127294e-04 1.070118320313196758e+00 1.182415777251518918e+01 1.336385695153480824e-01 1.601595262227011972e+03
6.037579268902985087e-05 5.490341063680042504e-04 1.117356277171544177e+00 1.183367776579654240e+01 1.394254866528591430e-01 1.268665065466420401e+03
6.553602596279357818e-05 5.649538286915150231e-04 1.165048664101836051e+00 1.184248469028107031e+01 1.452685057368605093e-01 1.008310434712156280e+03
7.113729704746966356e-05 5.816476014158094296e-04 1.213030753271512108e+00 1.184925893778859951e+01 1.511648635530249418e-01 8.042052615425278645e+02
7.721730081852849639e-05 5.991834604743784482e-04 1.261123456156558076e+00 1.185466755344541134e+01 1.570863537497341478e-01 6.437778494656957946e+02
8.381695387892472578e-05 6.176362073126669995e-04 1.309137642530284085e+00 1.185716120871050094e+01 1.630327375804186407e-01 5.173342622012852416e+02
9.098066991556957774e-05 6.370902122198026990e-04 1.356878702195366992e+00 1.185680149347624202e+01 1.689832707455126704e-01 4.173913656998976194e+02
9.875665859013220578e-05 6.576397475386636842e-04 1.404152628037962591e+00 1.185366062578907176e+01 1.749170172872259454e-01 3.381617864123687696e+02
1.071972499756119844e-04 6.793895511193741733e-04 1.450747703190231830e+00 1.184751004678427933e+01 1.808152436964914345e-01 2.751579662417568670e+02
1.163592467220437166e-04 7.024563323410335566e-04 1.496460695676594010e+00 1.183704667944098432e+01 1.866775916733523222e-01 2.248978755248241725e+02
1.263043063213072569e-04 7.269715631288079915e-04 1.541084592481992255e+00 1.182322755586926455e+01 1.924689447319171132e-01 1.846727332787822888e+02
1.370993560435658965e-04 7.530837473483041047e-04 1.584416932354494101e+00 1.180508919388963918e+01 1.981848431301562741e-01 1.523707086443302217e+02
1.488170433377344513e-04 7.809594585054081351e-04 1.626258934851689597e+00 1.178280213662154985e+01 2.038033628750873238e-01 1.263420662150265201e+02
1.615362247270341750e-04 8.107865249868332746e-04 1.666418349460810688e+00 1.175616847826162648e+01 2.093092747138191601e-01 1.052950873768762960e+02
1.753424964897581223e-04 8.427776760312973058e-04 1.704711995933523072e+00 1.172478597201265771e+01 2.146922307734440427e-01 8.821582825710997611e+01
1.903287706965672453e-04 8.771751955457722863e-04 1.740968925430757874e+00 1.168928198548292308e+01 2.199244016536207325e-01 7.430690992983910803e+01
2.065959004808763167e-04 9.142539387290843367e-04 1.775026372652435125e+00 1.164884760760459415e+01 2.250049545503284565e-01 6.293874774748071133e+01
2.242533587502120688e-04 9.543273434556400533e-04 1.806740428429183698e+00 1.160398871968523515e+01 2.299104437722922778e-01 5.361397268822651796e+01
2.434199749060674770e-04 9.977540730521439801e-04 1.835981172942068307e+00 1.155485568424689014e+01 2.346248093716507555e-01 4.593797715279233529e+01
2.642247345301555273e-04 1.044945663407774060e-03 1.862634514071692671e+00 1.150073544297953276e+01 2.391510366751792849e-01 3.959704993570128551e+01
2.868076474187118826e-04 1.096375050160211832e-03 1.886604813043971873e+00 1.144292968333916960e+01 2.434523347603437804e-01 3.434111160804239660e+01
3.113206898064578522e-04 1.152587807654404783e-03 1.907815480587264467e+00 1.138057114437005346e+01 2.475383805815877802e-01 2.997023796068651436e+01
3.379288271211051487e-04 1.214217089927916750e-03 1.926208226900266940e+00 1.131428416743008292e+01 2.513890670620125278e-01 2.632414175468407080e+01
3.668111241512382625e-04 1.281995221430876422e-03 1.941745919804507059e+00 1.124419111255068771e+01 2.549966164185145101e-01 2.327403865755209722e+01
3.981619500986688051e-04 1.356776231030434442e-03 1.954410858343556656e+00 1.117038672858718940e+01 2.583556078972455983e-01 2.071613208835698927e+01
4.321922866249029824e-04 1.439558427256717489e-03 1.964205703757968324e+00 1.109347486124399929e+01 2.614505738013389591e-01 1.856655877892709228e+01
4.691311476944837774e-04 1.531518219789454373e-03 1.971154637072309423e+00 1.101348066274601045e+01 2.642812409750252001e-01 1.675745170401997086e+01
5.092271207703272327e-04 1.634033547568721281e-03 1.975302103392797104e+00 1.093113385722833542e+01 2.668323915717460970e-01 1.523371557043915736e+01
5.527500397328376442e-04 1.748735980227610195e-03 1.976714613360809780e+00 1.084635407803182439e+01 2.691103679940928251e-01 1.395062843447775869e+01
5.999928007810402574e-04 1.877563758370319512e-03 1.975479221814888220e+00 1.075991906930451414e+01 2.711026085258991247e-01 1.287179003031454272e+01
6.512733335362088077e-04 2.022839680578502209e-03 1.971705798170780399e+00 1.067224079276716608e+01 2.728077684743587250e-01 1.196762107272122400e+01
7.069367406129202979e-04 2.187333784840124820e-03 1.965525981310563663e+00 1.058382307652892784e+01 2.742246258142287951e-01 1.121403780208533263e+01
7.673576200562099141e-04 2.374381845980235144e-03 1.957094714106034417e+00 1.049518287680196948e+01 2.753544303433929086e-01 1.059154262128846646e+01
8.329425862741314914e-04 2.588026174253556678e-03 1.946590472171751740e+00 1.040717103371911811e+01 2.761926623659153313e-01 1.008432996534488169e+01
9.041330064308446789e-04 2.833208633782597838e-03 1.934216341635344394e+00 1.032028127179010824e+01 2.767475274190621670e-01 9.679663696500524495e+00
9.814079707153346155e-04 3.115962258843743213e-03 1.920200372331448246e+00 1.023532938023985928e+01 2.770224471893555362e-01 9.367347529470787748e+00
1.065287516474779008e-03 3.443703955732941354e-03 1.904795892522458400e+00 1.015311079264352401e+01 2.770253776603353590e-01 9.139231738054679255e+00
1.156336127910023498e-03 3.825647327343850539e-03 1.888282123718535654e+00 1.007432691870547536e+01 2.767713147870996537e-01 8.988783499136642874e+00
1.255166534885047546e-03 4.273339475895782981e-03 1.870965005642921897e+00 9.999951639688015703e+00 2.762727176978250765e-01 8.910635859363798872e+00
1.362443836415293003e-03 4.801305995816528699e-03 1.853174035075011661e+00 9.930725428594206150e+00 2.755532053536507986e-01 8.900236744220313412e+00
1.478889976584679602e-03 5.427890096189726642e-03 1.835261354847740556e+00 9.867595919244573466e+00 2.746355782070869500e-01 8.953350895903753326e+00
1.605288603012894463e-03 6.176612000566809348e-03 1.817594632599284887e+00 9.811112400022098612e+00 2.735577451915274239e-01 9.065511762315541233e+00
1.742490340568980754e-03 7.077912668771766704e-03 1.800552082467538506e+00 9.761975291135604138e+00 2.723567976811185898e-01 9.231481356357479129e+00
1.891418515821737716e-03 8.171591104977985257e-03 1.784509966625949406e+00 9.721139407025582102e+00 2.710641241439113447e-01 9.444663536844304375e+00
2.053075370750777427e-03 9.509756948626985409e-03 1.769826584715042728e+00 9.688340028016511951e+00 2.697438654891496923e-01 9.696512432612035326e+00
2.228548807534624140e-03 1.116205842665998413e-02 1.756827371522738268e+00 9.663945366040339380e+00 2.684385338588744507e-01 9.976024117360463350e+00
2.419019709806294154e-03 1.322259928075932879e-02 1.745773173592986449e+00 9.647672636990840545e+00 2.671994082563915462e-01 1.026994256760004909e+01
2.625769889646184865e-03 1.582078933635521975e-02 1.736844549270166516e+00 9.638771276493956819e+00 2.660783325641141728e-01 1.056289282096801330e+01
2.850190713793165909e-03 1.913473622989553605e-02 1.730110541885815367e+00 9.636404383517490402e+00 2.651118076280278846e-01 1.083881213480748507e+01
3.093792467125680307e-03 2.341615217973652685e-02 1.725513304293863959e+00 9.638977117244420967e+00 2.643367815812252553e-01 1.108248656820489053e+01
3.358214516426281937e-03 2.902578948768750472e-02 1.722859357154620463e+00 9.645410366673885960e+00 2.637541802098870014e-01 1.128194011400732144e+01
