9.999999999999999547e-07 1.360904173260637953e-04 9.809344191767906118e-02 9.847564539739855149e+01 1.470893987143269063e-03 3.917864417683947754e+10
1.086740479227789281e-06 1.409977812476101888e-04 1.000537765879118551e-01 7.542807685856361388e+01 1.958712460280879423e-03 7.681805658204149246e+09
1.181004869192247661e-06 1.463308122674567902e-04 1.025809692354622549e-01 6.041640148760006923e+01 2.507160742225793010e-03 2.119981323457216501e+09
1.283445797516335901e-06 1.519642573661445471e-04 1.055433184672875530e-01 5.038677996262421033e+01 3.093031728326625564e-03 7.975411209924015999e+08
1.394772501055798145e-06 1.570933312570310506e-04 1.089308632995520665e-01 4.302351552024102688e+01 3.738654100288209704e-03 3.721441928997562528e+08
1.515755736211120321e-06 1.623321925807315303e-04 1.127327188491148574e-01 3.759549450697978301e+01 4.427763488041963971e-03 2.071117679873287380e+08
1.647233115162347031e-06 1.676805824830506376e-04 1.169551802119526140e-01 3.332024061070374188e+01 5.183004293990267630e-03 1.297001036938135922e+08
1.790114904971413259e-06 1.731365206259236425e-04 1.216154955929589776e-01 2.993671172995604124e+01 5.998671138888426492e-03 8.801051682262642682e+07
1.945390329701442390e-06 1.787001665758869613e-04 1.267101062262954991e-01 2.721628571469813451e+01 6.874682326176059267e-03 6.277996129308734834e+07
2.114134419184856717e-06 1.843703977301715496e-04 1.322490973209120846e-01 2.498543439656273790e+01 7.815846959181402265e-03 4.620116537334658951e+07
2.297515451856915556e-06 1.901459847977237728e-04 1.382792402130699205e-01 2.312704411281600869e+01 8.828910023026300194e-03 3.461949747446463257e+07
2.496803043184240351e-06 1.960271199752952002e-04 1.448018563453031538e-01 2.157437771576205421e+01 9.910740084112686782e-03 2.623724238902667165e+07
2.713376935687444331e-06 2.020121394632295965e-04 1.518502831559485067e-01 2.025809146442066933e+01 1.106846289460556437e-02 2.001986012792056054e+07
2.948736551414609878e-06 2.081012205929155486e-04 1.594500164158745015e-01 1.913803135905452280e+01 1.230261806262892936e-02 1.533823948671584576e+07
3.204511373000811931e-06 2.142940925060229614e-04 1.676314302886429686e-01 1.818021874957204886e+01 1.361528012687654270e-02 1.177913910137203708e+07
3.482472225185803506e-06 2.205895129273274411e-04 1.764256688834372477e-01 1.735361114791839654e+01 1.501212410072996079e-02 9.057042255443137139e+06
3.784543534895893713e-06 2.269886353657274403e-04 1.858612971036676664e-01 1.662222433386390463e+01 1.651087385996399814e-02 6.968180327407498844e+06
4.112816654771195854e-06 2.334906458624121518e-04 1.960061964571126747e-01 1.600051704943128428e+01 1.808864432224476654e-02 5.360618567543160170e+06
4.469564342382091463e-06 2.400961049842527362e-04 2.068635920929164651e-01 1.545139777664996217e+01 1.976908295236550969e-02 4.123367715827523265e+06
4.857256495379753997e-06 2.468061825156725735e-04 2.184959627230717016e-01 1.497111593391883666e+01 2.155060556585847165e-02 3.170120663164868485e+06
5.278577251521286432e-06 2.536200251883174430e-04 2.309465399515159834e-01 1.455032006298386804e+01 2.343738469400820368e-02 2.435918978852840140e+06
5.736443571959161069e-06 2.605402887992365013e-04 2.442594096243562440e-01 1.418664668305451038e+01 2.542387738224625993e-02 1.870575406782722333e+06
6.234025436454070956e-06 2.675675786533285631e-04 2.584828872667546129e-01 1.385992793219264207e+01 2.753854934525193018e-02 1.435460582261824980e+06
6.774767790330339639e-06 2.747032625295554430e-04 2.736747677043965821e-01 1.357139804853389187e+01 2.977696322966991507e-02 1.100819515954836272e+06
7.362414395120585129e-06 2.819503029576100580e-04 2.898733207240866694e-01 1.331725053995755026e+01 3.214133493467627445e-02 8.436448478479264304e+05
8.001033748026918868e-06 2.893095259928476571e-04 3.071498653274866708e-01 1.309812454844668927e+01 3.462672744270216263e-02 6.461516808540931670e+05
8.695047249648508279e-06 2.967848752987773840e-04 3.255576880323329259e-01 1.290777307893125858e+01 3.724318967662721552e-02 4.946030568939103978e+05
9.449259814991290722e-06 3.043792878607276802e-04 3.451432161617266070e-01 1.273601803123460385e+01 4.001620612567581559e-02 3.784124576679483871e+05
1.026889313969154888e-05 3.120954730806667896e-04 3.659754129013215729e-01 1.258779106619721233e+01 4.293115954229640568e-02 2.893946765486827353e+05
1.115962185176735131e-05 3.199388528292889853e-04 3.881173327086324121e-01 1.246447621673994099e+01 4.597897017713490492e-02 2.212435867904176703e+05
1.212761279919058675e-05 3.279127137897213675e-04 4.115975373876564758e-01 1.235397923503865059e+01 4.919671851117120992e-02 1.690998126549857261e+05
1.317956774528145060e-05 3.360228775956500703e-04 4.364951657293812404e-01 1.225985095466365671e+01 5.257320853911334052e-02 1.292284418682183605e+05
1.432276976752230807e-05 3.442754808645949482e-04 4.628635185523820028e-01 1.218178315649191745e+01 5.610638957566282947e-02 9.875559632748417789e+04
1.556513368102648497e-05 3.526753365687486136e-04 4.907457405274320839e-01 1.211479017714941797e+01 5.981510605170855394e-02 7.547513748342733015e+04
1.691526083576332744e-05 3.612312484713515104e-04 5.201852187956962359e-01 1.206043775203648849e+01 6.368910867404327381e-02 5.769489012040726084e+04
1.838249866692053572e-05 3.699499777528636501e-04 5.512356588675080271e-01 1.201896754446218374e+01 6.772365310185961274e-02 4.411861498076243879e+04
1.997700541069342040e-05 3.788402048479452724e-04 5.839342906306121961e-01 1.198448895058315955e+01 7.194733219865427631e-02 3.375306886372261215e+04
2.170982043355315145e-05 3.879123674288555926e-04 6.183098591422649948e-01 1.196091410323875515e+01 7.633294795385441034e-02 2.583886489771338893e+04
2.359294066190880610e-05 3.971749444486062652e-04 6.543785146519307538e-01 1.194329968489148719e+01 8.090492073996465028e-02 1.979541641650926613e+04
2.563940364131557533e-05 4.066411843608868661e-04 6.921611622892137605e-01 1.193452184040924102e+01 8.563916782209154976e-02 1.517932216121491729e+04
2.786337780027807229e-05 4.163230161854991401e-04 7.316612155066946066e-01 1.192934499176813645e+01 9.056568386784838443e-02 1.165210321384393865e+04
3.028026054357914112e-05 4.262336212436979607e-04 7.728756719890871318e-01 1.193130638299132507e+01 9.565151962202153579e-02 8.955490550307629746e+03
3.290678485427158003e-05 4.363894529075456404e-04 8.157776038308808264e-01 1.193689628576032469e+01 1.009138075352377928e-01 6.892507331903514569e+03
3.576113514237686138e-05 4.468054141789313204e-04 8.603420518127995464e-01 1.194754673167504500e+01 1.063316732395795244e-01 5.313013080586420074e+03
3.886307314235636540e-05 4.575008693298460182e-04 9.065164888417266420e-01 1.195979538613649495e+01 1.119237347113728326e-01 4.102536959392745302e+03
4.223407473098907936e-05 4.684958063719831629e-04 9.542452152951430566e-01 1.197638827101429015e+01 1.176533665863647715e-01 3.173867613350141255e+03
4.589747861289743361e-05 4.798108007689457291e-04 1.003442200749347535e+00 1.199365018229393165e+01 1.235410303599606269e-01 2.460500811337939012e+03
4.987864790312736778e-05 4.914716439891443980e-04 1.054020159649293298e+00 1.201300425932528171e+01 1.295589803654403904e-01 1.911766489638619532e+03
5.420514572547880338e-05 5.035034126484920708e-04 1.105863178812646952e+00 1.203348316763945292e+01 1.357001344972747492e-01 1.489017910397449441e+03
5.890692604231911574e-05 5.159357127991565312e-04 1.158844425979086212e+00 1.205389939676311961e+01 1.419605942728635606e-01 1.162779905555131336e+03
6.401654103706582116e-05 5.288013546216192547e-04 1.212818334950205967e+00 1.207450767438157868e+01 1.483189208714678353e-01 9.105499836593396594e+02
6.956936648512649117e-05 5.421336124686755836e-04 1.267625541758325314e+00 1.209407434700878348e+01 1.547706413678481829e-01 7.151546385109934363e+02
7.560384667362007687e-05 5.559736553048940863e-04 1.323088591132114411e+00 1.211294111265433138e+01 1.612907842904662270e-01 5.634592469950476925e+02
8.216176056555419584e-05 5.703636130170883179e-04 1.379015412050645262e+00 1.213002241362899092e+01 1.678718017214311797e-01 4.454209870455257487e+02
8.928851105120942406e-05 5.853510737764336521e-04 1.435204494967908584e+00 1.214554985280871335e+01 1.744885123517177505e-01 3.533475743791051968e+02
9.703343928932710012e-05 6.009902515157536764e-04 1.491440698360073869e+00 1.215809508614507273e+01 1.811384675965396762e-01 2.813407354075935132e+02
1.054501663144040500e-04 6.173380738328567569e-04 1.547500680814139162e+00 1.216851700037104500e+01 1.877860948677014530e-01 2.248742149553761465e+02
1.145969642751656551e-04 6.344617419729213720e-04 1.603152332477583375e+00 1.217594186960351976e+01 1.944206811052065498e-01 1.804667286049718768e+02
1.245371598744435216e-04 6.524339321197971525e-04 1.658163715439412211e+00 1.217950848935991104e+01 2.010332436870252704e-01 1.454383133727441191e+02
1.353395728036206971e-04 6.713353699482065180e-04 1.712296485855781425e+00 1.217979319581647424e+01 2.075913657087562481e-01 1.177217997112583703e+02
1.470789922070912044e-04 6.912589117083082829e-04 1.765315495812560753e+00 1.217638490856208122e+01 2.140790655007825394e-01 9.571960973353786528e+01
1.598366944754745834e-04 7.123055023545701511e-04 1.816988711637480325e+00 1.216892054804554490e+01 2.204806134858172673e-01 7.819529954619662249e+01
1.737010059524631684e-04 7.345911860239702496e-04 1.867086812878558488e+00 1.215711228417155532e+01 2.267797742811163975e-01 6.418919161538410378e+01
1.887679144511291080e-04 7.582459347446454580e-04 1.915395463425419109e+00 1.214102914006205580e+01 2.329556177788969784e-01 5.295541583037308442e+01
2.051417338134506167e-04 7.834148274419210425e-04 1.961705258600690893e+00 1.212047399940976433e+01 2.389925631687449536e-01 4.391249480667089244e+01
2.229358261140491362e-04 8.102651517003456533e-04 2.005822762807746518e+00 1.209551731657542462e+01 2.448715571874699737e-01 3.660641406041347778e+01
2.422733865082251270e-04 8.389839512302816769e-04 2.047568545531615936e+00 1.206556514736687724e+01 2.505884301603296116e-01 3.068147367697484285e+01
2.632882961580882645e-04 8.697852478445879327e-04 2.086780063198425683e+00 1.203138582276931956e+01 2.561127857047739154e-01 2.585846402278872702e+01
2.861260491419090118e-04 9.029133157963916204e-04 2.123311509862131352e+00 1.199271488588814094e+01 2.614366320273923683e-01 2.191763767065690516e+01
3.109447597640325133e-04 9.386459555257402332e-04 2.157037201968449391e+00 1.194896046209168539e+01 2.665616980584779583e-01 1.868544787485048175e+01
3.379162572393348764e-04 9.773035828767569558e-04 2.187851583056601434e+00 1.190108565845742561e+01 2.714572914513377899e-01 1.602455684478601938e+01
3.672272753311361178e-04 1.019253344660757312e-03 2.215666850853679648e+00 1.184903502733929237e+01 2.761160881156349833e-01 1.382593553274390175e+01
3.990807451788746141e-04 1.064919214492921363e-03 2.240418063246609304e+00 1.179238782888259074e+01 2.805417790034717695e-01 1.200278131328473208e+01
4.336972002662739197e-04 1.114791008291666358e-03 2.262058616753608309e+00 1.173182278568927828e+01 2.847138509404671392e-01 1.048577534698283387e+01
4.713163032571210734e-04 1.169438799624165351e-03 2.280563244705325232e+00 1.166697729693578189e+01 2.886383298384097018e-01 9.219412501530976911e+00
5.121985052695143294e-04 1.229524306661987105e-03 2.295925517936062032e+00 1.159873342533242635e+01 2.922923593966186284e-01 8.159136135147148750e+00
5.566268490763499801e-04 1.295821489797820743e-03 2.308159306466657679e+00 1.152693718246481858e+01 2.956800946940046915e-01 7.269031381166337624e+00
6.049089287162876059e-04 1.369241210196726986e-03 2.317296937815765290e+00 1.145185973474412577e+01 2.987967729567607145e-01 6.520132787850237754e+00
6.573790190823077103e-04 1.450848467081925245e-03 2.323389493612774803e+00 1.137392746091851237e+01 3.016350478285735326e-01 5.888977604427308776e+00
7.144003902318018595e-04 1.541911516732734702e-03 2.326505818704631690e+00 1.129327257282304409e+01 3.041967485731410514e-01 5.356544982719787740e+00
7.763678224410289382e-04 1.643928492559352476e-03 2.326732883774045302e+00 1.121043297783627679e+01 3.064745219179029756e-01 4.907371765211017589e+00
8.437103394165990046e-04 1.758682816702680221e-03 2.324176349066033875e+00 1.112565922109567929e+01 3.084704443982494437e-01 4.528888316339032549e+00
9.168941785870365641e-04 1.888330762536042685e-03 2.318958930776448213e+00 1.103935541259330044e+01 3.101841317334879111e-01 4.210861720483049631e+00
9.964260190388474474e-04 2.035433179415702468e-03 2.311223315358519770e+00 1.095227830604946462e+01 3.116073363544893393e-01 3.944972007014366344e+00
1.082856489445316621e-03 2.203117979346490285e-03 2.301130908685314225e+00 1.086456071580951566e+01 3.127514915898200742e-01 3.724460898381893426e+00
1.176783980274726232e-03 2.395181046013664366e-03 2.288862961044535460e+00 1.077710547117470163e+01 3.136085491080211618e-01 3.543859493083943324e+00
1.278858786671342555e-03 2.616239033471121078e-03 2.274623082970739674e+00 1.069007612968639620e+01 3.141947174947419263e-01 3.398765213678634822e+00
1.389787610691884182e-03 2.872048851839899709e-03 2.258637485500252229e+00 1.060442776509764506e+01 3.145064297287843980e-01 3.285654117340740310e+00
1.510338454068143937e-03 3.169641960631430690e-03 2.241157509395813374e+00 1.052087884856449662e+01 3.145506561346462782e-01 3.201717704745536519e+00
1.641345935370174978e-03 3.517855466829547095e-03 2.222460719181732269e+00 1.044017378294141274e+01 3.143377940023666661e-01 3.144719263949155241e+00
1.783717068382769918e-03 3.927829229521444254e-03 2.202851370704031808e+00 1.036289414757673200e+01 3.138877512602781250e-01 3.112884529119877453e+00
1.938437541701081013e-03 4.413538659967628994e-03 2.182663213860406071e+00 1.029022964163882392e+01 3.132073155248846219e-01 3.104729052040064108e+00
2.106578543021372669e-03 4.993078223972706453e-03 2.162254496116155167e+00 1.022276830628102928e+01 3.123262782096182799e-01 3.118943935978817361e+00
2.289304175374025016e-03 5.689561543984990831e-03 2.142013109691487838e+00 1.016145789215661921e+01 3.112693348923052938e-01 3.154176707063083285e+00
2.487879516644149469e-03 6.533159591958555279e-03 2.122342142847182700e+00 1.010708240705239014e+01 3.100700549168038389e-01 3.208901072430143664e+00
2.703679378178866759e-03 7.563974988070956001e-03 2.103658656994303655e+00 1.006037578653512909e+01 3.087673024814985290e-01 3.281117641503948246e+00
2.938197823120396093e-03 8.834756645311556827e-03 2.086374585642829516e+00 1.002165288931536047e+01 3.074136606669491956e-01 3.368191508405827150e+00
3.193058510363910342e-03 1.041756853426133340e-02 2.070878386944007943e+00 9.991379080618179032e+00 3.060549400247118412e-01 3.466595968810189277e+00
3.470025935755250476e-03 1.241065184473696785e-02 2.057511238350244742e+00 9.969532879159942240e+00 3.047457383906728157e-01 3.571861282102783974e+00
3.771017648355519218e-03 1.495007153712172958e-02 2.046529463370771573e+00 9.955859913159482488e+00 3.035354776860529902e-01 3.678594680545680617e+00
