9.999999999999999547e-07 1.349117934190796327e-04 9.817091946701217431e-02 9.776182205192723984e+01 1.482804196398158480e-03 3.713360114144161224e+10
1.087141603708959983e-06 1.392736800484193846e-04 1.002654185522458552e-01 7.397328498303996014e+01 2.001458092072262371e-03 6.830776230209528923e+09
1.181876866514891853e-06 1.440156684738365834e-04 1.030120214970777909e-01 5.897196142382605188e+01 2.579363631393198023e-03 1.847226424319250107e+09
1.284867512049519946e-06 1.491708813754138519e-04 1.062762759831790416e-01 4.890061392310971655e+01 3.209166510593771966e-03 6.840916752100716829e+08
1.396832927603059531e-06 1.544908212121440694e-04 1.099550824410019528e-01 4.177178708481380198e+01 3.886892127251719009e-03 3.224936738362912536e+08
1.518555189027871757e-06 1.598586521638700807e-04 1.140648443965676384e-01 3.645441887444480500e+01 4.620318004280863852e-03 1.818622188270673454e+08
1.650884523520326641e-06 1.653209039025162544e-04 1.185897689347187728e-01 3.231170065128707591e+01 5.419480290593030498e-03 1.156928310467472076e+08
1.794745248438190229e-06 1.708752484109715816e-04 1.235287458675856792e-01 2.907088939565789687e+01 6.274511917038479852e-03 7.948773778676718473e+07
1.951142227636133832e-06 1.765184418179089655e-04 1.289054802924789189e-01 2.653222545059946569e+01 7.174108448108972892e-03 5.717898440636713803e+07
2.121167890416619406e-06 1.822491562667996536e-04 1.347282667194278916e-01 2.442808215327341870e+01 8.144034143542387694e-03 4.230948859074548632e+07
2.306009862123479632e-06 1.880635271149768621e-04 1.410301768344489337e-01 2.266289305263241616e+01 9.188972168930017656e-03 3.181045145932211354e+07
2.506959259677597567e-06 1.939607750232815472e-04 1.478226972222286550e-01 2.119435814856958444e+01 1.029890586129903612e-02 2.416323640825357288e+07
2.725419709998936036e-06 1.999378262424060298e-04 1.551429209301510292e-01 1.994644531395289633e+01 1.148515043854605143e-02 1.846460755272116512e+07
2.962917154308252029e-06 2.059932625646853982e-04 1.630292195326192850e-01 1.889109796005089947e+01 1.274319956479953546e-02 1.415759235889872722e+07
3.221110506791467750e-06 2.121253857722634915e-04 1.715151152749268271e-01 1.797420466699867703e+01 1.409038799305906489e-02 1.087495463637869246e+07
3.501803242077057325e-06 2.183321496036832109e-04 1.806257156189571833e-01 1.717722806182117523e+01 1.552732824278653737e-02 8.360255503184466623e+06
3.806955992464895049e-06 2.246134034407516169e-04 1.904254759843787281e-01 1.649434939573685455e+01 1.704747628549196925e-02 6.427588983299526386e+06
4.138700242897721622e-06 2.309664896815371649e-04 2.009478183242013050e-01 1.589298244660722048e+01 1.867016373855291331e-02 4.939767096311493777e+06
4.499353219334500394e-06 2.373924606152905993e-04 2.122361711860182021e-01 1.536558306168961074e+01 2.039579286068307976e-02 3.793774745325868484e+06
4.891434074520380642e-06 2.438895765729293022e-04 2.243482030985114450e-01 1.491453383872280725e+01 2.221176892007581047e-02 2.911099393767673057e+06
5.317681484210750365e-06 2.504586346744903783e-04 2.373316772108008399e-01 1.450655557853999156e+01 2.415803672603708194e-02 2.231546718954555690e+06
5.781072776758317194e-06 2.570996357766776146e-04 2.512579989421795945e-01 1.414827258064284798e+01 2.622326195665843421e-02 1.708812922999621835e+06
6.284844729683261135e-06 2.638129427252690925e-04 2.661633535029798159e-01 1.383884201597266639e+01 2.840002637188724505e-02 1.307106950591172092e+06
6.832516178489664921e-06 2.706005063003879716e-04 2.821304051081601760e-01 1.355921374363295406e+01 3.072455635287704712e-02 9.987397177835180191e+05
7.427912595650684479e-06 2.774622917277582909e-04 2.992026337084042198e-01 1.332259713843677673e+01 3.316246095120951171e-02 7.623271846415041946e+05
8.075192811445669418e-06 2.844019570037572089e-04 3.174594181419183592e-01 1.311028758948677186e+01 3.575577801841686026e-02 5.813016992166532436e+05
8.778878063294128452e-06 2.914202593815891492e-04 3.369652254745433839e-01 1.292890824615314749e+01 3.848517502671781887e-02 4.428522560374090099e+05
9.543883576494986508e-06 2.985213132072831854e-04 3.577882702659245240e-01 1.277086560823627615e+01 4.136909296191769447e-02 3.370997128145899042e+05
1.037555289696238660e-05 3.057078696633043209e-04 3.799959701683798263e-01 1.263229973065914713e+01 4.441879821942165685e-02 2.564119700327750470e+05
1.127969521577083459e-05 3.129838776320275121e-04 4.036614962964237274e-01 1.251482196444968409e+01 4.762805922837671374e-02 1.949182097311177640e+05
1.226262594622138817e-05 3.203544733343640163e-04 4.288351043457185874e-01 1.241540588639586318e+01 5.100346038471637727e-02 1.480982794731339964e+05
1.333121083685824964e-05 3.278235431176598227e-04 4.556251715953280601e-01 1.233320074316839232e+01 5.455092810008186494e-02 1.124863936299356428e+05
1.449291392856437498e-05 3.353985578533770886e-04 4.840583065603699664e-01 1.226532549711213704e+01 5.827587916981327720e-02 8.541780076832089981e+04
1.575584969071539855e-05 3.430841641398754216e-04 5.142134901160132499e-01 1.221195626343032181e+01 6.217681344728061971e-02 6.485819290351169911e+04
1.712883970056165974e-05 3.508892687874044509e-04 5.461346670287756666e-01 1.216994892912383364e+01 6.626454563886427507e-02 4.925165046771539346e+04
1.862147426174234227e-05 3.588209556746726819e-04 5.798860784880831565e-01 1.213818231698352612e+01 7.054386677460623700e-02 3.740941823442780878e+04
2.024417939233573153e-05 3.668885424800457490e-04 6.155123668619604249e-01 1.211723507357851659e+01 7.500729176201816062e-02 2.842630857747759001e+04
2.200828965035574641e-05 3.751022408060659930e-04 6.530435547136184127e-01 1.210466025348595132e+01 7.966357244939641091e-02 2.161291251930368526e+04
2.392612730537905548e-05 3.834720518985586832e-04 6.925105622855414200e-01 1.209925484790743511e+01 8.451582055361953061e-02 1.644513652227594139e+04
2.601108840931457667e-05 3.920115994345743497e-04 7.339239315209222791e-01 1.210232643890142157e+01 8.954728464148074829e-02 1.252482453058481224e+04
2.827773636751784863e-05 4.007321108047916095e-04 7.773022382512078110e-01 1.211105253188002884e+01 9.477161149011115171e-02 9.549876134534526500e+03
3.074190366384253585e-05 4.096502721769616426e-04 8.226200427345923272e-01 1.212526528494945133e+01 1.001793645392168863e-01 7.291170041802362903e+03
3.342080245017612657e-05 4.187808661738266183e-04 8.698523058785389006e-01 1.214398208629346776e+01 1.057680837680571861e-01 5.575136025766310922e+03
3.633314477292488935e-05 4.281423918317544966e-04 9.189616918812002488e-01 1.216636196313293006e+01 1.115339054365245830e-01 4.270308704542092528e+03
3.949927327622738070e-05 4.377544103051938433e-04 9.698845336962508279e-01 1.219337144260600425e+01 1.174536358435220029e-01 3.277137534392938505e+03
4.294130329485638703e-05 4.476379329716864762e-04 1.022538286617425296e+00 1.222188301111328634e+01 1.235411645564036542e-01 2.520290951267694254e+03
4.668327732932301956e-05 4.578181084161561795e-04 1.076821818778815443e+00 1.225218807434383450e+01 1.297778057786866113e-01 1.942746722247808520e+03
5.075133298219046825e-05 4.683193836694672088e-04 1.132618265582860939e+00 1.228409613197177919e+01 1.361477880013843567e-01 1.501350313575234395e+03
5.517388552862598065e-05 4.791729954273770136e-04 1.189783950164241766e+00 1.231673406497229095e+01 1.426404750806392063e-01 1.163426378076175297e+03
5.998182639644515158e-05 4.904096923322277075e-04 1.248155047308010523e+00 1.234897519546642286e+01 1.492477711065725021e-01 9.042248719617143706e+02
6.520873894202381142e-05 5.020664278625188662e-04 1.307548880967465355e+00 1.238051718172190618e+01 1.559514371094819218e-01 7.049962324868162113e+02
7.089113302927082258e-05 5.141827289481905100e-04 1.367765577341335970e+00 1.241184574769556548e+01 1.627217233185320466e-01 5.515197020018782723e+02
7.706870005018669830e-05 5.268027996117542397e-04 1.428584233968946959e+00 1.244097873109709695e+01 1.695592708420366745e-01 4.330006781507655091e+02
8.378459016832494539e-05 5.399771605650835514e-04 1.489767103353722533e+00 1.246832881186975328e+01 1.764332232218722429e-01 3.412415540601385260e+02
9.108571372169074298e-05 5.537597899922962110e-04 1.551065121836101346e+00 1.249273927031630116e+01 1.833338214474602157e-01 2.700018267176520794e+02
9.902306889037429817e-05 5.682146638549419836e-04 1.612213033364499948e+00 1.251423302682204408e+01 1.902341249588978267e-01 2.145327527421197544e+02
1.076520979176643386e-04 5.834100131373899656e-04 1.672941807873791653e+00 1.253271535957094507e+01 1.971087453040674120e-01 1.712100577286530836e+02
1.170330743728437286e-04 5.994258109616750927e-04 1.732972628008420335e+00 1.254721617869261152e+01 2.039457021224405642e-01 1.372648969716211127e+02
1.272315241606834465e-04 6.163502347663179235e-04 1.792021717628898170e+00 1.255742758338744913e+01 2.107234273309997741e-01 1.105775458082249685e+02
1.383186832183808362e-04 6.342839191123543930e-04 1.849810430234554826e+00 1.256320294557554718e+01 2.174187945514340081e-01 8.952326504200085822e+01
1.503719950969422932e-04 6.533414244150121319e-04 1.906060156642104264e+00 1.256482913181966055e+01 2.240011516523501556e-01 7.285282601658335011e+01
1.634756519026059015e-04 6.736517172911331112e-04 1.960500272601288563e+00 1.256131624398426538e+01 2.304634147556086365e-01 5.960428025935234331e+01
1.777211823767668611e-04 6.953641779903110397e-04 2.012867978862844076e+00 1.255281670659085513e+01 2.367796306088990610e-01 4.903508952261972809e+01
1.932080912221310833e-04 7.186473283072907425e-04 2.062914750289027488e+00 1.253892738917307881e+01 2.429355817506636539e-01 4.057053564231418363e+01
2.100445541407748216e-04 7.436969805454153332e-04 2.110407998677444219e+00 1.252005628892691469e+01 2.489031413854001507e-01 3.376474638128043892e+01
2.283481734389356476e-04 7.707371433938918839e-04 2.155131426826399021e+00 1.249532808057966449e+01 2.546808739194779125e-01 2.827082936447572337e+01
2.482467994764164733e-04 8.000274912493570865e-04 2.196888223064064505e+00 1.246555140187897059e+01 2.602355967014945426e-01 2.381814985000726992e+01
2.698794236984083310e-04 8.318689594745134423e-04 2.235503531161226576e+00 1.243012475837147690e+01 2.655645541086053552e-01 2.019501808641172502e+01
2.933971494875378368e-04 8.666121551559462536e-04 2.270824822529574405e+00 1.238932060320190409e+01 2.706489686077171442e-01 1.723531123353314953e+01
3.189642476175196732e-04 9.046658298602690707e-04 2.302723487293888649e+00 1.234304380093815823e+01 2.754797978246518730e-01 1.480827113496807890e+01
3.467593036807325025e-04 9.465119063358618618e-04 2.331094479571373057e+00 1.229166016794006033e+01 2.800396758458367219e-01 1.281070710195212037e+01
3.769764655044742182e-04 9.927141570709905553e-04 2.355860177798558830e+00 1.223532991710578877e+01 2.843178077968363526e-01 1.116092325462887125e+01
4.098267992690699446e-04 1.043943881867357435e-03 2.376964857066857117e+00 1.217390199829469566e+01 2.883123158470227709e-01 9.794004713796384820e+00
4.455397638002871826e-04 1.100995108660600711e-03 2.394379817299634894e+00 1.210785130138014765e+01 2.920089747338663888e-01 8.658301451219386990e+00
4.843648133339559432e-04 1.164817414468083184e-03 2.408102965353726699e+00 1.203737394271613681e+01 2.954020707511403332e-01 7.712540981324352174e+00
5.265731399480684484e-04 1.236552702886565712e-03 2.418156003799071918e+00 1.196281202649841369e+01 2.984841481824231368e-01 6.923701690816578491e+00
5.724595678332063337e-04 1.317568909364062648e-03 2.424589391235086211e+00 1.188449605359298289e+01 3.012504226152006859e-01 6.265289008024249817e+00
6.223446126327307221e-04 1.409545299027726737e-03 2.427478996259051947e+00 1.180292415442347931e+01 3.036939215241958312e-01 5.716026916035351846e+00
6.765767202371790554e-04 1.514500312488072315e-03 2.426929993949964004e+00 1.171840560647721219e+01 3.058151229515662095e-01 5.258808862910445470e+00
7.355347006707959419e-04 1.634946918713279683e-03 2.423076789677534926e+00 1.163166289425257283e+01 3.076065688865275982e-01 4.879891658899103923e+00
7.996303740708398007e-04 1.773958290572471425e-03 2.416087425598731464e+00 1.154318951725214148e+01 3.090701437286121345e-01 4.568234259487834237e+00
8.693114472417683581e-04 1.935381711926214285e-03 2.406162857303170366e+00 1.145384549976569133e+01 3.102015281232459176e-01 4.315020408816496733e+00
9.450646408769740109e-04 2.124042220672805580e-03 2.393543589700833696e+00 1.136424260257280139e+01 3.110076556546353399e-01 4.113228849861746639e+00
1.027419089291626945e-03 2.346006995234761663e-03 2.378510732319757182e+00 1.127525936033357112e+01 3.114933718082892877e-01 3.957279968080362309e+00
1.116950036413699547e-03 2.609107570661369120e-03 2.361392885826512522e+00 1.118816471572224103e+01 3.116589721041645999e-01 3.842797124517269403e+00
1.214282853849571898e-03 2.923277005815095968e-03 2.342567298766556227e+00 1.110373944310839534e+01 3.115251036922158101e-01 3.766298067047181064e+00
1.320097409090317721e-03 3.301656161606660381e-03 2.322465126127132518e+00 1.102340408495059698e+01 3.111026487870061086e-01 3.724968387998125685e+00
1.435132814370492470e-03 3.761301979522647335e-03 2.301572562232020225e+00 1.094812775877178623e+01 3.104238277919383893e-01 3.716374680464177516e+00
1.560192589350091908e-03 4.325148231384919051e-03 2.280428163709670830e+00 1.087921303857912569e+01 3.095203086221091082e-01 3.738180475358186428e+00
1.696150273680895439e-03 5.024072656653680302e-03 2.259618677622104777e+00 1.081807895454026713e+01 3.084290272437402725e-01 3.787738070853507999e+00
1.843955528660842086e-03 5.900273949494268949e-03 2.239757742831713916e+00 1.076578515759491594e+01 3.072030851560544895e-01 3.861762816795407005e+00
2.004640770596353028e-03 7.013020860113125705e-03 2.221467039549527289e+00 1.072304794111161641e+01 3.059087231258962869e-01 3.955813556724544711e+00
2.179328382206486853e-03 8.445265693269905435e-03 2.205332984552486941e+00 1.069049924714331468e+01 3.046115881447439833e-01 4.063997844163668383e+00
2.369238552440415969e-03 1.031881581459773330e-02 2.191852299370445678e+00 1.066800963196518737e+01 3.033878059549138806e-01 4.178902092200933893e+00
2.575697799469171042e-03 1.281101312403238462e-02 2.181367450945582487e+00 1.065508846382508246e+01 3.023026844999362472e-01 4.291899374154027669e+00
2.800148236384557027e-03 1.619298306660441750e-02 2.174002274155413250e+00 1.065040148595796055e+01 3.014145753848866405e-01 4.394030416926956839e+00
3.044157644325926407e-03 2.088410888657468711e-02 2.169601183652265952e+00 1.065210496960144759e+01 3.007562815215099050e-01 4.477526868168491880e+00
3.309430423395380745e-03 2.755586246174671419e-02 2.167729132283276794e+00 1.065777983399734374e+01 3.003367692824530644e-01 4.537450728685199941e+00
3.597819497853280233e-03 3.732539461658927749e-02 2.167708218189482228e+00 1.066504065502478227e+01 3.001294026275767024e-01 4.572999760231757804e+00
3.911339258751584183e-03 5.209530223129745646e-02 2.168740655623476954e+00 1.067182202940512603e+01 3.000815413672417997e-01 4.587668510265833888e+00
