9.999999999999999547e-07 1.364667744878371349e-04 9.806431975245485932e-02 9.904705962027351518e+01 1.461974062947694799e-03 4.041283443998592377e+10
1.086531921228421237e-06 1.415424977096597892e-04 9.997340029300229303e-02 7.576374069785225629e+01 1.948468053276452335e-03 7.901574903870192528e+09
1.180551615848324145e-06 1.470574330134904594e-04 1.024454678923695655e-01 6.100322013931491938e+01 2.479763280884684715e-03 2.227619889707640648e+09
1.282707015276999415e-06 1.526155264404839128e-04 1.053231511673145271e-01 5.082574827535982820e+01 3.059921591654440887e-03 8.346227221099728346e+08
1.393702117682091964e-06 1.577081730713973304e-04 1.086241928172743398e-01 4.346891410028858616e+01 3.689928968981843853e-03 3.896885975906567574e+08
1.514301839545242574e-06 1.628672310135584594e-04 1.123571098690723247e-01 3.796331617717926576e+01 4.370253733508145874e-03 2.155827458782702386e+08
1.645337287040824864e-06 1.680930010388498785e-04 1.164969690591247942e-01 3.361195060819268576e+01 5.117892326322067212e-03 1.340622078918907195e+08
1.787711483557225804e-06 1.733866998697199406e-04 1.210979200659322019e-01 3.019251309059415433e+01 5.922535269481722132e-03 9.055437552055817842e+07
1.942405592831547688e-06 1.787502204215124036e-04 1.261506799380799626e-01 2.739644483034388855e+01 6.799322199042692055e-03 6.433861338568746299e+07
2.110485680584091997e-06 1.841840489604332253e-04 1.316918941370968654e-01 2.511692327698486338e+01 7.742172443743236022e-03 4.714624201806393266e+07
2.293110061250105623e-06 1.896905834430398475e-04 1.377419893114656124e-01 2.320727037195624476e+01 8.764204930831619514e-03 3.520064939702115953e+07
2.491537280438300072e-06 1.952719188080023185e-04 1.443114617741015349e-01 2.164423318992623990e+01 9.845297785959751524e-03 2.657946169651524723e+07
2.707134788126861686e-06 2.009288727494861631e-04 1.514555061972640559e-01 2.028774031747022732e+01 1.102355376394596916e-02 2.019684056197759137e+07
2.941388362367780267e-06 2.066649554650879742e-04 1.591956225877008968e-01 1.914062846061790424e+01 1.228132328374585518e-02 1.540623661119048297e+07
3.195912348442383791e-06 2.124822307737970475e-04 1.675590207344905269e-01 1.816380386458800089e+01 1.362169791776608740e-02 1.177664726776298508e+07
3.472460784030738659e-06 2.183827481222543694e-04 1.765802294594575605e-01 1.732204230559817404e+01 1.505265877824066983e-02 9.011113125627698377e+06
3.772939487063268385e-06 2.243703390951715061e-04 1.863165767500503667e-01 1.659341868789481111e+01 1.658005090807187706e-02 6.896764551822802052e+06
4.099419189557435903e-06 2.304473409216283822e-04 1.967996022703318582e-01 1.596414370505917013e+01 1.820324535757881362e-02 5.277612218179330230e+06
4.454149807950498226e-06 2.366171385009374726e-04 2.080718305150728864e-01 1.541569376090779997e+01 1.993060346658082072e-02 4.037102407470075414e+06
4.839575948271657655e-06 2.428839327594508398e-04 2.201795832254656304e-01 1.493693183844805361e+01 2.176636367607161573e-02 3.086660385774672497e+06
5.258353753006462624e-06 2.492503891915977461e-04 2.331606256766110830e-01 1.451363899946009539e+01 2.372188141235150385e-02 2.358757414044001605e+06
5.713369205752791428e-06 2.557213581548067969e-04 2.470740016044896958e-01 1.415328037712822784e+01 2.577746310885625433e-02 1.801370333355596988e+06
6.207758019813892316e-06 2.623014387338251435e-04 2.619854874929092858e-01 1.383319011197012571e+01 2.796566326530795440e-02 1.374901052577705588e+06
6.744927247789527721e-06 2.689938458511949987e-04 2.779014425906268237e-01 1.355154944742439049e+01 3.028113031073486477e-02 1.048943318016958656e+06
7.328578761086683606e-06 2.758049207468509867e-04 2.949248010237234263e-01 1.330895095761654900e+01 3.272183914481870820e-02 7.998673187174405903e+05
7.962734761157317105e-06 2.827394794034863686e-04 3.130858298096456660e-01 1.309778555837691982e+01 3.529683553048514749e-02 6.097224654085291550e+05
8.651765498272611521e-06 2.898024102978391894e-04 3.324261028212761593e-01 1.291211250810921207e+01 3.801614291872799228e-02 4.646714447351341951e+05
9.400419388855908425e-06 2.970007465093653463e-04 3.530229963125020021e-01 1.275515488631186756e+01 4.086838680152864861e-02 3.540692551707629464e+05
1.021385573892651249e-05 3.043399804204085829e-04 3.749158443202754154e-01 1.261770404172852622e+01 4.387566310084116405e-02 2.697787795393350534e+05
1.109768029916575955e-05 3.118269128837086951e-04 3.981617950632710401e-01 1.250134616227835060e+01 4.702979002839944439e-02 2.055678342257016920e+05
1.205798389663137204e-05 3.194694556220911219e-04 4.228134701432512688e-01 1.240162418877522654e+01 5.034316125125625624e-02 1.566702267811313213e+05
1.310138440934827636e-05 3.272739772080944412e-04 4.489129695352118699e-01 1.231884903545716270e+01 5.380990864465738654e-02 1.194399576590002544e+05
1.423507237304126737e-05 3.352494958330051625e-04 4.765099197713584811e-01 1.224983093288722635e+01 5.743968985345541955e-02 9.109668434976137360e+04
1.546686053430615019e-05 3.434050074912897298e-04 5.056422642407739643e-01 1.219516743597328023e+01 6.122458288525581965e-02 6.951840605711516400e+04
1.680523769171170682e-05 3.517481602641799997e-04 5.363518795448006804e-01 1.214945374034597236e+01 6.518734455009229933e-02 5.308808357720241474e+04
1.825942719587580042e-05 3.602904455990663612e-04 5.686585004268425170e-01 1.211610189646142999e+01 6.930408808762986150e-02 4.057474836212824448e+04
1.983945051166545630e-05 3.690419324019755809e-04 6.026065971940632870e-01 1.209106446307901095e+01 7.359352076086238259e-02 3.104064777735724056e+04
2.155619628055605301e-05 3.780130793233419631e-04 6.381868151299151526e-01 1.207425930537762149e+01 7.804724258813458548e-02 2.377299207014744388e+04
2.342149535908951690e-05 3.872171824005866351e-04 6.754250191422114247e-01 1.206468613971038373e+01 8.266684261950026091e-02 1.822945838242156606e+04
2.544820235055408574e-05 3.966661840619435295e-04 7.143161039043743887e-01 1.206134385899544803e+01 8.745103971175363644e-02 1.399788658695296544e+04
2.765028419175715442e-05 4.063739405258687959e-04 7.548490929792138759e-01 1.206320446805161062e+01 9.239908775679610275e-02 1.076491540509587685e+04
3.004291640538180695e-05 4.163560973016673162e-04 7.969965914157851605e-01 1.206954771333183096e+01 9.750697944038810849e-02 8.292405646421640995e+03
3.264258768124434987e-05 4.266270603706994401e-04 8.407283759693486846e-01 1.207966579965330745e+01 1.027711039676280358e-01 6.399332356759071445e+03
3.546721350716961732e-05 4.372048482480294989e-04 8.859907937039730452e-01 1.209356373698924081e+01 1.081795439797124531e-01 4.948054825305622217e+03
3.853625963256361565e-05 4.481081399859024404e-04 9.327295110675944967e-01 1.210934108102387974e+01 1.137379616560987433e-01 3.833926515990449843e+03
4.187087621552659854e-05 4.593547273500125016e-04 9.808609797475673631e-01 1.212753456151926557e+01 1.194277284556123225e-01 2.977308249326515579e+03
4.549404357797361538e-05 4.709676628524211506e-04 1.030300007512075844e+00 1.214644415570464808e+01 1.252520319819863392e-01 2.317608860608889245e+03
4.943073057322519293e-05 4.829692143686769744e-04 1.080939732339392778e+00 1.216605822642799239e+01 1.311963718185339967e-01 1.808644311815407264e+03
5.370806665745082783e-05 4.953830190387924172e-04 1.132664181046228791e+00 1.218668897150664066e+01 1.372415690429704127e-01 1.415227937452547167e+03
5.835552885078415514e-05 5.082370927064837991e-04 1.185336187505914518e+00 1.220624364092280878e+01 1.433935920132714537e-01 1.110507032376769757e+03
6.340514487654307454e-05 5.215590259278958963e-04 1.238814291934972944e+00 1.222559911399755173e+01 1.496257330900898630e-01 8.739773233199530296e+02
6.889171387847686887e-05 5.353798858814281083e-04 1.292936129955643443e+00 1.224316580096045826e+01 1.559385802108690933e-01 6.899572708378647121e+02
7.485304623710016384e-05 5.497342676948485662e-04 1.347532247353697477e+00 1.225933929737207961e+01 1.623089009307323305e-01 5.464477878296623885e+02
8.133022413779629055e-05 5.646568662329574028e-04 1.402421665935291939e+00 1.227326926308520072e+01 1.687285542414922734e-01 4.342476021607761254e+02
8.836788468637809971e-05 5.801882968014789380e-04 1.457415851696554077e+00 1.228542494403589913e+01 1.751715371105884433e-01 3.462950369886041813e+02
9.601452752318178632e-05 5.963718903403290774e-04 1.512317035844367163e+00 1.229419185696914241e+01 1.816406691791706829e-01 2.771604683479899336e+02
1.043228490556020522e-04 6.132520027311156837e-04 1.566924786939014824e+00 1.230044016418037067e+01 1.881038709873245618e-01 2.226623844868947515e+02
1.133501056124058826e-04 6.308815249918734531e-04 1.621034089828733205e+00 1.230333726235480007e+01 1.945536817686365216e-01 1.795750042681118543e+02
1.231585080224918065e-04 6.493150194597306201e-04 1.674440147207596041e+00 1.230280047626487416e+01 2.009721518250195127e-01 1.454049091368676159e+02
1.338156503373041017e-04 6.686115053646268271e-04 1.726937587590151146e+00 1.229839452701365765e+01 2.073473342976674128e-01 1.182210281015874216e+02
1.453949756514216567e-04 6.888383545921341862e-04 1.778327378189680452e+00 1.228982784614905377e+01 2.136663594388528431e-01 9.652503541184084668e+01
1.579762822314988526e-04 7.100660107362509466e-04 1.828413739858277598e+00 1.227752578298404984e+01 2.199043682427623547e-01 7.915150506780280182e+01
1.716462734415137516e-04 7.323729140544739434e-04 1.877008666021776406e+00 1.226124288154590758e+01 2.260487018728736253e-01 6.519194540758742562e+01
1.864991552541070603e-04 7.558460559242024569e-04 1.923935730605695893e+00 1.224066203689709731e+01 2.320897111431390047e-01 5.393661143378226086e+01
2.026372854657225442e-04 7.805775142809190294e-04 1.969028199590017181e+00 1.221579692979453569e+01 2.380128290308766992e-01 4.482964420098608116e+01
2.201718790895835609e-04 8.066716826535287729e-04 2.012133368514979370e+00 1.218669739198961999e+01 2.438040810622522925e-01 3.743457433845939164e+01
2.392237747876771274e-04 8.342422858593024964e-04 2.053112172440142214e+00 1.215336161167811291e+01 2.494517142308127489e-01 3.140786133129360991e+01
2.599242676235699796e-04 8.634111758977469067e-04 2.091841426729139197e+00 1.211566110453877521e+01 2.549481574749191681e-01 2.647834269856008049e+01
2.824160138749281308e-04 8.943176277662318431e-04 2.128214198521698020e+00 1.207398069343789793e+01 2.602765816316329750e-01 2.243143563580022004e+01
3.068540141411981001e-04 9.271115449966758210e-04 2.162139710480821098e+00 1.202822939527938573e+01 2.654313929203223066e-01 1.909684492366682562e+01
3.334066815214894834e-04 9.619576568337269949e-04 2.193546574813332484e+00 1.197857349380162617e+01 2.704033036491161335e-01 1.633900629959197559e+01
3.622570022239363107e-04 9.990408932889314076e-04 2.222377490325483151e+00 1.192493083519834585e+01 2.751897133382069094e-01 1.404977619769238473e+01
3.936037966048220021e-04 1.038562096915692304e-03 2.248593693449085773e+00 1.186761813288374690e+01 2.797806403513378726e-01 1.214255055082723089e+01
4.276630893278384219e-04 1.080744751453610510e-03 2.272173742987501299e+00 1.180679219057349449e+01 2.841710634527548907e-01 1.054782538174789153e+01
4.646695980858582022e-04 1.125837203410907233e-03 2.293111024839470158e+00 1.174243337489722272e+01 2.883614579495877850e-01 9.209634325178788217e+00
5.048783511446663496e-04 1.174111381361258579e-03 2.311414880713236641e+00 1.167518788242902339e+01 2.923373203528017994e-01 8.082767949923866269e+00
5.485664448558518142e-04 1.225871926887269099e-03 2.327108230956884682e+00 1.160474796576383660e+01 2.961086569539984059e-01 7.130604700256055750e+00
5.960349532506734440e-04 1.281455919786725654e-03 2.340229319186587276e+00 1.153158826680264504e+01 2.996674163344021369e-01 6.323393548902924266e+00
6.476110028747470750e-04 1.341235282020695509e-03 2.350825501769807868e+00 1.145588080427295274e+01 3.030136145976392581e-01 5.636896893334877312e+00
7.036500271621635777e-04 1.405627608665315853e-03 2.358958529165429141e+00 1.137786914181188713e+01 3.061467168908940661e-01 5.051281848479388437e+00
7.645382158849371420e-04 1.475094822150821309e-03 2.364698660371908456e+00 1.129781899322569849e+01 3.090661398159121331e-01 4.550313624337152696e+00
8.306951765580101836e-04 1.550151430764938956e-03 2.368125523386069187e+00 1.121585707155307432e+01 3.117758610933921704e-01 4.120628006257215148e+00
9.025768261407583282e-04 1.631372659944171216e-03 2.369326620821123441e+00 1.113226983529986391e+01 3.142761645844907581e-01 3.751213692344958606e+00
9.806785329629689150e-04 1.719398857670652401e-03 2.368396643151719161e+00 1.104724446076180655e+01 3.165706933567130621e-01 3.432963032168616646e+00
1.065538530527724171e-03 1.814946106377703962e-03 2.365435794994807939e+00 1.096124139617491089e+01 3.186556750088407330e-01 3.158327244109627951e+00
1.157741626717198212e-03 1.918814754900646357e-03 2.360549209264157344e+00 1.087431571766503957e+01 3.205393526892035272e-01 2.921034942910320620e+00
1.257923233963155040e-03 2.031901098467887943e-03 2.353846814029485479e+00 1.078678704612078398e+01 3.222228436922187633e-01 2.715862039564634234e+00
1.366773748155856874e-03 2.155208557808717222e-03 2.345440378304374907e+00 1.069887500703935501e+01 3.237103004153175090e-01 2.538448105905655616e+00
1.485043306468353643e-03 2.289861733602356186e-03 2.335446242076309353e+00 1.061101239044044853e+01 3.249999456903887585e-01 2.385149541889401092e+00
1.613546956884469004e-03 2.437127164145319602e-03 2.323980867913170822e+00 1.052313701806879465e+01 3.261050755010783120e-01 2.252914800841098408e+00
1.753170275055954651e-03 2.598421461332101057e-03 2.311162958439897164e+00 1.043573171861740079e+01 3.270226983062578530e-01 2.139188028411239895e+00
1.904875467197105973e-03 2.775342058378664403e-03 2.297112929002141701e+00 1.034898796242643293e+01 3.277590554898970332e-01 2.041828649232292570e+00
2.069708001074560110e-03 2.969690834701207982e-03 2.281950460213186371e+00 1.026326934180793948e+01 3.283149965390161351e-01 1.959041473841797387e+00
2.248803810789377217e-03 3.183489041747920509e-03 2.265796024706634881e+00 1.017862559942988554e+01 3.287016661955070584e-01 1.889325469924593603e+00
2.443397125002779759e-03 3.419028007814876521e-03 2.248769676602456968e+00 1.009543755335758597e+01 3.289198357423983032e-01 1.831428642567456855e+00
2.654828972553271126e-03 3.678892085383627698e-03 2.230990725213814585e+00 1.001401144823723222e+01 3.289727432049176503e-01 1.784309735945232900e+00
2.884556424081181122e-03 3.965994799461856554e-03 2.212579337483719488e+00 9.934466469718971737e+00 3.288702126111235358e-01 1.747108347688070218e+00
3.134162633348713551e-03 4.283656355446284654e-03 2.193653365318377624e+00 9.857067965155451361e+00 3.286173481520355266e-01 1.719115702657326050e+00
3.405367747454705624e-03 4.635616275073934506e-03 2.174330409846744416e+00 9.782174649267222577e+00 3.282164641370878821e-01 1.699755755245230704e+00
3.700040761131266013e-03 5.026118588057947381e-03 2.154727186894703994e+00 9.710027833623122717e+00 3.276740519364151338e-01 1.688568080320955955e+00
