9.999999999999999547e-07 1.358235341225404440e-04 9.810244533036095727e-02 9.833992222268057048e+01 1.473059222396666708e-03 3.887676680278038788e+10
1.087002494583541406e-06 1.406172724808419522e-04 1.001082919113844144e-01 7.502094412382288624e+01 1.970415254262597188e-03 7.436057645630972862e+09
1.181574423230839681e-06 1.458280780346963537e-04 1.026839099450267273e-01 6.024420625798811102e+01 2.516850071499443248e-03 2.063899896643811941e+09
1.284374345588032021e-06 1.514922366705259834e-04 1.057263175865732485e-01 5.008718066932762980e+01 3.116927886778917030e-03 7.673310028654552698e+08
1.396118117633291630e-06 1.567167518008680553e-04 1.091649173351563751e-01 4.271147339512874908e+01 3.774059753734535037e-03 3.591946076750532985e+08
1.517583876600666260e-06 1.619177778427229866e-04 1.130327516523501746e-01 3.731142648391222849e+01 4.473347968117870506e-03 2.007024353009654284e+08
1.649617459604682175e-06 1.671793512804923990e-04 1.173318355370595589e-01 3.309551389438610158e+01 5.235003433018744351e-03 1.261678343615575880e+08
1.793138293698853986e-06 1.725006027376056131e-04 1.220791963800046676e-01 2.970890512640758629e+01 6.067716063040670682e-03 8.570450340234056115e+07
1.949145798383925317e-06 1.778820445548318584e-04 1.272861209242336922e-01 2.701424990589699604e+01 6.957582638068265241e-03 6.112582710542118549e+07
2.118726345150355439e-06 1.833220161762447284e-04 1.329739883453548432e-01 2.478194100775494135e+01 7.923218106452462398e-03 4.488575673789526522e+07
2.303060822518305808e-06 1.888220623805005071e-04 1.392051008121095446e-01 2.294354278888143739e+01 8.959110736556958818e-03 3.353701311328829452e+07
2.503432859255016116e-06 1.943815117117171426e-04 1.459469181630210777e-01 2.140102739649106312e+01 1.007002481710880110e-02 2.532698087826507166e+07
2.721237763032610522e-06 2.000011861729940115e-04 1.532840664462292446e-01 2.008001452927610231e+01 1.127205827956527170e-02 1.923591256711850688e+07
2.957992236771377755e-06 2.056820879589047542e-04 1.612240795974583807e-01 1.897682033552892733e+01 1.254517417703473157e-02 1.465751860628104769e+07
3.215344940329237383e-06 2.114242722481055297e-04 1.698251220979633824e-01 1.802804775590124819e+01 1.390988279714710542e-02 1.118801041335120611e+07
3.495087971084442293e-06 2.172302153840065611e-04 1.791278535636556535e-01 1.721066160971882653e+01 1.536865251120565941e-02 8.543932235960215330e+06
3.799169343357717523e-06 2.231000697212478471e-04 1.891508179697822534e-01 1.649141864615266684e+01 1.693637425574235147e-02 6.524754155533207580e+06
4.129706553575145518e-06 2.290366276472364918e-04 1.999844547302316589e-01 1.587048428175550541e+01 1.860699727263388781e-02 4.980117997803740203e+06
4.489001325634183061e-06 2.350415251034568254e-04 2.116446143229916421e-01 1.533693264015206559e+01 2.037693904989024141e-02 3.798651167644850910e+06
4.879555639153171889e-06 2.411168395772295299e-04 2.241892036455084836e-01 1.486865056488202441e+01 2.226452193188219533e-02 2.895106780098303687e+06
5.304089152218684635e-06 2.472661251734384552e-04 2.376720994384051433e-01 1.445952669913680744e+01 2.427137386511813225e-02 2.204556562354539521e+06
5.765558139955211964e-06 2.534907568220131952e-04 2.521592709209620198e-01 1.410525759529512158e+01 2.639758234770661627e-02 1.677216171732469229e+06
6.267176080797746167e-06 2.597956788597128035e-04 2.677059215039280238e-01 1.379514331842922381e+01 2.865510445629329897e-02 1.274872197004833026e+06
6.812436033821453337e-06 2.661834658921253031e-04 2.843653366051120956e-01 1.352428240304265472e+01 3.104793068587574645e-02 9.682855791069804691e+05
7.405134962954712040e-06 2.726586149286004484e-04 3.022286121508326318e-01 1.329349470453109028e+01 3.357118296540571173e-02 7.348511659659079742e+05
8.049400177459573470e-06 2.792257778533821532e-04 3.213217076050522425e-01 1.308382894521370865e+01 3.626397809156065022e-02 5.573551048628254794e+05
8.749718072799738620e-06 2.858889003542408537e-04 3.417235122867861019e-01 1.291079192777596063e+01 3.908338893048917545e-02 4.225120492878025398e+05
9.510965372036013550e-06 2.926546227520592240e-04 3.635098860631832962e-01 1.276363009701877793e+01 4.205447852602833825e-02 3.201552552294647321e+05
1.033844308530080712e-05 2.995272325758796777e-04 3.867366811718985220e-01 1.263667251344278952e+01 4.519109559699285156e-02 2.425245419007307501e+05
1.123791342383194104e-05 3.065142543831529155e-04 4.114652713447698451e-01 1.252724620979136816e+01 4.850067775393952785e-02 1.836907028433793748e+05
1.221563992561916358e-05 3.136220081694920470e-04 4.377638618624566380e-01 1.243801515056066442e+01 5.197075912664798208e-02 1.391272325019921118e+05
1.327843107208233738e-05 3.208577515483480446e-04 4.656821414670250792e-01 1.236555756018029584e+01 5.560913184805622855e-02 1.053890105046968092e+05
1.443368769950910993e-05 3.282304597239200580e-04 4.952910066796522015e-01 1.230781997093903257e+01 5.942231157738591535e-02 7.985420151339675067e+04
1.568945453540614829e-05 3.357472747214051935e-04 5.266221969124634805e-01 1.226190746383387165e+01 6.341782762155846742e-02 6.053286688746183063e+04
1.705447621864150957e-05 3.434194409235022177e-04 5.597349446655450755e-01 1.222873720345109305e+01 6.758822544684624234e-02 4.591355352194267471e+04
1.853825819347900507e-05 3.512560641281441869e-04 5.946677989945039489e-01 1.220621728840356468e+01 7.193886152099401854e-02 3.485128854738812515e+04
2.015113290154545522e-05 3.592689479486889902e-04 6.314375425790025309e-01 1.219287193257807012e+01 7.647062195352477554e-02 2.647867065656304840e+04
2.190433173266434063e-05 3.674704048668260494e-04 6.700832112237004035e-01 1.218749685004240213e+01 8.118661896646797715e-02 2.013931522976876295e+04
2.381006323559156849e-05 3.758727771615605513e-04 7.106070431910234131e-01 1.219029211994346440e+01 8.607670418905331855e-02 1.533698744056399300e+04
2.588159813327984909e-05 3.844918386789658365e-04 7.530030429902132560e-01 1.219848935351786956e+01 9.115089027582375103e-02 1.169651005472891302e+04
2.813336173468392761e-05 3.933415775383831254e-04 7.972556263503036700e-01 1.221253936471412160e+01 9.639662997657630350e-02 8.934510896445512117e+03
3.058103438662252089e-05 4.024404620723376976e-04 8.433385649306519571e-01 1.223177869654366035e+01 1.018081581689763981e-01 6.836932359105514479e+03
3.324166066520373988e-05 4.118064119090222657e-04 8.912037827560918002e-01 1.225422685433977499e+01 1.073893813194933822e-01 5.242103768132575169e+03
3.613376806717605056e-05 4.214596198332900591e-04 9.407865068668400665e-01 1.228016775716468878e+01 1.131245892516745816e-01 4.027920989192414709e+03
3.927749602772340225e-05 4.314231224876475266e-04 9.920072754508661994e-01 1.230800698632261714e+01 1.190138099250586806e-01 3.102186106919314625e+03
4.269473616313038854e-05 4.417195358148423416e-04 1.044767381288190133e+00 1.233823946986644060e+01 1.250364529166451966e-01 2.395228567006872254e+03
4.640928471490887811e-05 4.523772479128016248e-04 1.098947733655960990e+00 1.236934169064800315e+01 1.311899861184303850e-01 1.854375556642953370e+03
5.044700825694376693e-05 4.634240660009969178e-04 1.154411163913251936e+00 1.240062348104112644e+01 1.374634475763069907e-01 1.439793531695573847e+03
5.483602381957427809e-05 4.748927761748902355e-04 1.211002656186652260e+00 1.243246110429168283e+01 1.438328949153537817e-01 1.121333253041118496e+03
5.960689468491974218e-05 4.868186911413185740e-04 1.268545911918462554e+00 1.246278839423053597e+01 1.503007694448516562e-01 8.761552804463236725e+02
6.479284321688607098e-05 4.992398525325476583e-04 1.326853729551859873e+00 1.249240932873921217e+01 1.568364771211223641e-01 6.869397939261274360e+02
7.042998220791545061e-05 5.122005965082210548e-04 1.385715220282777160e+00 1.251951203577509197e+01 1.634394229098029561e-01 5.405400694172034264e+02
7.655756635347838953e-05 5.257465988095740873e-04 1.444915357938092892e+00 1.254486155957056148e+01 1.700774631117487889e-01 4.269572268756699600e+02
8.321826560547601007e-05 5.399320343109284678e-04 1.504210802424344795e+00 1.256745144902286349e+01 1.767387268218237883e-01 3.385842825846499977e+02
9.045846230806815031e-05 5.548144777905691981e-04 1.563362824413238927e+00 1.258685457895516180e+01 1.834056882214789574e-01 2.696190437687042731e+02
9.832857418506113522e-05 5.704588448385131995e-04 1.622120352553348965e+00 1.260301116631397633e+01 1.900548633644801588e-01 2.156302880353353544e+02
1.068834054280041703e-04 5.869381999200234176e-04 1.680222459100079391e+00 1.261473001861915400e+01 1.966794840777504050e-01 1.732276531189081936e+02
1.161825283298244493e-04 6.043317508068286534e-04 1.737412870265685250e+00 1.262276994483263337e+01 2.032444065330948901e-01 1.398120801792297243e+02
1.262906981215420330e-04 6.227314686644951905e-04 1.793431768567537832e+00 1.262622467773091728e+01 2.097401529735812842e-01 1.133864296568733465e+02
1.372783039008131610e-04 6.422372144056123344e-04 1.848022991698938577e+00 1.262493486172694901e+01 2.161466251891120405e-01 9.241315846795394862e+01
1.492218587923812569e-04 6.629634084568780499e-04 1.900939130080247841e+00 1.261869975690165901e+01 2.224456095919076781e-01 7.570557986646393545e+01
1.622045327537112577e-04 6.850378937505486069e-04 1.951940906970373035e+00 1.260734158676310024e+01 2.286195580390705528e-01 6.234581192904983737e+01
1.763167317360416972e-04 7.086044032092007764e-04 2.000801094695397797e+00 1.259105924513112740e+01 2.346453131380141499e-01 5.162175608316343300e+01
1.916567272338942076e-04 7.338271028603760796e-04 2.047307098897705568e+00 1.256949850749124487e+01 2.405111841830659680e-01 4.297977497457046780e+01
2.083313406069601658e-04 7.608896540670197824e-04 2.091263219559758024e+00 1.254221220476558152e+01 2.462094907645065167e-01 3.598806198228334807e+01
2.264566869396989325e-04 7.900031931477617328e-04 2.132491352762078574e+00 1.250984309313751552e+01 2.517130032146098761e-01 3.030898382286237336e+01
2.461589836185765733e-04 8.214064390648800505e-04 2.170834534436835384e+00 1.247241841391653949e+01 2.570077888130714583e-01 2.567775161958240204e+01
2.675754292575416066e-04 8.553726490043779855e-04 2.206156274606850154e+00 1.242945328417342843e+01 2.620924323845858495e-01 2.188607946114838043e+01
2.908551590922093697e-04 8.922145614950237683e-04 2.238342042975682400e+00 1.238127648228540956e+01 2.669508238009626888e-01 1.876962806810463391e+01
3.161602834957240836e-04 9.322911403450545023e-04 2.267300595585334033e+00 1.232817485608677366e+01 2.715692241764409709e-01 1.619836429360001162e+01
3.436670168480917436e-04 9.760152535105786308e-04 2.292962726812661778e+00 1.227018869068898077e+01 2.759408443203167360e-01 1.406902071517353292e+01
3.735669046199593252e-04 1.023864450244855702e-03 2.315282361122933175e+00 1.220737844920664372e+01 2.800604546576042631e-01 1.229940693057374013e+01
4.060681572157472997e-04 1.076390402926895827e-03 2.334237557195943058e+00 1.214035316244517304e+01 2.839121424317185283e-01 1.082383847857750503e+01
4.413970998644585562e-04 1.134234442756706538e-03 2.349826603464524766e+00 1.206889932884471506e+01 2.875003559221193106e-01 9.589709615901938378e+00
4.797997486546065615e-04 1.198145226867728882e-03 2.362070929387004803e+00 1.199351774715394825e+01 2.908148555477726993e-01 8.554741609902018595e+00
5.215435236881130199e-04 1.268993239269809638e-03 2.371013669374758326e+00 1.191439977871203304e+01 2.938543502113574735e-01 7.684871476964874049e+00
5.669191112828685921e-04 1.347809461311108830e-03 2.376718016424147262e+00 1.183204919679161371e+01 2.966114599908430960e-01 6.952577925801935343e+00
6.162424881915619639e-04 1.435794574543679345e-03 2.379268476721605463e+00 1.174686076595726192e+01 2.990830938184603771e-01 6.335584275712255575e+00
6.698571219325956871e-04 1.534379492413263588e-03 2.378769426695903633e+00 1.165900141575371407e+01 3.012737047974075599e-01 5.815822649973969583e+00
7.281363625552823415e-04 1.645256630932926236e-03 2.375345458164525247e+00 1.156922513545871922e+01 3.031745507544205687e-01 5.378608974474449411e+00
7.914860424945778343e-04 1.770437946700326344e-03 2.369141206870783112e+00 1.147778913572854798e+01 3.047915620946629600e-01 5.012025205553412910e+00
8.603473026196602549e-04 1.912352639429245422e-03 2.360321340587712147e+00 1.138542949944868710e+01 3.061201726863974071e-01 4.706387752461561824e+00
9.351996641557907500e-04 2.073884172993582797e-03 2.349070137395390390e+00 1.129267767339147532e+01 3.071632730692790414e-01 4.453842814588208299e+00
1.016564367871033731e-03 2.258564158499838485e-03 2.335594482377636893e+00 1.119986011351891797e+01 3.079321804916410610e-01 4.248040861665875134e+00
1.105008003780553550e-03 2.470636670642191966e-03 2.320122015704965790e+00 1.110811025284468556e+01 3.084188251578858231e-01 4.083880941364554928e+00
1.201146456644239940e-03 2.715309980605292231e-03 2.302903653006992180e+00 1.101785453019511429e+01 3.086376969954622851e-01 3.957263888502133842e+00
1.305649194732468954e-03 2.998996806319865344e-03 2.284212942704082927e+00 1.092998730412895192e+01 3.085937781014203574e-01 3.864930546628330799e+00
1.419243931725184572e-03 3.329548440926164386e-03 2.264348016096427774e+00 1.084519541545814114e+01 3.083017779047219076e-01 3.804284019075293788e+00
1.542721694207827444e-03 3.716893322406368289e-03 2.243630424653715760e+00 1.076592871903546467e+01 3.077301550135517760e-01 3.773240361425983735e+00
1.676942330052054323e-03 4.173247547931144621e-03 2.222407159687974865e+00 1.068841738632735172e+01 3.070297491224751596e-01 3.770037260640020094e+00
1.822840496039317745e-03 4.714237090338667564e-03 2.201045735347223697e+00 1.061800232332852723e+01 3.060951763940366055e-01 3.793102312947351784e+00
1.981432166422638676e-03 5.359636681289385238e-03 2.179931515910540352e+00 1.055417282839809090e+01 3.049923059700266337e-01 3.840841013498231149e+00
2.153821707749476854e-03 6.134777317148626050e-03 2.159463537928023147e+00 1.049747110030108566e+01 3.037605866047691228e-01 3.911410576998139987e+00
2.341209569211862452e-03 7.072796225770050342e-03 2.140043606859425740e+00 1.044876314669645012e+01 3.024321613976412859e-01 4.002481655307592590e+00
2.544900642076150174e-03 8.216437873048971705e-03 2.122063725730814365e+00 1.040827521720431470e+01 3.010578039032201780e-01 4.111055458486566394e+00
2.766313346404029004e-03 9.623107921338738477e-03 2.105888316508577329e+00 1.037640015241099256e+01 2.996807581628667116e-01 4.233147358973479157e+00
3.006989508340920849e-03 1.136871388182361317e-02 2.091830496077711654e+00 1.035323322300671833e+01 2.983463492211204660e-01 4.363802139851419071e+00
3.268605096753114583e-03 1.355671100200447725e-02 2.080130224327828348e+00 1.033803739125465704e+01 2.971136884091856167e-01 4.497070601880685636e+00
3.552981893979110118e-03 1.632946831089171491e-02 2.070924276200373448e+00 1.033030870711283278e+01 2.960200680550054142e-01 4.626350834563928593e+00
3.862100181965444703e-03 1.988373369897035101e-02 2.064224329006502323e+00 1.032925754229671078e+01 2.950923978892732724e-01 4.744943252696094405e+00
