9.999999999999999547e-07 1.346150531075810883e-04 9.818051903953843584e-02 9.714431409590061151e+01 1.492375712410497343e-03 3.599219257950819397e+10
1.087339376149238795e-06 1.388434670807446722e-04 1.003284436174634170e-01 7.373536805551603379e+01 2.009178202049906672e-03 6.681947817905095100e+09
1.182306918924615865e-06 1.434411880924251100e-04 1.031254006227954045e-01 5.855353625496958614e+01 2.600655071692449180e-03 1.777559758587164164e+09
1.285568867640420498e-06 1.484404711889739418e-04 1.064660534969926603e-01 4.859909600120220574e+01 3.234842943963783368e-03 6.574949135349801779e+08
1.397849650537018135e-06 1.535829707900035956e-04 1.102618370421197119e-01 4.139696988962579383e+01 3.933026797058194676e-03 3.095997185504527092e+08
1.519936966965352752e-06 1.586541992287582900e-04 1.145046400966920896e-01 3.603877208476286853e+01 4.691625475369127357e-03 1.743764142020550072e+08
1.652687313446272971e-06 1.638189300305058238e-04 1.192013884971298426e-01 3.197903621006645380e+01 5.504098261525688929e-03 1.109833495765651911e+08
1.797031992372431829e-06 1.690778746079516892e-04 1.243653166583820191e-01 2.876083076982122577e+01 6.385105660438247788e-03 7.611050400335563719e+07
1.953983645506463570e-06 1.744295910213250673e-04 1.299894888971885598e-01 2.621341218889866198e+01 7.322424705397901669e-03 5.458696672900946438e+07
2.124643358110813830e-06 1.798754892989593089e-04 1.361204385557615026e-01 2.409745378351943046e+01 8.341082537039450767e-03 4.022256520015291870e+07
2.310208383547835866e-06 1.854144568178728194e-04 1.427625177617969643e-01 2.236517747720061777e+01 9.425666832789284660e-03 3.010843779929979146e+07
2.511980542541645150e-06 1.910479916073973110e-04 1.499323065216016659e-01 2.091969233538906892e+01 1.058303333407428076e-02 2.276528279254582897e+07
2.731375356026259060e-06 1.967758623332789742e-04 1.576772592238033510e-01 1.969827528904027147e+01 1.181982631306851064e-02 1.731000188974168897e+07
2.969931975650997531e-06 2.025994491632430062e-04 1.660241766514743700e-01 1.865959290710817697e+01 1.313830699646455213e-02 1.320800568514242209e+07
3.229323981610032073e-06 2.085196109498123611e-04 1.749979933349427308e-01 1.777024192148044435e+01 1.454152530931735951e-02 1.009884394062485546e+07
3.511371123547621120e-06 2.145376478095094817e-04 1.846479241714275854e-01 1.701506197432333423e+01 1.602437609568086591e-02 7.729264226302211173e+06
3.818052086906721628e-06 2.206556403460988123e-04 1.950056382122480059e-01 1.634720832958298686e+01 1.761464139282545652e-02 5.918609963439669460e+06
4.151518374282454073e-06 2.268748558375198953e-04 2.061167740553148386e-01 1.576556350596200495e+01 1.930518969593823103e-02 4.532083151882478967e+06
4.514109399164385812e-06 2.331987319916791835e-04 2.180179615692567074e-01 1.526542104705008640e+01 2.108889004091574551e-02 3.469763035666147713e+06
4.908368897956819032e-06 2.396285624751285433e-04 2.307634207608617594e-01 1.482812975440854686e+01 2.298004239203840435e-02 2.655562946531130932e+06
5.337062775414694065e-06 2.461691073544556413e-04 2.443889986677134640e-01 1.444887946544111124e+01 2.497570285830577608e-02 2.031619714407923631e+06
5.803198508688738443e-06 2.528222927636686540e-04 2.589425998125827744e-01 1.411194537410965566e+01 2.709485632292977370e-02 1.553573251948506339e+06
6.310046246107806100e-06 2.595936361467373037e-04 2.745177947351869485e-01 1.381722459473280296e+01 2.933728497559775356e-02 1.187331304057077039e+06
6.861161748715708322e-06 2.664865292965948036e-04 2.911032824200969205e-01 1.355990883955840154e+01 3.170009528564569218e-02 9.071086283585658530e+05
7.460411335507558134e-06 2.735068393141947170e-04 3.087980091037167418e-01 1.333624059439251930e+01 3.419096078291616880e-02 6.927360826769956620e+05
8.111999007367497847e-06 2.806597797907273216e-04 3.276369577592230797e-01 1.313986415453028656e+01 3.681902165654007963e-02 5.288507026166103315e+05
8.820495939994219602e-06 2.879516968891220876e-04 3.476734761891592806e-01 1.296974778225857250e+01 3.958314199670456834e-02 4.036419669301386457e+05
9.590872552720207874e-06 2.953898399649100321e-04 3.689604114619972619e-01 1.282097082162507284e+01 4.249414477350010183e-02 3.080334089195253910e+05
1.042853337820164967e-05 3.029812005313182403e-04 3.915601659806742241e-01 1.269480560549086512e+01 4.554520739449095801e-02 2.350612959900190472e+05
1.133935497760529468e-05 3.107353145519145977e-04 4.155202746543762427e-01 1.258444259780705821e+01 4.875604511743049374e-02 1.793879648531293496e+05
1.232972716728410656e-05 3.186600324232364201e-04 4.408736815464448511e-01 1.249428204175394796e+01 5.210424455840319963e-02 1.369296161358705722e+05
1.340659784616502289e-05 3.267673622006517383e-04 4.676830519147301968e-01 1.241581302630028105e+01 5.562201313668527214e-02 1.045549014783323073e+05
1.457752173833280396e-05 3.350666307779503464e-04 4.959814853969293225e-01 1.235103279822076772e+01 5.929695947656402760e-02 7.987208323425216076e+04
1.585071339276075756e-05 3.435720502109093199e-04 5.258022581728010181e-01 1.229806609029759024e+01 6.313291748965775552e-02 6.105380632486689137e+04
1.723510481200486667e-05 3.522957593584130371e-04 5.571736625258533193e-01 1.225569191484064113e+01 6.713097876130721953e-02 4.670486998393589602e+04
1.874040811415211586e-05 3.612537431801403852e-04 5.901231256228802735e-01 1.222293559174198130e+01 7.129143322966663421e-02 3.576098826159229793e+04
2.037718366762425275e-05 3.704617342205686640e-04 6.246600047150823176e-01 1.219807240834913209e+01 7.561757193604588811e-02 2.741112322221267459e+04
2.215691417683301472e-05 3.799380030018460795e-04 6.607838035067111759e-01 1.218075375001589755e+01 8.010423200838631685e-02 2.103703711116220438e+04
2.409208523842983548e-05 3.897025096956461122e-04 6.984953710837600305e-01 1.217123377764991154e+01 8.474208852280971926e-02 1.616803531152267169e+04
2.619627293328858093e-05 3.997764762042858725e-04 7.377631365733630098e-01 1.216530763320814401e+01 8.954969078389352077e-02 1.244568904493692389e+04
2.848423906871719869e-05 4.101848927484475567e-04 7.785648413836815385e-01 1.216469380409460577e+01 9.450697035454448669e-02 9.597308921452093273e+03
3.097203473906473450e-05 4.209528014917328907e-04 8.208485276526588104e-01 1.216764581597393047e+01 9.961544951923018143e-02 7.415251290954176511e+03
3.367711293124720173e-05 4.321112163507561006e-04 8.645515508242020974e-01 1.217477151019580006e+01 1.048576957484716882e-01 5.741551395536035670e+03
3.661845096516978950e-05 4.436902352447700095e-04 9.095959513291465015e-01 1.218330356288225857e+01 1.102436765654282586e-01 4.455957206704462806e+03
3.981668362801921049e-05 4.557277293736118639e-04 9.558969660648817257e-01 1.219476273261733645e+01 1.157465255504094986e-01 3.466929881085503439e+03
4.329424793642201963e-05 4.682615719823945890e-04 1.003331506740618995e+00 1.220551739570952421e+01 1.213831744872099910e-01 2.704740130963549746e+03
4.707554054203958783e-05 4.813370352410587449e-04 1.051776351114559027e+00 1.221895966610172302e+01 1.271040548040356100e-01 2.116251116614747843e+03
5.118708888486952656e-05 4.950021570996774797e-04 1.101083648385987379e+00 1.223030715942065072e+01 1.329392376427144806e-01 1.660946691843362942e+03
5.565773729496967134e-05 5.093118985344864290e-04 1.151094283948896013e+00 1.224229293175058331e+01 1.388412021501536364e-01 1.307916387982420474e+03
6.051884934819053976e-05 5.243271057158003677e-04 1.201629020282301674e+00 1.225301192009534290e+01 1.448097445290134067e-01 1.033534391493509702e+03
6.580452789553126582e-05 5.401155117947110777e-04 1.252495144137548921e+00 1.226177224932456333e+01 1.508318440038723396e-01 8.197479626719948556e+02
7.155185430972216027e-05 5.567543014614408960e-04 1.303485581113384084e+00 1.226825445157425243e+01 1.568894323026241433e-01 6.527305123191689518e+02
7.780114862745451010e-05 5.743281764948926288e-04 1.354382642858980468e+00 1.227208774424460991e+01 1.629645578532436800e-01 5.218848991490490334e+02
8.459625241227059726e-05 5.929354258488230564e-04 1.404956099010889359e+00 1.227302140714065182e+01 1.690368913367785442e-01 4.190743438717815366e+02
9.198483632252184771e-05 6.126834924702339062e-04 1.454969150186594673e+00 1.227078524921489588e+01 1.750860981674837447e-01 3.380436210186384187e+02
1.000187345421207490e-04 6.336979949819234728e-04 1.504178744251343680e+00 1.226411861316416640e+01 1.811062091498036042e-01 2.739734697290953136e+02
1.087543084202658984e-04 6.561179995610879863e-04 1.552339743392824767e+00 1.225384803290904223e+01 1.870615469322200741e-01 2.231449324648185666e+02
1.182528418712338366e-04 6.801046787890009790e-04 1.599203015535811012e+00 1.223883265392987241e+01 1.929451376439743904e-01 1.826827723242753052e+02
1.285809713081418465e-04 7.058401041980746525e-04 1.644526083788239834e+00 1.221950741918025329e+01 1.987271946530118905e-01 1.503591350053216047e+02
1.398111531268581378e-04 7.335340611776065877e-04 1.688067425007035105e+00 1.219550581511131782e+01 2.043902649792184445e-01 1.244437020664801707e+02
1.520221720196636254e-04 7.634270502834071114e-04 1.729596611485467506e+00 1.216597393170479080e+01 2.099269418935965636e-01 1.035896829813634383e+02
1.652996936847133129e-04 7.957964706460923928e-04 1.768892065199920482e+00 1.213176906037747216e+01 2.153016877748544500e-01 8.674633095150187501e+01
1.797368658087964311e-04 8.309633086941202798e-04 1.805743521686229647e+00 1.209218952034276207e+01 2.205064793357121855e-01 7.309168421089009371e+01
1.954349715395561611e-04 8.693003267157148545e-04 1.839959741280801531e+00 1.204762339559713524e+01 2.255159027417608930e-01 6.198098693425286143e+01
2.125041400315652519e-04 9.112411782263500452e-04 1.871363285937279519e+00 1.199766318769550111e+01 2.303200118037581068e-01 5.290734687662371272e+01
2.310641190510526351e-04 9.572952119698224880e-04 1.899800237533631586e+00 1.194250589406565055e+01 2.348998331915116977e-01 4.547111916648540841e+01
2.512451150594450285e-04 1.008057052468202229e-03 1.925135759935232338e+00 1.188282815504854106e+01 2.392278734182398392e-01 3.935626878406429086e+01
2.731887066692807102e-04 1.064233583648214760e-03 1.947259538583832494e+00 1.181761244430482982e+01 2.433124498948894543e-01 3.431232569994099890e+01
2.970488378807930739e-04 1.126655652439654447e-03 1.966086829040066597e+00 1.174803156006504423e+01 2.471199596132245269e-01 3.014016948612571412e+01
3.229928980671578848e-04 1.196319757748949683e-03 1.981558594782717675e+00 1.167404211536889846e+01 2.506431836360973886e-01 2.668115798829594354e+01
3.512028962849781505e-04 1.274411424898289329e-03 1.993645439151936483e+00 1.159586584744372750e+01 2.538721004310164342e-01 2.380861098841598533e+01
3.818767381483135917e-04 1.362361554618825776e-03 2.002346902301176179e+00 1.151420473593333860e+01 2.567885221231662740e-01 2.142115167921835805e+01
4.152296142240934941e-04 1.461899485084080770e-03 2.007694844438493220e+00 1.142938166365197361e+01 2.593852064962471893e-01 1.943757571576147214e+01
4.514955096891149150e-04 1.575124086956665621e-03 2.009753995114407221e+00 1.134179059933265066e+01 2.616564898155206431e-01 1.779272837314793421e+01
4.909288458395448486e-04 1.704619856261783582e-03 2.008624720736770897e+00 1.125202003565447484e+01 2.635958336546202485e-01 1.643442556249511455e+01
5.338062649688365361e-04 1.853541414337834658e-03 2.004445891197020213e+00 1.116115365324782793e+01 2.651889875478785075e-01 1.532084021136566854e+01
5.804285711357699915e-04 2.025857032485112522e-03 1.997396578159060354e+00 1.106971163370816846e+01 2.664392662128957090e-01 1.441857760092772800e+01
6.311228404379621909e-04 2.226448377865520786e-03 1.987699767489335079e+00 1.097844947465417498e+01 2.673498928969114119e-01 1.370106834110738170e+01
6.862447155953493860e-04 2.461580261777037652e-03 1.975625213323185525e+00 1.088878776065431708e+01 2.679139097996912078e-01 1.314728796634915575e+01
7.461809009411590667e-04 2.739085073232437519e-03 1.961490781625570445e+00 1.080145640915204019e+01 2.681477697219064593e-01 1.274059051605229520e+01
8.113518753238368282e-04 3.069160179958029411e-03 1.945669521357289655e+00 1.071764970218373492e+01 2.680647769129812508e-01 1.246771025853515447e+01
8.822148419521357032e-04 3.464892600627551399e-03 1.928583460458569432e+00 1.063877898689108115e+01 2.676805932553565914e-01 1.231791948199660247e+01
9.592669358778344989e-04 3.943550222337438918e-03 1.910710163640554127e+00 1.056607935351452809e+01 2.670245431929068047e-01 1.228174956262069273e+01
1.043048711617996496e-03 4.527979195135559305e-03 1.892572404633277694e+00 1.050057139913034909e+01 2.661397877296284298e-01 1.235011920027885601e+01
1.134147935383978453e-03 5.248838534322329899e-03 1.874731598314053782e+00 1.044365513265556622e+01 2.650677015197285269e-01 1.251271083724237698e+01
1.233203708521362230e-03 6.148111931137345554e-03 1.857763173300296167e+00 1.039635274057755865e+01 2.638636576020456648e-01 1.275704368710403003e+01
1.340910951088545872e-03 7.283375591949686235e-03 1.842236064147360519e+00 1.035882262370278539e+01 2.626062864633820215e-01 1.306653494153665918e+01
1.458025277028301937e-03 8.736616115943819649e-03 1.828666027847974940e+00 1.033153015689705079e+01 2.613605191731445121e-01 1.341992970175489575e+01
1.585368295133774818e-03 1.062351815839189875e-02 1.817468559785153870e+00 1.031459851505748837e+01 2.601865326872410122e-01 1.379150085771429701e+01
1.723833372997541193e-03 1.311603691469398827e-02 1.808902066374685536e+00 1.030631082780684871e+01 2.591684036569963379e-01 1.415222409869728537e+01
1.874391904380384374e-03 1.646688794814416684e-02 1.803017846360067677e+00 1.030536505970274952e+01 2.583490563091132008e-01 1.447341993876454147e+01
2.038100123968151003e-03 2.106804545748922411e-02 1.799628617939348363e+00 1.030966169015742651e+01 2.577559573082050526e-01 1.473163089740687326e+01
2.216106517325215457e-03 2.752979721141227826e-02 1.798312516151983953e+00 1.031686277391818152e+01 2.573876756702446200e-01 1.491358036173346413e+01
2.409659878028662123e-03 3.684660645508130300e-02 1.798474871387319318e+00 1.032475480481285146e+01 2.572141535176298288e-01 1.501906594313691024e+01
2.620118068507536289e-03 5.067791007751222543e-02 1.799447425532276545e+00 1.033140412161183264e+01 2.571876130237457647e-01 1.506085277546366896e+01
2.848957546048332904e-03 7.190475596250464618e-02 1.800629782623043518e+00 1.033627695600920582e+01 2.572352767489470837e-01 1.505993245913699852e+01
3.097783720795857683e-03 1.057533235597992727e-01 1.801598526614461626e+00 1.033884112065729077e+01 2.573098381087684516e-01 1.503913867951319006e+01
3.368342218415435775e-03 1.620690110626292479e-01 1.802174182187258555e+00 1.033966881757156209e+01 2.573714506127813273e-01 1.501665374000889486e+01
3.662531126428982854e-03 2.606389216804326781e-01 1.802392470301121818e+00 1.033944152770316727e+01 2.574082831265738225e-01 1.500176526267663668e+01
3.982414310138459278e-03 4.428917084958168826e-01 1.802402269639614030e+00 1.033907456922799462e+01 2.574188187019917362e-01 1.499588626133590630e+01
