9.999999999999999547e-07 1.347490744872641285e-04 9.818938149689866723e-02 9.761705628216417097e+01 1.485282459891528167e-03 3.694919735036312103e+10
1.087294729449687243e-06 1.390400472321305300e-04 1.003020377046412170e-01 7.385479302442649896e+01 2.005401362855926701e-03 6.762681191591668129e+09
1.182209828689068669e-06 1.437055992818360634e-04 1.030767466765988433e-01 5.882216345886999420e+01 2.587557111821473400e-03 1.817385929976770401e+09
1.285410515837242023e-06 1.487784294354540387e-04 1.063826738009740758e-01 4.873365646230024595e+01 3.223384692163924412e-03 6.670688767609682083e+08
1.397620079049037132e-06 1.539243870433684095e-04 1.101340908860525547e-01 4.154156330021400123e+01 3.914796309953141179e-03 3.145310468538119197e+08
1.519624945723073476e-06 1.589915348943168915e-04 1.143348991351226390e-01 3.620760562131594185e+01 4.662826347089417227e-03 1.773137993459875286e+08
1.652280194224961560e-06 1.641690357526331468e-04 1.189881707629596164e-01 3.209187394724469300e+01 5.474934721734044801e-03 1.125355634155166894e+08
1.796515546754906188e-06 1.694585560590297299e-04 1.241040866213980604e-01 2.885522195764318809e+01 6.350850629286152599e-03 7.710937158303670585e+07
1.953341885361032761e-06 1.748642045041047294e-04 1.296775726004877338e-01 2.631830857098428567e+01 7.275739361727518416e-03 5.531308830253115296e+07
2.123858336766366360e-06 1.803878037811605325e-04 1.357371941606191068e-01 2.418181584660359817e+01 8.288581136080001160e-03 4.074574205868664384e+07
2.309259975663849190e-06 1.860336448772114174e-04 1.423107097990394254e-01 2.243384514121214224e+01 9.367077256386534961e-03 3.052333858152048290e+07
2.510846200468416466e-06 1.918043258194319900e-04 1.493888235674563636e-01 2.099153300279534307e+01 1.050858366295060430e-02 2.310361150838756934e+07
2.730029840228082200e-06 1.977038999545727789e-04 1.570142522810799024e-01 1.975579834679515301e+01 1.173585475241330223e-02 1.759505450768614933e+07
2.968347056520365416e-06 2.037359571544916247e-04 1.652155274605437152e-01 1.871648351606676641e+01 1.303457394504707254e-02 1.345277211553809792e+07
3.227468109732086610e-06 2.099042991691664516e-04 1.740084146467947845e-01 1.782042431022977880e+01 1.441857845187503179e-02 1.031235921558225527e+07
3.509209065178642595e-06 2.162135969159341463e-04 1.834258399792085825e-01 1.706648709098203298e+01 1.587035403235482339e-02 7.916752058683397248e+06
3.815544521105794595e-06 2.226673894153997078e-04 1.935011602746657122e-01 1.639422745409884996e+01 1.742861403335061593e-02 6.083504907439026050e+06
4.148621447778961094e-06 2.292715262753828318e-04 2.042703149169347865e-01 1.581576885591742609e+01 1.907151457859803181e-02 4.677419303600849584e+06
4.510774234651995562e-06 2.360292759887737857e-04 2.157483244136417233e-01 1.531076943239830968e+01 2.080753578008398205e-02 3.597714239233839326e+06
4.904541051074561932e-06 2.429474269647378200e-04 2.279799222960096627e-01 1.486948139049558826e+01 2.263971808556481877e-02 2.767910322639778256e+06
5.332681635203000947e-06 2.500300154885111794e-04 2.410145355823387625e-01 1.447991671559514870e+01 2.457804905883096205e-02 2.129638692291571293e+06
5.798196635789363128e-06 2.572837875741739236e-04 2.548810874121785197e-01 1.414275300230206689e+01 2.661177786882298196e-02 1.638660313044818817e+06
6.304348642406682527e-06 2.647140696384256550e-04 2.695966832042255845e-01 1.384279152337133034e+01 2.875816039119082068e-02 1.260998755334516987e+06
6.854685051502077799e-06 2.723274915029833291e-04 2.852298672251412648e-01 1.357881925608942808e+01 3.101724548081652780e-02 9.704254728846392827e+05
7.453062928535767016e-06 2.801308306022955641e-04 3.018015346328315474e-01 1.334691707007078243e+01 3.338956159460567535e-02 7.468959683470873861e+05
8.103676040453791472e-06 2.881306177807979748e-04 3.193475395324770205e-01 1.314460872260870694e+01 3.587452393014110841e-02 5.749456972682246706e+05
8.811084247953117408e-06 2.963352303284606782e-04 3.379167350210228737e-01 1.296193754355692995e+01 3.849550408056901657e-02 4.426707902045974042e+05
9.580245463536586525e-06 3.047511258315328798e-04 3.575406748984364946e-01 1.280528023740338028e+01 4.122936095412001178e-02 3.409234072069586255e+05
1.041655039933760753e-05 3.133883104228579936e-04 3.782592402066589643e-01 1.266732032876847214e+01 4.409354617239211183e-02 2.626489190574574750e+05
1.132586034824679322e-05 3.222536196599250897e-04 4.000998941624742122e-01 1.254603705350467635e+01 4.709037031104740256e-02 2.024325169901734916e+05
1.231454826313193709e-05 3.313581261281357891e-04 4.231055566429047232e-01 1.243909451750169559e+01 5.022618548958159013e-02 1.560978406885556178e+05
1.338954342205715656e-05 3.407102388405221574e-04 4.472909537144326153e-01 1.234673214912216466e+01 5.349440030099604504e-02 1.204422172796267696e+05
1.455837999254047698e-05 3.503212630692713997e-04 4.726938356161661248e-01 1.226658909555687238e+01 5.690184603111411721e-02 9.299260638443419884e+04
1.582924983521503671e-05 3.602016994788574743e-04 4.993435236635954122e-01 1.219915953831272581e+01 6.044212791676901314e-02 7.185390994850377319e+04
1.721105991697164094e-05 3.703631688033334713e-04 5.272466322051284626e-01 1.213895799692762267e+01 6.413611373005349836e-02 5.556835687999188667e+04
1.871349473596603993e-05 3.808185128760918550e-04 5.564267335367780731e-01 1.208879710172771915e+01 6.796653568273607060e-02 4.301510038919575891e+04
2.034708419600030009e-05 3.915797720510836265e-04 5.868920109122172102e-01 1.204516431290451806e+01 7.194749935645984584e-02 3.333295560205987567e+04
2.212327740598015317e-05 4.026624151363695364e-04 6.186380654873691043e-01 1.201014214836101601e+01 7.606042128004303349e-02 2.585997220460079552e+04
2.405452292167557259e-05 4.140790322641242920e-04 6.516706200180772957e-01 1.198000291488631674e+01 8.032328340288477642e-02 2.008780389888732680e+04
2.615435599216454321e-05 4.258476558985717603e-04 6.859827856892155573e-01 1.195583466403922301e+01 8.472343433182386030e-02 1.562545503619484225e+04
2.843749342243135419e-05 4.379827628954794370e-04 7.215408175876678598e-01 1.193498723716685639e+01 8.927074934428400055e-02 1.217217361939800503e+04
3.091993671696975784e-05 4.505039363435188265e-04 7.583325866403707316e-01 1.191898474599497071e+01 9.394868155102314988e-02 9.497115117739449488e+03
3.361908422727908654e-05 4.634287809453413757e-04 7.963216027934660879e-01 1.190469999016406710e+01 9.877346229592344484e-02 7.422506762882307157e+03
3.655385308924566872e-05 4.767781653676298761e-04 8.354562018764577491e-01 1.189367106796943929e+01 1.037236996337529416e-01 5.811518072871405820e+03
3.974481180501497949e-05 4.905734460571241871e-04 8.756866132354914622e-01 1.188555476353360874e+01 1.087926331387880918e-01 4.558882756585380776e+03
4.321432439856250649e-05 5.048370661511544918e-04 9.169493857606736409e-01 1.187857416713655390e+01 1.139859400633942421e-01 3.583486382135862186e+03
4.698670715528603631e-05 5.195946653968581226e-04 9.591742802965776971e-01 1.187225501394449978e+01 1.192983791939389998e-01 2.822800207152606163e+03
5.108839904413842024e-05 5.348706143860953912e-04 1.002272153259610832e+00 1.186691014107587527e+01 1.247148720481476014e-01 2.228583472166907086e+03
5.554814701671414832e-05 5.506954033472559028e-04 1.046146669027560705e+00 1.186045059996802031e+01 1.302451687118242052e-01 1.763598485319679412e+03
6.039720748196965912e-05 5.670959200053169282e-04 1.090700576605087457e+00 1.185507032438715314e+01 1.358537538651700405e-01 1.399081980738634684e+03
6.566956536862470319e-05 5.841074004815763375e-04 1.135821800736054765e+00 1.184861535977897340e+01 1.415509648452207836e-01 1.112772486520350867e+03
7.140217231055734793e-05 6.017618414260790137e-04 1.181385774041288084e+00 1.184156678157434150e+01 1.473169786831509953e-01 8.874393784466609532e+02
7.763520562452739919e-05 6.200979949566641589e-04 1.227266096214700619e+00 1.183293766416091586e+01 1.531497863097533718e-01 7.097170613229544642e+02
8.441234989529136081e-05 6.391544796458962022e-04 1.273325930406094209e+00 1.182249760488764068e+01 1.590378820966485973e-01 5.692380902769225486e+02
9.178110314161316439e-05 6.589742895090246059e-04 1.319424091915160746e+00 1.181043462624869100e+01 1.649638427711130340e-01 4.579417917557038891e+02
9.979310970895413190e-05 6.796037303563727972e-04 1.365412505329316240e+00 1.179593979480193155e+01 1.709234159886988680e-01 3.695551917442779200e+02
1.085045222219402415e-04 7.010909200200399942e-04 1.411142214916412341e+00 1.177915779734591517e+01 1.768995708862264316e-01 2.991896328412481125e+02
1.179763951333719823e-04 7.234911096626413154e-04 1.456461398599061097e+00 1.176020135843401171e+01 1.828750492097203639e-01 2.430265296888274804e+02
1.282751126279890893e-04 7.468586127836321972e-04 1.501215493046006655e+00 1.173822602321093989e+01 1.888473109324481369e-01 1.980811234373752825e+02
1.394728538799775710e-04 7.712587057571170619e-04 1.545250919651750543e+00 1.171349879876131794e+01 1.947971544042544079e-01 1.620149331243337656e+02
1.516480989250059861e-04 7.967544269626743040e-04 1.588418247673158312e+00 1.168558850445322328e+01 2.007171647035838058e-01 1.329928245629757555e+02
1.648861786922237985e-04 8.234210790051145869e-04 1.630569571820751351e+00 1.165494534451550024e+01 2.065852582695625328e-01 1.095722567714629321e+02
1.792798730511540651e-04 8.513340303787680008e-04 1.671562997687100038e+00 1.162057086810539808e+01 2.124053837041723070e-01 9.061668472103039562e+01
1.949300610649288624e-04 8.805790069056883013e-04 1.711262706311685644e+00 1.158338000256738276e+01 2.181481914801128297e-01 7.522881767344932769e+01
2.119464280072028335e-04 9.112464307265009033e-04 1.749539907526364901e+00 1.154283020413133976e+01 2.238111821532610957e-01 6.269905587197177965e+01
2.304482340979192314e-04 9.434345935275424829e-04 1.786276052621743382e+00 1.149930681154251388e+01 2.293755640331872903e-01 5.246500855520400819e+01
2.505651503456553155e-04 9.772516741855467436e-04 1.821360987027224931e+00 1.145215747490985514e+01 2.348437213862428763e-01 4.407961762220055846e+01
2.724381673545992096e-04 1.012811133205580643e-03 1.854694635116946433e+00 1.140205347740010211e+01 2.401925745125439715e-01 3.718709323335794892e+01
2.962205834655875646e-04 1.050242132675076930e-03 1.886190467364188716e+00 1.134879282420112112e+01 2.454178305866261955e-01 3.150338016034056920e+01
3.220790791566445813e-04 1.089676465795631375e-03 1.915773221850384234e+00 1.129242810370954508e+01 2.505111146488437357e-01 2.680124724640718625e+01
3.501948852330282803e-04 1.131267179066235617e-03 1.943378462976492083e+00 1.123294293035627511e+01 2.554665647299001474e-01 2.289847788806307349e+01
3.807650529941097829e-04 1.175171110368669744e-03 1.968956695944370283e+00 1.117072924283987589e+01 2.602704567309712669e-01 1.964855971618770525e+01
4.140038352791260037e-04 1.221566681304564082e-03 1.992468278953965610e+00 1.110583361545512737e+01 2.649174025678616151e-01 1.693340544264183123e+01
4.501441880709502303e-04 1.270642186448943519e-03 2.013888158438426501e+00 1.103818336578847870e+01 2.694064437118378064e-01 1.465756690893299208e+01
4.894394031819530345e-04 1.322606083475199017e-03 2.033203463001017397e+00 1.096795280443459397e+01 2.737319572699231096e-01 1.274375013042180171e+01
5.321648834647380076e-04 1.377684348534878806e-03 2.050411777348109421e+00 1.089569928696520229e+01 2.778793115420842286e-01 1.112915800002503097e+01
5.786200729894166615e-04 1.436121750507375269e-03 2.065522133199331201e+00 1.082100434671732891e+01 2.818593957679516593e-01 9.762630188558436117e+00
6.291305557151860963e-04 1.498189223059308251e-03 2.078555305597991065e+00 1.074449055953191490e+01 2.856577367494383402e-01 8.602402554979651228e+00
6.840503373648739501e-04 1.564175479705174135e-03 2.089540912023230668e+00 1.066610418921845316e+01 2.892779240467849289e-01 7.614285140925745488e+00
7.437643264951080248e-04 1.634404852103787161e-03 2.098518170596831656e+00 1.058603938061675187e+01 2.927180233421524114e-01 6.770184319564693354e+00
8.086910321508273018e-04 1.709220203515127937e-03 2.105533673783521742e+00 1.050459872378532999e+01 2.959735894813688151e-01 6.046982043062893553e+00
8.792854970108221957e-04 1.789007811348712618e-03 2.110643483990305658e+00 1.042182012238197686e+01 2.990484414000979529e-01 5.425604266674611154e+00
9.560424865814157224e-04 1.874179474139370900e-03 2.113908732034411209e+00 1.033805101872198762e+01 3.019380157431277301e-01 4.890255386850100194e+00
1.039499956789945601e-03 1.965192862355292797e-03 2.115396986918699263e+00 1.025322481708240296e+01 3.046503184539438580e-01 4.427828704314562103e+00
1.130242824280885570e-03 2.062543675573602717e-03 2.115180920175219192e+00 1.016779602414026051e+01 3.071785811517367959e-01 4.027414572762313405e+00
1.228907065838935869e-03 2.166776084167194080e-03 2.113336980172679791e+00 1.008184627511109177e+01 3.095272694069929886e-01 3.679925361686839480e+00
1.336184175670154881e-03 2.278486542424903744e-03 2.109945043556247235e+00 9.995480959121506359e+00 3.117006317398363646e-01 3.377749575650603742e+00
1.452826011780234501e-03 2.398324112446816470e-03 2.105088670263405515e+00 9.909060021393145234e+00 3.136954141239433058e-01 3.114507732241080351e+00
1.579650065416058355e-03 2.527006334570795158e-03 2.098852372106747577e+00 9.822628652991030052e+00 3.155181899193242323e-01 2.884845544257938155e+00
1.717545190501732237e-03 2.665309559833541325e-03 2.091322318692811155e+00 9.736436996602563454e+00 3.171693041647831168e-01 2.684248856365137215e+00
1.867477833224192533e-03 2.814096122878139827e-03 2.082586076908080841e+00 9.650673466128765199e+00 3.186512116991599419e-01 2.508910732966836754e+00
2.030498805428786538e-03 2.974299429108393476e-03 2.072731176403269870e+00 9.565442941665121879e+00 3.199691660174203700e-01 2.355605531610420744e+00
2.207750649296605708e-03 3.146953331584585820e-03 2.061845065437232893e+00 9.480919876708250982e+00 3.211262341576917034e-01 2.221611705086084854e+00
2.400475644919324546e-03 3.333183590924340255e-03 2.050014920338035118e+00 9.397370569194746892e+00 3.221223836322535394e-01 2.104612443297107394e+00
2.610024516893118002e-03 3.534230340510962059e-03 2.037325999769127094e+00 9.314803000015878354e+00 3.229662108264928500e-01 2.002643239684273269e+00
2.837865900952353700e-03 3.751451911588853279e-03 2.023864670061962023e+00 9.233463282861652743e+00 3.236585451367871569e-01 1.914034801229967497e+00
3.085596636990482408e-03 3.986338993499221987e-03 2.009714046157516698e+00 9.153549672010560911e+00 3.242014555170161794e-01 1.837366692039383631e+00
3.354952960607431294e-03 4.240530450210090729e-03 1.994955469449464891e+00 9.075085129452460819e+00 3.246031525384809879e-01 1.771433182945800322e+00
3.647822671620084417e-03 4.515821450735402719e-03 1.979669647801631571e+00 8.998388607467335376e+00 3.248614771782756261e-01 1.715211080121105569e+00
3.966258364819591486e-03 4.814189364406580400e-03 1.963934758660763835e+00 8.923391711188555675e+00 3.249880065184215794e-01 1.667825752708176568e+00
