9.999999999999999547e-07 1.344826709165431106e-04 9.820047491416651619e-02 9.715431433767514591e+01 1.492525404441722922e-03 3.593147770243496704e+10
1.087487207149366675e-06 1.386541722651215376e-04 1.003606989186043991e-01 7.353919019648627398e+01 2.015185682727011710e-03 6.586775700031049728e+09
1.182628425713527214e-06 1.431906266163067919e-04 1.031879337422532822e-01 5.854043073787286744e+01 2.602814620217640436e-03 1.763185509129739046e+09
1.286093283774655830e-06 1.481239626890379477e-04 1.065687941412724465e-01 4.844831413503153072e+01 3.248041856608009474e-03 6.457831396065112352e+08
1.398609993305655627e-06 1.533711786156343468e-04 1.103948949769711363e-01 4.119339006339610876e+01 3.957233631979709121e-03 3.035399691523923874e+08
1.520970475511161801e-06 1.586496324092399304e-04 1.146815028372467210e-01 3.593271188071755518e+01 4.712741463298797222e-03 1.719906865501398742e+08
1.654035934570277506e-06 1.640425380240749303e-04 1.193678213228757112e-01 3.189531166858630229e+01 5.526251579608502940e-03 1.098735427310041487e+08
1.798742919010520122e-06 1.695461923266415572e-04 1.245068143934416477e-01 2.871175710743652587e+01 6.403296104834865776e-03 7.558687206015615165e+07
1.956109913374450038e-06 1.751597803351502645e-04 1.300863904541890437e-01 2.617678006329097329e+01 7.338137992063508384e-03 5.444278822718390077e+07
2.127244506572770054e-06 1.808797732896060418e-04 1.361151277456467412e-01 2.412651848389751663e+01 8.330709173794073261e-03 4.026072830570622534e+07
2.313351187376649522e-06 1.867052049745506609e-04 1.426216029941555496e-01 2.239690019019336020e+01 9.403025931735255541e-03 3.026409189668305963e+07
2.515739821915903753e-06 1.926330313376132467e-04 1.496444874744388143e-01 2.096876334967433664e+01 1.053799868027230704e-02 2.297308778280488774e+07
2.735834872849771404e-06 1.986622261443894320e-04 1.571696655569198575e-01 1.975250337289378066e+01 1.174943057457808818e-02 1.754524536689097434e+07
2.975185425097234593e-06 2.047904130395196290e-04 1.652629126098739132e-01 1.873242140829978197e+01 1.302721912781351458e-02 1.344805474306384288e+07
3.235476088690493061e-06 2.110166002207885041e-04 1.739502634401788594e-01 1.783704881357407501e+01 1.440032603589882880e-02 1.032884397080040537e+07
3.518538855488573562e-06 2.173392579425600121e-04 1.832743318360572082e-01 1.707601421777278006e+01 1.584839811269564067e-02 7.940713458398078568e+06
3.826365993201798083e-06 2.237575257849889446e-04 1.932592817787198158e-01 1.640312822990830099e+01 1.739738267138547442e-02 6.107491571932317689e+06
4.161124067478335615e-06 2.302708940071330286e-04 2.039488735590088142e-01 1.582966324610223197e+01 1.902478993143677174e-02 4.697165131998762488e+06
4.525169190744019064e-06 2.368787334583662444e-04 2.153931845327437533e-01 1.531261409568465304e+01 2.077078233339916050e-02 3.611081626051752362e+06
4.921063605120572806e-06 2.435817225590599321e-04 2.276355789640402971e-01 1.486617316582322523e+01 2.261055330220521770e-02 2.774589784421880729e+06
5.351593716136954434e-06 2.503795679956915057e-04 2.407387389953856149e-01 1.448089190452795982e+01 2.454827075536594391e-02 2.130304757036964875e+06
5.819789704159877132e-06 2.572743013703054915e-04 2.547492828467420867e-01 1.413611352603267335e+01 2.661050894459910873e-02 1.634328824043938890e+06
6.328946851573464489e-06 2.642660776210203769e-04 2.697000923182302223e-01 1.382934424479006807e+01 2.879716552939794172e-02 1.252847847794142785e+06
6.882648735814389399e-06 2.713584474058393999e-04 2.856732683079131196e-01 1.355933927209983558e+01 3.111009311676534578e-02 9.595627882353585446e+05
7.484792451500909596e-06 2.785521388971832503e-04 3.027185489776119121e-01 1.332849161955404504e+01 3.353731305323420092e-02 7.343614482949210797e+05
8.139616039175386869e-06 2.858523060312758010e-04 3.208883799510382495e-01 1.312164926327997527e+01 3.611069113661084101e-02 5.615959592509754002e+05
8.851728313711012156e-06 2.932606596213560655e-04 3.402611063756946219e-01 1.294247794498417825e+01 3.882085634848175121e-02 4.291611274466835894e+05
9.626141302322562159e-06 3.007837136509209611e-04 3.608782407027615879e-01 1.278539725181449249e+01 4.167894386400008283e-02 3.277614029355004895e+05
1.046830552048793070e-05 3.084249178508472605e-04 3.828106189841798956e-01 1.265103374093705213e+01 4.468154661027704672e-02 2.501912112675600802e+05
1.138414833406169299e-05 3.161918553435420971e-04 4.061169209957035675e-01 1.253326752324992199e+01 4.784725310381374858e-02 1.909017346981991432e+05
1.238011567758286568e-05 3.240901131621037878e-04 4.308561851274258503e-01 1.243332503297425440e+01 5.116998382436445392e-02 1.456179630410215759e+05
1.346321742240068047e-05 3.321285665620244570e-04 4.570801638763408170e-01 1.234822482414375244e+01 5.465854684886256587e-02 1.110583420813377015e+05
1.464107671393118145e-05 3.403152281621648310e-04 4.848522178856909393e-01 1.227735790162953577e+01 5.831425146550575644e-02 8.469898444633319741e+04
1.592198362529261471e-05 3.486605508999076003e-04 5.142120366744480364e-01 1.221881568039058763e+01 6.214173288889034141e-02 6.460435673570982181e+04
1.731495350494741326e-05 3.571753263370315025e-04 5.452090167668031118e-01 1.217136557025684951e+01 6.614453351306742723e-02 4.929093945847162831e+04
1.882979042901640070e-05 3.658719546408035627e-04 5.778762120992151363e-01 1.213522349875420936e+01 7.031650445192784427e-02 3.762447523547175660e+04
2.047715620485887972e-05 3.747644497152061876e-04 6.122477008065210224e-01 1.210883338239861295e+01 7.466122212173020856e-02 2.873702728569603642e+04
2.226864541158330606e-05 3.838676410238550120e-04 6.483428493483459620e-01 1.208774595839914667e+01 7.920081237851028799e-02 2.196653274334980233e+04
2.421686700564229134e-05 3.931993310767871886e-04 6.861669137874862878e-01 1.207601211130330832e+01 8.390280266917805874e-02 1.680769540894959209e+04
2.633553306587352780e-05 4.027774117278351985e-04 7.257217460492572103e-01 1.207105257891901928e+01 8.877592992131916327e-02 1.287557458430962470e+04
2.863955530259660093e-05 4.126242070757296632e-04 7.669946553561057812e-01 1.207085128127981832e+01 9.382631793489937255e-02 9.876913395804995162e+03
3.114515001002061436e-05 4.227615082527135838e-04 8.099498192517676776e-01 1.207536932441398569e+01 9.904394387087346596e-02 7.588584492846838657e+03
3.386995220064531497e-05 4.332171202199535222e-04 8.545418526466045384e-01 1.208396067255379336e+01 1.044225440507381003e-01 5.840814353895436398e+03
3.683313972496231781e-05 4.440178473922790688e-04 9.007086588064787680e-01 1.209662268216581538e+01 1.099487860011260087e-01 4.504559660256213647e+03
4.005556825004166180e-05 4.551981068107567195e-04 9.483713748623729956e-01 1.211025818176782387e+01 1.156365883056787308e-01 3.481704313638867916e+03
4.355991804701856720e-05 4.667916203219932996e-04 9.974271526543680988e-01 1.212783934593549695e+01 1.214417414779262600e-01 2.697656061179394783e+03
4.737085362060751724e-05 4.788405782880574306e-04 1.047750797735221173e+00 1.214492587658803480e+01 1.273894218675288847e-01 2.095721336485315987e+03
5.151519730415592748e-05 4.913881406653372802e-04 1.099205905808988248e+00 1.216337106018330338e+01 1.334428572581168870e-01 1.632792626089453506e+03
5.602211804204500391e-05 5.044862048153069206e-04 1.151634438871772526e+00 1.218225263377008005e+01 1.395909545744226654e-01 1.276084805109546096e+03
6.092333668813554141e-05 5.181902046945818926e-04 1.204851861010196812e+00 1.220006669211775829e+01 1.458282563649542507e-01 1.000643562412246069e+03
6.625334926520106110e-05 5.325649268126340366e-04 1.258662123003650324e+00 1.221672224577417332e+01 1.521334444114796070e-01 7.874684799744597967e+02
7.204966975670505311e-05 5.476817920006734350e-04 1.312843687151394656e+00 1.224080892764361650e+01 1.583700800832462119e-01 6.220738942127209157e+02
7.835309413975320323e-05 5.636228933436319847e-04 1.367166553050118027e+00 1.224438927802394517e+01 1.648748949015622356e-01 4.934132479109107976e+02
8.520798751755161756e-05 5.804807926379141518e-04 1.421381591648805287e+00 1.225440787595960934e+01 1.712728759555426916e-01 3.930457493768251425e+02
9.266259637228030973e-05 5.983610997596262859e-04 1.475226833617234057e+00 1.226128145519526136e+01 1.776614395270110502e-01 3.145169654266055659e+02
1.007693881361000529e-04 6.173847688696884129e-04 1.528432593810669760e+00 1.226502740436950845e+01 1.840127867863142752e-01 2.528826074333779275e+02
1.095854204702778601e-04 6.376897798875595744e-04 1.580718226908093493e+00 1.226432329267137078e+01 1.903185437280821013e-01 2.043494989225959557e+02
1.191727428515113865e-04 6.594358331297244880e-04 1.631803089264760809e+00 1.225971939904766472e+01 1.965429434765895711e-01 1.660028050455251503e+02
1.295988332919196259e-04 6.828060949889248150e-04 1.681402320089866009e+00 1.224980679128430872e+01 2.026808133753686403e-01 1.355972344349351033e+02
1.409370732664460473e-04 7.080140377185220732e-04 1.729234743827062326e+00 1.223599930347071307e+01 2.086818817538191873e-01 1.114012424489068707e+02
1.532672641903329216e-04 7.353068840906443583e-04 1.775022440994748374e+00 1.221623540193251323e+01 2.145540368773405093e-01 9.207501446864122840e+01
1.666761890817691099e-04 7.649740792399966965e-04 1.818497894651342595e+00 1.219138448439569622e+01 2.202571470689587141e-01 7.658056341432403258e+01
1.812582233628328462e-04 7.973552076057991139e-04 1.859404314389907720e+00 1.216098625897300245e+01 2.257746988149247069e-01 6.411110470772902659e+01
1.971159990977029925e-04 8.328493008722455014e-04 1.897501094930116539e+00 1.212493407101696974e+01 2.310856004993984969e-01 5.403832426777256615e+01
2.143611273432178828e-04 8.719311924119559944e-04 1.932562858642158377e+00 1.208360797618271398e+01 2.361604874500665696e-01 4.587162215770997165e+01
2.331149836958655184e-04 9.151620309570248843e-04 1.964387501077629716e+00 1.203639189620497874e+01 2.409911408181921455e-01 3.922675843590008071e+01
2.535095625640866926e-04 9.632181271658246972e-04 1.992794215543328917e+00 1.198358473477524200e+01 2.455533920792765390e-01 3.380210756160588659e+01
2.756884061784762772e-04 1.016906645972967538e-03 2.017628928531688182e+00 1.192528604403753256e+01 2.498289290070738189e-01 2.936026503894164463e+01
2.998076148784910300e-04 1.077211299976271698e-03 2.038766915178506611e+00 1.186160061220828332e+01 2.538016933580403145e-01 2.571391592086657596e+01
3.260369457863228283e-04 1.145322015480406720e-03 2.056114870531795980e+00 1.179305295398503617e+01 2.574490896293382680e-01 2.271493931717990833e+01
3.545610076006776648e-04 1.222704591023776816e-03 2.069612965793919290e+00 1.171990542716121197e+01 2.607565727976643988e-01 2.024593191043621232e+01
3.855805599197259319e-04 1.311161776790671423e-03 2.079241329534842642e+00 1.164222233108991134e+01 2.637176793729932855e-01 1.821379138826196709e+01
4.193139262381913855e-04 1.412939283588736253e-03 2.085020456050397097e+00 1.156096667177946458e+01 2.663093447419721538e-01 1.654458893474162551e+01
4.559985305636057927e-04 1.530853714473170285e-03 2.087018206848533008e+00 1.147666666188385243e+01 2.685225143007228810e-01 1.517970279230391206e+01
4.958925684668303050e-04 1.668458284976265292e-03 2.085354790888057863e+00 1.138989762691030627e+01 2.703524866518808856e-01 1.407262522454051279e+01
5.392768243281194276e-04 1.830311544996152638e-03 2.080208576792375030e+00 1.130205364134511470e+01 2.717814137957800247e-01 1.318673480472297399e+01
5.864566475689655294e-04 2.022251003136667225e-03 2.071822958955912508e+00 1.121348866752311046e+01 2.728237210287912107e-01 1.249324347519003631e+01
6.377641017789541624e-04 2.251962835306528087e-03 2.060516673981516167e+00 1.112611700168286077e+01 2.734656268474486840e-01 1.196953855610214035e+01
6.935603018637193171e-04 2.529472387587672084e-03 2.046688446215916279e+00 1.104091407821620940e+01 2.737265620545463740e-01 1.159803686509439480e+01
7.542379556634469734e-04 2.868379640856091612e-03 2.030828210671102418e+00 1.095970397040554190e+01 2.736179589687902092e-01 1.136458066187538662e+01
8.202241279304890503e-04 3.286836748308079141e-03 2.013516251394775747e+00 1.088388150467826954e+01 2.731753884932578424e-01 1.125731618591529681e+01
8.919832461196514073e-04 3.810333812956457310e-03 1.995425578255317856e+00 1.081516185521891238e+01 2.724411762361023115e-01 1.126503011522796527e+01
9.700203691466848313e-04 4.473950620028895389e-03 1.977310952292112844e+00 1.075545255999070093e+01 2.714666714449207041e-01 1.137530745639463525e+01
1.054884742121326054e-03 5.328753616843911328e-03 1.959976121262120730e+00 1.070610546090338211e+01 2.703270457197716747e-01 1.157277296735774641e+01
1.147173662073999604e-03 6.448183041230749410e-03 1.944232729830499551e+00 1.066787908899984139e+01 2.691165460462722203e-01 1.183676275341294648e+01
1.247536681884163761e-03 7.943577220509381864e-03 1.930814865553310167e+00 1.064127805803188487e+01 2.679273677334936821e-01 1.214057587349920908e+01
1.356680181998597265e-03 9.984118636904277741e-03 1.920285928507346362e+00 1.062598667876047109e+01 2.668497912541532013e-01 1.245224682200905519e+01
1.475372342116547516e-03 1.283982725600633056e-02 1.912928545627795351e+00 1.062005661447952676e+01 2.659758166730623596e-01 1.273740199133153794e+01
1.604448547833742635e-03 1.694966052820430849e-02 1.908650611040016543e+00 1.062159600355441391e+01 2.653425459586157276e-01 1.296637242265578571e+01
1.744817270298572006e-03 2.306246373491479054e-02 1.906965416799684565e+00 1.062708929871398666e+01 2.649712302708450706e-01 1.312150500821420351e+01
1.897466460262973781e-03 3.250236205576036153e-02 1.907060672799843593e+00 1.063369647349881220e+01 2.648198197205929860e-01 1.320239668396803800e+01
2.063470501530976012e-03 4.773398560875144470e-02 1.908015863075293916e+00 1.063924742579083471e+01 2.648142230572456679e-01 1.322534371450763580e+01
2.243997772745021796e-03 7.360686501554603023e-02 1.909039053845098532e+00 1.064264370340791821e+01 2.648716793182911422e-01 1.321594877279628300e+01
2.440318870731880609e-03 1.202520215322066405e-01 1.909700746748226541e+00 1.064382441425747849e+01 2.649340944270287546e-01 1.319817678226962165e+01
2.653815553286109109e-03 2.105774896063298818e-01 1.909942479531087978e+00 1.064374454797752456e+01 2.649696183898772595e-01 1.318621474086196699e+01
2.885990464332658864e-03 4.004761493512453141e-01 1.909948391694925585e+00 1.064367843994193841e+01 2.649720843296742290e-01 1.318220607205765837e+01
3.138477709916824305e-03 8.421184110065755846e-01 1.909904580314272016e+00 1.064321371662531845e+01 2.649775756901551760e-01 1.318233682325090150e+01
3.413054359457983779e-03 1.994824014981364746e+00 1.909887294148145287e+00 1.064330583711235079e+01 2.649728840041125077e-01 1.318301521185318137e+01
3.711652953215929546e-03 5.472546353127468954e+00 1.909889380845062989e+00 1.064328867759216202e+01 2.649736007070742083e-01 1.318309634355116522e+01
4.036375104000486207e-03 1.784210227277970517e+01 1.909892271131468089e+00 1.064346485289536481e+01 2.649696157326610901e-01 1.318295056916301000e+01
