9.999999999999999547e-07 1.393952211063487006e-04 9.788479651336337573e-02 1.015216131876430978e+02 1.423727806560501612e-03 4.724627499961363983e+10
1.085685644948002719e-06 1.458094133799237968e-04 9.948835413403614436e-02 7.926958699922951723e+01 1.853258009703602060e-03 1.038847511142720413e+10
1.178713319646160745e-06 1.521271859600276794e-04 1.015174984133441621e-01 6.475434539795811872e+01 2.314953249963323714e-03 3.141123405865967274e+09
1.279712130648845832e-06 1.572843426979194065e-04 1.039039007915269763e-01 5.426938358207322466e+01 2.827139240570858587e-03 1.181779361825454473e+09
1.389365089911274976e-06 1.625616557772799494e-04 1.066837641391898961e-01 4.657969366387044374e+01 3.381987028718913893e-03 5.402573449463019371e+08
1.508413733708562311e-06 1.679560771826592465e-04 1.098653773139438850e-01 4.051036727144943228e+01 4.004653140648825431e-03 2.861259515949960351e+08
1.637663137329805419e-06 1.734635841618355787e-04 1.134344601326172236e-01 3.583806644894324478e+01 4.673805906838152807e-03 1.726052254420063496e+08
1.777987359459479325e-06 1.790814929105914277e-04 1.173978767280076108e-01 3.214631160411335031e+01 5.392613904423423400e-03 1.140006928962725848e+08
1.930335353064161254e-06 1.848064081319989870e-04 1.217710837741211305e-01 2.905468025455247627e+01 6.188683973801380189e-03 7.971515077681727707e+07
2.095737382757398627e-06 1.906346333200212002e-04 1.265751562030482946e-01 2.653904714244708885e+01 7.042605817662955098e-03 5.796758214830424637e+07
2.275311992040605843e-06 1.965618962236727124e-04 1.318219713165809936e-01 2.445901638750908091e+01 7.958276956273456493e-03 4.319848764417969435e+07
2.470273567536529965e-06 2.025853952459240965e-04 1.375347721879541518e-01 2.268665659732647555e+01 8.951838740806137076e-03 3.265939807279920578e+07
2.681940551368901410e-06 2.087015678713519313e-04 1.437419485776781913e-01 2.120777368600048263e+01 1.000826238470513621e-02 2.492457264124594256e+07
2.911744357225147579e-06 2.149064734739675035e-04 1.504644569241037622e-01 1.993692021154085481e+01 1.114412785863280742e-02 1.912027811273754388e+07
3.161239050397692025e-06 2.211964608311230726e-04 1.577383211159917031e-01 1.884727215044079074e+01 1.235830608507025412e-02 1.471027950002121553e+07
3.432111857265836902e-06 2.275688785875399473e-04 1.655733813504534357e-01 1.789686947540787543e+01 1.366103746465507050e-02 1.133689013941767067e+07
3.726194575289348058e-06 2.340206077583253138e-04 1.740429332718223532e-01 1.708492685898347929e+01 1.504227434807062225e-02 8.740583635067317635e+06
4.045475960674764757e-06 2.405479570821397772e-04 1.831630862700679985e-01 1.636980387520357283e+01 1.652207965180895258e-02 6.738509079925606959e+06
4.392115177486823027e-06 2.471485347162694036e-04 1.929705575134222362e-01 1.575366319412782090e+01 1.808754940525578170e-02 5.192807016314601526e+06
4.768456399155693210e-06 2.538202975114883515e-04 2.035166196009760009e-01 1.520405717507649968e+01 1.976562817770683572e-02 3.998670403674631380e+06
5.177044661123790326e-06 2.605610770379542776e-04 2.148429298534641207e-01 1.471923612126437675e+01 2.155291564546049643e-02 3.076337835406425409e+06
5.620643071836795799e-06 2.673678937479447557e-04 2.270052856389886686e-01 1.429944996103662014e+01 2.344157955440347857e-02 2.364170978148916271e+06
6.102251498469655238e-06 2.742401746192991941e-04 2.400524705435888584e-01 1.393090968132209007e+01 2.544467677742668146e-02 1.814964219519742997e+06
6.625126853750944047e-06 2.811768951106396954e-04 2.540471152506683650e-01 1.360280112913502037e+01 2.757758005836157336e-02 1.391743939226476010e+06
7.192805121076926078e-06 2.881771080779158413e-04 2.690341845190284409e-01 1.331814634618925552e+01 2.982867201703558527e-02 1.066054769685057923e+06
7.809125266861715708e-06 2.952394873206350546e-04 2.850905788530421758e-01 1.306444336182673638e+01 3.222271947190699648e-02 8.156681820505610667e+05
8.478255201832504863e-06 3.023652254095832203e-04 3.022679874803114730e-01 1.284453994330661963e+01 3.474912200388802913e-02 6.234497492365809157e+05
9.204719966835282001e-06 3.095548630733389503e-04 3.206363021634252575e-01 1.264994003659534094e+01 3.742781372883539209e-02 4.760483288065813831e+05
9.993432333759322029e-06 3.168089178777468108e-04 3.402579087640490996e-01 1.248314777043608892e+01 4.024893117199553061e-02 3.631733667186719249e+05
1.084972602852171347e-05 3.241285857977415025e-04 3.612084758679388052e-01 1.233836003234341305e+01 4.322855602042864620e-02 2.768289153275339631e+05
1.177939180078475330e-05 3.315167765830648512e-04 3.835554728514481981e-01 1.221319739299639373e+01 4.637341110822790907e-02 2.108570358919124992e+05
1.278871658433018368e-05 3.389761353321250653e-04 4.073676992216683224e-01 1.210893991348840615e+01 4.967646698844466191e-02 1.605068886666313047e+05
1.388452601291576345e-05 3.465090483098698295e-04 4.327106463550717264e-01 1.201882940637257136e+01 5.316253048784611718e-02 1.221183423510402790e+05
1.507423057912977105e-05 3.541197089942090610e-04 4.596203277571195844e-01 1.194457943748604656e+01 5.681965599954381940e-02 9.287721616477280622e+04
1.636587574839741091e-05 3.618131727593874706e-04 4.882750750778654947e-01 1.188682757903084486e+01 6.065531008383629602e-02 7.061609904999070568e+04
1.776819636703771884e-05 3.695946804048353914e-04 5.186254109055755679e-01 1.184026377304054023e+01 6.467890360417183349e-02 5.368600507468679280e+04
1.929067573231010667e-05 3.774690161682110441e-04 5.507657913900966262e-01 1.180356307152539941e+01 6.890076882741480446e-02 4.081627616267720441e+04
2.094360972391592755e-05 3.854439740947041655e-04 5.847514781171337939e-01 1.177861483429228073e+01 7.330732003964481047e-02 3.103761771489651073e+04
2.273817643064892432e-05 3.935273817384213248e-04 6.206317473213338598e-01 1.176254104506270082e+01 7.791176995575400943e-02 2.360991221491559554e+04
2.468651174305055073e-05 4.017276426001451851e-04 6.584406456396777463e-01 1.175746541564919134e+01 8.269383956723481977e-02 1.796910218088149122e+04
2.680179142327028196e-05 4.100531983013653583e-04 6.982095667131381633e-01 1.175798942212882103e+01 8.768452728667590346e-02 1.368540670719230184e+04
2.909832020713504317e-05 4.185159002421814738e-04 7.399591750182133998e-01 1.176616538243851906e+01 9.286307192987582060e-02 1.043196944060475471e+04
3.159162854098697447e-05 4.271275131667500520e-04 7.836958701179503883e-01 1.177954736753082798e+01 9.824018922197862158e-02 7.960372251872312518e+03
3.429857760747917619e-05 4.359005736994677306e-04 8.294105948254956173e-01 1.179872278188533308e+01 1.038017837315577119e-01 6.081893313129359740e+03
3.723747335057515630e-05 4.448490745315436794e-04 8.770785602926779445e-01 1.182250556394997432e+01 1.095466756977503675e-01 4.653364451893236037e+03
4.042819027085325180e-05 4.539898483479629706e-04 9.266688992293112825e-01 1.185071968868435199e+01 1.154649300778602672e-01 3.566193849281355142e+03
4.389230582829188273e-05 4.633404956523013937e-04 9.780999939969104995e-01 1.188084088444280795e+01 1.215643722311587904e-01 2.738018728529431883e+03
4.765324636144414985e-05 4.729196470840422496e-04 1.031317482630432325e+00 1.191451461235701892e+01 1.278163056292215272e-01 2.106449382632675224e+03
5.173644550979044997e-05 4.827490799025211591e-04 1.086216257126592089e+00 1.195023251470942860e+01 1.342178192268656811e-01 1.624196600567598352e+03
5.616951621061416154e-05 4.928531626159655260e-04 1.142678483556699653e+00 1.198662192594763454e+01 1.407659052209815076e-01 1.255418343859732659e+03
6.098243743353793251e-05 5.032582662579953865e-04 1.200563585322030891e+00 1.202460534638351675e+01 1.474295602083528223e-01 9.729521926177928890e+02
6.620775691553185073e-05 5.139925067614982239e-04 1.259715986672919508e+00 1.206248656347719361e+01 1.542076906270234415e-01 7.562047528132698062e+02
7.188081126739978512e-05 5.250893037565041756e-04 1.319952075671186442e+00 1.209967809633008606e+01 1.610848073206449516e-01 5.895529124104817811e+02
7.803996494023260561e-05 5.365850290655669154e-04 1.381072556317648692e+00 1.213625094318643960e+01 1.680359410680896670e-01 4.611396470971230315e+02
8.472686966785612285e-05 5.485198705107626740e-04 1.442863183358838564e+00 1.217137428396997656e+01 1.750474422211933390e-01 3.619597106451209356e+02
9.198674613977174982e-05 5.609377537110585852e-04 1.505085546621630410e+00 1.220455226671331594e+01 1.820998418566255328e-01 2.851644500232214341e+02
9.986868980942629516e-05 5.738902657674573807e-04 1.567493497065420405e+00 1.223567128350462596e+01 1.891682219737314818e-01 2.255421675903777725e+02
1.084260029058590200e-04 5.874339083548216428e-04 1.629825274800531298e+00 1.226419996938298240e+01 1.962330076555546809e-01 1.791205520613541182e+02
1.177165548939816843e-04 6.016318231616339489e-04 1.691809415115675730e+00 1.228926662146947990e+01 2.032804933303198336e-01 1.428681247210932383e+02
1.278031738211294829e-04 6.165552528595042445e-04 1.753170592146956253e+00 1.231106785288380578e+01 2.102803480752010457e-01 1.144677873673999642e+02
1.387540711963948016e-04 6.322859700162553704e-04 1.813628152574959351e+00 1.232882188300354542e+01 2.172185475283040235e-01 9.214526608862004764e+01
1.506433032760189636e-04 6.489157003800620147e-04 1.872901210035550212e+00 1.234247821509778120e+01 2.240694952890931180e-01 7.453948410989856654e+01
1.635512718743222427e-04 6.665481448226779270e-04 1.930712035099068746e+00 1.235189346038263380e+01 2.308097771833066414e-01 6.060439579201265303e+01
1.775652680869398527e-04 6.853023787666925361e-04 1.986789619179234911e+00 1.235644169793869018e+01 2.374262279656178531e-01 4.953412365914323345e+01
1.927800626033343079e-04 7.053147181079679091e-04 2.040871396885848732e+00 1.235653483659262442e+01 2.438872945852977037e-01 4.070656198911786561e+01
2.092985466006173488e-04 7.267409953518758157e-04 2.092707623630294833e+00 1.235137921565402230e+01 2.501861912982675240e-01 3.364021761559894941e+01
2.272324275527710827e-04 7.497601779050098742e-04 2.142062734637531385e+00 1.234105020483883486e+01 2.563010006900837134e-01 2.796154040048801903e+01
2.467029846607305668e-04 7.745799205639098892e-04 2.188717556739932846e+00 1.232572872865716995e+01 2.622088533479058348e-01 2.337998692508102749e+01
2.678418890119825188e-04 8.014403393558560762e-04 2.232473184976853542e+00 1.230513744598223447e+01 2.678983366355678353e-01 1.966885555841301425e+01
2.907920940160659321e-04 8.306205794973213442e-04 2.273149429185392645e+00 1.227923343239923426e+01 2.733549642110665312e-01 1.665085405339389979e+01
3.157088021376127816e-04 8.624472079971296293e-04 2.310588336098613471e+00 1.224786051477335924e+01 2.785688683796719856e-01 1.418690371122157501e+01
3.427605144645358643e-04 8.973023646998915925e-04 2.344654149330336779e+00 1.221117636543431217e+01 2.835251063139023198e-01 1.216756281262282613e+01
3.721301702091388600e-04 9.356359159981582742e-04 2.375235082355973582e+00 1.216935657045705810e+01 2.882101143990588032e-01 1.050646108405594070e+01
4.040163838481189147e-04 9.779804296559911625e-04 2.402241487313764523e+00 1.212252778645618712e+01 2.926130627373426107e-01 9.135249323670977972e+00
4.386347882677053161e-04 1.024969611076199331e-03 2.425607624915659954e+00 1.207068431212026560e+01 2.967282479990174804e-01 7.999657396396465003e+00
4.762194929970542607e-04 1.077356506130762752e-03 2.445291641201705168e+00 1.201401198482905563e+01 3.005473046307370333e-01 7.056483539807480554e+00
5.170246673913177085e-04 1.136045829989605280e-03 2.461276077203975010e+00 1.195268153978530457e+01 3.040641488303548745e-01 6.271238981389500644e+00
5.613262594707699692e-04 1.202132485081091251e-03 2.473567240942723178e+00 1.188715546579886961e+01 3.072670656621308005e-01 5.616328411968281031e+00
6.094238620397727851e-04 1.276941877945385198e-03 2.482196529477528557e+00 1.181754507933662701e+01 3.101552461320428722e-01 5.069614741585689366e+00
6.616427387053533350e-04 1.362086565500200902e-03 2.487220459656935834e+00 1.174438252450706699e+01 3.127190430236750918e-01 4.613327063485877844e+00
7.183360234964852225e-04 1.459549554314029879e-03 2.488722736748282038e+00 1.166782300973774333e+01 3.149610995044292983e-01 4.233179822972499728e+00
7.798871089591651994e-04 1.571797396381119111e-03 2.486816448252533895e+00 1.158845158941335640e+01 3.168754222486149241e-01 3.917692513739009730e+00
8.467122388769645486e-04 1.701880078349612187e-03 2.481646426749124057e+00 1.150689329514857917e+01 3.184579202475117388e-01 3.657650358833657300e+00
9.192633231505055111e-04 1.853627516477196133e-03 2.473393153088665475e+00 1.142372985137640740e+01 3.197094437695705560e-01 3.445680635258049573e+00
9.980309938717008781e-04 2.031891325045949437e-03 2.462274543626961520e+00 1.133971871408110133e+01 3.206302017583064767e-01 3.275922821403567831e+00
1.083547923259694850e-03 2.242916988000554380e-03 2.448557751067661492e+00 1.125577502207957714e+01 3.212219267381118959e-01 3.143718361080831247e+00
1.176392425896270787e-03 2.494668256121685725e-03 2.432555916431037968e+00 1.117267297177004615e+01 3.214963007103179837e-01 3.045416372793845028e+00
1.277192369621138295e-03 2.797565976947869511e-03 2.414643396049556134e+00 1.109172286407099861e+01 3.214579913920921905e-01 2.978106716932012343e+00
1.386629421534794817e-03 3.165383285962509227e-03 2.395253007521873645e+00 1.101395000648233236e+01 3.211282616345632612e-01 2.939472948727392065e+00
1.505443657822879691e-03 3.616575372356127180e-03 2.374889542806602805e+00 1.094072827211347665e+01 3.205290662335980589e-01 2.927475964298671851e+00
1.634438568576313412e-03 4.175955156647680362e-03 2.354120522700662299e+00 1.087336962088210690e+01 3.196942146352609870e-01 2.940182158309902150e+00
1.774486491452667005e-03 4.877737058570984045e-03 2.333578097858649336e+00 1.081337657257261142e+01 3.186627117734120995e-01 2.975366507011060868e+00
1.926534510924307348e-03 5.769991924596875113e-03 2.313938941496588075e+00 1.076169205566909248e+01 3.174984206850707258e-01 3.030185936479699471e+00
2.091610863007441808e-03 6.921148827176367563e-03 2.295896543904008880e+00 1.071967807687262209e+01 3.162574800110076190e-01 3.100824713643653308e+00
2.270831888784485310e-03 8.430462363436464629e-03 2.280106216637105554e+00 1.068759771861880559e+01 3.150251413641343423e-01 3.182128573585691900e+00
2.465409583743475002e-03 1.044597051782884638e-02 2.267126382771914361e+00 1.066598058448115260e+01 3.138666536711615107e-01 3.267676579909097434e+00
2.676659793987522067e-03 1.319542186066412215e-02 2.257323004044637926e+00 1.065377919641935200e+01 3.128673551426529587e-01 3.350026873650082226e+00
2.906011114741733920e-03 1.703553072444790456e-02 2.250784917350739711e+00 1.064981729741810490e+01 3.120772238597412929e-01 3.421809249515472384e+00
3.155014551334443633e-03 2.254623401284843592e-02 2.247262097236194300e+00 1.065179752433322236e+01 3.115308495813206013e-01 3.477126117347709933e+00
3.425354007985872626e-03 3.070630746737581379e-02 2.246164557220778679e+00 1.065721784685417184e+01 3.112203320691361297e-01 3.513124421482482607e+00
