9.999999999999999547e-07 1.342433853766371050e-04 9.821212867387608958e-02 9.684134149399683622e+01 1.497526658516327080e-03 3.537195541559856415e+10
1.087414153861131544e-06 1.382956919608817445e-04 1.003993159280010122e-01 7.319920862109465531e+01 2.025324437789697510e-03 6.441346799029356956e+09
1.182469542017518077e-06 1.427022274963738748e-04 1.032639600567692439e-01 5.827152480686247316e+01 2.616752382318932556e-03 1.717126690974648237e+09
1.285834116499539079e-06 1.474939566071601900e-04 1.067061764959398446e-01 4.806586276632575760e+01 3.278106442956856340e-03 6.265817194631545544e+08
1.398234217799121738e-06 1.527071496510879899e-04 1.106061436555986072e-01 4.094482782995197567e+01 3.988875086872512889e-03 2.950832254699489474e+08
1.520459678847713056e-06 1.581306852660016365e-04 1.149426304638678925e-01 3.570781454278834133e+01 4.753221975076026180e-03 1.678655411027337313e+08
1.653369375154150147e-06 1.636769392238545567e-04 1.196891837805536818e-01 3.176118006874380839e+01 5.564530284041885322e-03 1.078168510713569373e+08
1.797897260103157799e-06 1.693458123830100912e-04 1.248364574614251182e-01 2.858791705211775991e+01 6.448061302558603762e-03 7.454005995008164644e+07
1.955058927824321781e-06 1.751374904121584335e-04 1.303998571418216457e-01 2.609854565376780400e+01 7.377870767729983667e-03 5.383529469676543772e+07
2.125958749748731625e-06 1.810524412167637139e-04 1.363939692205705934e-01 2.406753955397108413e+01 8.368231938454130658e-03 3.997350843714821339e+07
2.311797635001685634e-06 1.870905217913478133e-04 1.428426315118208889e-01 2.240304429056791946e+01 9.415015512697414574e-03 3.015817256292231008e+07
2.513881469163522877e-06 1.932528863614331016e-04 1.497420634102634429e-01 2.096018741523009510e+01 1.054918447042959423e-02 2.298241270175042748e+07
2.733630290697630253e-06 1.995390823970711420e-04 1.571466974387840110e-01 1.977997585467342034e+01 1.173139711898367119e-02 1.762335701733932272e+07
2.972588269528116399e-06 2.059510728613858231e-04 1.650527788124664663e-01 1.875838431905772197e+01 1.299264720796641792e-02 1.356805040158882737e+07
3.232434557886441639e-06 2.124881204701575474e-04 1.735085626866158248e-01 1.787969731688080088e+01 1.432949828459697400e-02 1.047005784448101930e+07
3.514995089675565621e-06 2.191529363081357517e-04 1.825528156056930029e-01 1.712853180466741776e+01 1.573760469533612427e-02 8.089642232031892985e+06
3.822255411265587133e-06 2.259450875204181784e-04 1.921886565998282281e-01 1.647034363780496946e+01 1.723039865431852738e-02 6.255591921852031723e+06
4.156374633882490930e-06 2.328674904389047028e-04 2.024816438359191562e-01 1.588054906219857720e+01 1.882740128137200611e-02 4.838227693989493884e+06
4.519700605633198292e-06 2.399205816202655333e-04 2.134524203393629582e-01 1.537829208821055360e+01 2.049572159786300710e-02 3.741800361626685131e+06
4.914786409780268198e-06 2.471072520503650536e-04 2.251418960251055090e-01 1.492701708756701784e+01 2.227170801055318450e-02 2.893047239297880791e+06
5.344408305199387297e-06 2.544290373214878323e-04 2.375976335467773759e-01 1.452982637463359339e+01 2.414637389185298605e-02 2.235885444227493368e+06
5.811585235086795772e-06 2.618888506677123748e-04 2.508569006865682960e-01 1.418116209703936548e+01 2.612067923949742618e-02 1.727128910306697944e+06
6.319600041003752422e-06 2.694894736255731491e-04 2.649688277470955144e-01 1.387175388595030867e+01 2.820548971378819894e-02 1.333438671087673632e+06
6.872022531328853036e-06 2.772339008517129893e-04 2.799686469297926750e-01 1.359840349994146891e+01 3.040126883026093157e-02 1.028909905522929388e+06
7.472734566219595693e-06 2.851263161194567499e-04 2.959190899589009272e-01 1.335323001111010832e+01 3.272328448007042617e-02 7.934826010130180512e+05
8.125957335354510103e-06 2.931698691142030485e-04 3.128562949936329329e-01 1.313961660039897161e+01 3.515867013895801474e-02 6.116039779714735923e+05
8.836281020136178940e-06 3.013703148686959184e-04 3.308197931968683836e-01 1.294938377254162809e+01 3.772355550068928060e-02 4.712044196386390249e+05
9.608697048790539548e-06 3.097310497583225094e-04 3.498947779535014901e-01 1.278278346629955387e+01 4.041869279432631218e-02 3.628680084079176304e+05
1.044863317101851566e-05 3.182595670650747912e-04 3.700847666456278939e-01 1.263293083846937037e+01 4.325808858296874282e-02 2.793523200671342202e+05
1.136199159866844964e-05 3.269596814978421927e-04 3.914675256522727742e-01 1.250350728783530485e+01 4.623108906943258767e-02 2.150010853614897060e+05
1.235519048044333628e-05 3.358404318206014761e-04 4.140776577939250802e-01 1.241325273486919123e+01 4.925682735426004100e-02 1.654467077251954761e+05
1.343520900208436953e-05 3.449072454520327592e-04 4.379654489346356816e-01 1.229183769324673925e+01 5.261302451801253000e-02 1.273051190544411802e+05
1.460963642894903124e-05 3.541698925228377987e-04 4.631645635780151093e-01 1.220515563779372847e+01 5.603536918579380549e-02 9.796113070028663788e+04
1.588672543560437232e-05 3.636359959977111833e-04 4.897263759632042301e-01 1.213129633472677860e+01 5.960964269812550620e-02 7.539235630171399680e+04
1.727545009718180858e-05 3.733162547117705571e-04 5.176764836667191449e-01 1.206913575127459382e+01 6.333627239227830608e-02 5.803986693271955301e+04
1.878556894999715862e-05 3.832207897408972238e-04 5.470540916508139784e-01 1.201437287228903372e+01 6.723561772738982645e-02 4.469859118009215308e+04
2.042769356456110178e-05 3.933614775038890262e-04 5.778751283236691627e-01 1.197265800307530448e+01 7.127113266126679225e-02 3.444270628744649002e+04
2.221336311284164648e-05 4.037512955687225366e-04 6.101674741952970438e-01 1.193543578659488169e+01 7.548853683773180945e-02 2.655786300396345541e+04
2.415512545376076781e-05 4.144036122572197322e-04 6.439405176622993165e-01 1.190515944947986604e+01 7.986946419903492855e-02 2.049473556358360656e+04
2.626662530671074398e-05 4.253346917476280142e-04 6.791955855202255199e-01 1.188185665815104031e+01 8.440745011736539016e-02 1.583103062894851610e+04
2.856270013268424527e-05 4.365597920737926147e-04 7.159299765235708213e-01 1.186439264474740085e+01 8.910360413717195727e-02 1.224216664969996782e+04
3.105948439677206485e-05 4.480989862463632956e-04 7.541228731935841756e-01 1.185158232239059828e+01 9.395848618731190982e-02 9.478871039802186715e+03
3.377452294467884455e-05 4.599699269167544110e-04 7.937486081212147271e-01 1.184305305988243262e+01 9.896680199611290751e-02 7.349751439283762920e+03
3.672689428995131686e-05 4.721969481581914769e-04 8.347713031178861653e-01 1.183759355398660595e+01 1.041296291432614873e-01 5.707894496953873386e+03
3.993734467825462754e-05 4.848013053497528431e-04 8.771335165965966629e-01 1.183456147589953922e+01 1.094419371129320417e-01 4.440549475957459435e+03
4.342843387076452961e-05 4.978115731168476213e-04 9.207713299681657970e-01 1.183493021310077253e+01 1.148831465139376617e-01 3.461214188908689266e+03
4.722469367109151508e-05 5.112543659073891808e-04 9.656063178225504640e-01 1.183655791390527767e+01 1.204605679048301181e-01 2.703471410857934643e+03
5.135280030970110443e-05 5.251627285042470778e-04 1.011545233398730925e+00 1.183953401745044509e+01 1.261597829931006831e-01 2.116376040665506935e+03
5.584176189717316206e-05 5.395699848959391613e-04 1.058478006021728479e+00 1.184289129566375998e+01 1.319758082394613119e-01 1.660791398432265169e+03
6.072312226352932584e-05 5.545148394522040215e-04 1.106284305567368342e+00 1.184661251478524413e+01 1.378931849590447067e-01 1.306660572043052980e+03
6.603118261600177986e-05 5.700387415326673346e-04 1.154826082910363816e+00 1.184947390498893327e+01 1.439089320979266839e-01 1.030890528369385720e+03
7.180324257282942103e-05 5.861875941927622170e-04 1.203955856874131758e+00 1.185241124404216073e+01 1.499940690953406597e-01 8.157148206017332086e+02
7.807986226681888208e-05 6.030127779610799888e-04 1.253510147159834442e+00 1.185350531611589098e+01 1.561533444039284735e-01 6.474653618214072139e+02
8.490514736046635971e-05 6.205693983030368885e-04 1.303317089302328480e+00 1.185375687903483666e+01 1.623544920534491787e-01 5.156109288169120646e+02
9.232705897543621416e-05 6.389210884501200349e-04 1.353191472104274373e+00 1.185190219548216817e+01 1.685937335316435859e-01 4.120295847398949718e+02
1.003977507142606474e-04 6.581347823339321178e-04 1.402938768209957443e+00 1.184744477322850997e+01 1.748574974948342853e-01 3.304536794177598722e+02
1.091739351425084390e-04 6.782893747064820938e-04 1.452366741114073712e+00 1.184067359576800449e+01 1.811215477678689845e-01 2.660375011955242144e+02
1.187172823066808485e-04 6.994670945900433208e-04 1.501265122607453595e+00 1.183105764241863156e+01 1.873717270979086136e-01 2.150282889455737632e+02
1.290948530882123026e-04 7.217656596716147226e-04 1.549428755895828846e+00 1.181839222130971123e+01 1.935902353698716882e-01 1.745185434723121318e+02
1.403795704387454397e-04 7.452883188459538547e-04 1.596649048750436117e+00 1.180461013037785456e+01 1.997229873425156177e-01 1.422495381426241181e+02
1.526507318080373428e-04 7.701556400462666527e-04 1.642722646644449780e+00 1.178281403425544482e+01 2.058663933692006232e-01 1.164638569377328849e+02
1.659945663653194267e-04 7.964985833433372610e-04 1.687444417089993820e+00 1.175948681156138065e+01 2.118904299082761955e-01 9.579239332779545180e+01
1.805048409296890611e-04 8.244673988907327876e-04 1.730618948602840268e+00 1.173249715835004281e+01 2.178117136325050385e-01 7.916546502486109205e+01
1.962835188673959662e-04 8.542289778281253899e-04 1.772058382693548095e+00 1.170130061330496396e+01 2.236217925366522363e-01 6.574612438333311104e+01
2.134414765860745921e-04 8.859728435717334699e-04 1.811584173603489889e+00 1.166619148907609826e+01 2.292976756031966101e-01 5.487789022964688002e+01
2.320992826607165712e-04 9.199128317130418056e-04 1.849029933669715575e+00 1.162702490217205842e+01 2.348256722864697499e-01 4.604458888492403901e+01
2.523880450662787083e-04 9.562908998225717536e-04 1.884244636924058636e+00 1.158377139908130538e+01 2.401914503354263541e-01 3.883955252823674442e+01
2.744503324704122881e-04 9.953828816026701574e-04 1.917088993090783511e+00 1.153626437014326100e+01 2.453846029627441416e-01 3.294149449274288344e+01
2.984411760602195558e-04 1.037501423785725614e-03 1.947442525608719999e+00 1.148474442897130388e+01 2.503880218444333727e-01 2.809596369416528816e+01
3.245291589428442878e-04 1.083005171141666325e-03 1.975199942747841719e+00 1.142921930951711751e+01 2.551906353146808915e-01 2.410087032303594867e+01
3.528976007750976585e-04 1.132303075630284239e-03 2.000274862542561927e+00 1.136988491423992365e+01 2.597788820209477878e-01 2.079537975179320952e+01
3.837458459464757987e-04 1.185865742586854994e-03 2.022598540109380671e+00 1.130665878973409200e+01 2.641469729499290597e-01 1.805101138872412392e+01
4.172906643676110665e-04 1.244234777173992357e-03 2.042122340490112542e+00 1.123979212503039271e+01 2.682833448233247209e-01 1.576494928910655169e+01
4.537677747074547567e-04 1.308034522944870369e-03 2.058813166216986623e+00 1.116973084564566321e+01 2.721726387141181758e-01 1.385468149681636518e+01
4.934335007829549705e-04 1.377990443541454160e-03 2.072658741415280392e+00 1.109619524679294322e+01 2.758188526105638805e-01 1.225375215513672345e+01
5.365665727406328462e-04 1.454942165319137153e-03 2.083664940025300893e+00 1.101949073149150493e+01 2.792136174876683197e-01 1.090855707810328390e+01
5.834700856869219632e-04 1.539872661761254591e-03 2.091854683934348813e+00 1.094029250050274804e+01 2.823402620151349018e-01 9.775711775929977421e+00
6.344736295305261056e-04 1.633927885933281676e-03 2.097270154827078237e+00 1.085846526941758405e+01 2.852043630766045168e-01 8.820039964175490965e+00
6.899356050031373510e-04 1.738456856890961818e-03 2.099969099957780916e+00 1.077450002413121943e+01 2.877968345842624731e-01 8.012964970948962318e+00
7.502457421331543792e-04 1.855048265709036788e-03 2.100028856139091182e+00 1.068877052144950390e+01 2.901133701416017119e-01 7.331207827276875477e+00
8.158278388696398563e-04 1.985580243000729158e-03 2.097542254614519486e+00 1.060146688582256402e+01 2.921561227211902367e-01 6.755806456261830739e+00
8.871427391007839910e-04 2.132292481188677920e-03 2.092620431906429879e+00 1.051329003072643786e+01 2.939152030172751395e-01 6.271292569237411740e+00
9.646915709933254809e-04 2.297842177023064637e-03 2.085391229394055301e+00 1.042430524930125912e+01 2.954001133421454983e-01 5.865063804593061647e+00
1.049019268408671584e-03 2.485444671008382386e-03 2.076000944178713059e+00 1.033555360472465523e+01 2.965951451572649833e-01 5.526850087827725133e+00
1.140718400140638706e-03 2.698927994403653007e-03 2.064613259485510444e+00 1.024711404987047736e+01 2.975139796656386393e-01 5.248317276018335420e+00
1.240433333882754981e-03 2.943001052927837237e-03 2.051411663738318847e+00 1.015966162561555741e+01 2.981561773963389284e-01 5.022739647620046988e+00
1.348864764185258441e-03 3.223299221908845248e-03 2.036598775847624498e+00 1.007388089682070920e+01 2.985237589409783787e-01 4.844699607668384367e+00
1.466774636219605977e-03 3.546851802624416752e-03 2.020397204106089806e+00 9.990148255781718944e+00 2.986311182968016675e-01 4.709872114449048297e+00
1.594991499949710134e-03 3.922177908172149244e-03 2.003051562797063312e+00 9.909477948538615522e+00 2.984774931910598728e-01 4.614842104103574094e+00
1.734416332333510880e-03 4.360003275714628528e-03 1.984829353790783291e+00 9.832528955554760586e+00 2.980767999430422033e-01 4.556854447980623668e+00
1.886028868467369730e-03 4.873574485082399037e-03 1.966018263915706443e+00 9.759931565899924166e+00 2.974479708259626376e-01 4.533733626077372847e+00
2.050894486162112024e-03 5.479712565437155729e-03 1.946928620297883050e+00 9.692554965773080511e+00 2.966074067828130545e-01 4.543569830991874170e+00
2.230171692328430672e-03 6.199647362090108735e-03 1.927890613486534788e+00 9.631223667332266203e+00 2.955773527694974256e-01 4.584598775018890571e+00
2.425120263778368299e-03 7.060618471064208750e-03 1.909248854543207363e+00 9.576230813247770257e+00 2.944002459899435209e-01 4.654911641071545425e+00
2.637110099648035284e-03 8.097849038347768383e-03 1.891358472467249641e+00 9.528582848110687564e+00 2.930999672316344506e-01 4.752173930828720749e+00
2.867630847647412249e-03 9.357119726886704153e-03 1.874574789902217153e+00 9.488662855065276958e+00 2.917211999759608543e-01 4.873303611377377997e+00
3.118302371780587098e-03 1.089925533955848728e-02 1.859239762299593979e+00 9.456742167813215971e+00 2.903113968271012202e-01 5.014188558248693361e+00
3.390886135092942982e-03 1.280460306707601088e-02 1.845661332613255157e+00 9.432898669371832412e+00 2.889196496355160293e-01 5.169505225220148326e+00
3.687297577431534849e-03 1.518320621620781151e-02 1.834097320989368507e+00 9.416796851499297460e+00 2.876003498787202961e-01 5.332526535839113180e+00
4.009619575196908189e-03 1.818342406794760252e-02 1.824726289106606947e+00 9.408180098067465025e+00 2.863929623596582763e-01 5.495414037242446703e+00
