9.999999999999999547e-07 1.411893342735571642e-04 9.780335922270132210e-02 1.039519995232727467e+02 1.389284400301216615e-03 5.429747941435799408e+10
1.085449075740854245e-06 1.484338950025245461e-04 9.922391702905657140e-02 8.094417783863494265e+01 1.810093406198112504e-03 1.191853872170177269e+10
1.178199696026677049e-06 1.544997423278960649e-04 1.010305196449521326e-01 6.674504736287137519e+01 2.235135087453073936e-03 3.784878407924694538e+09
1.278875771090311963e-06 1.594036675353449443e-04 1.032125888425794447e-01 5.608560881427871436e+01 2.717386840572298852e-03 1.420163305362260103e+09
1.388154523717354104e-06 1.643895854275526005e-04 1.058019161153597176e-01 4.793122570332425170e+01 3.259456827738443311e-03 6.320657937427065372e+08
1.506771044754487518e-06 1.694590411028687265e-04 1.088122641990858647e-01 4.173779234700847240e+01 3.849626615818610171e-03 3.281555271435236931e+08
1.635523237881839820e-06 1.746131230747618112e-04 1.122319301027480537e-01 3.676258410086305162e+01 4.507966040277404211e-03 1.924427030161648989e+08
1.775277186911535785e-06 1.798529656930923171e-04 1.160868857073088789e-01 3.283974572523949575e+01 5.219796954885812419e-03 1.242161561040105224e+08
1.926972981716949932e-06 1.851791372532279043e-04 1.204032091663797543e-01 2.961728173784673146e+01 6.002927537452944912e-03 8.539388783936484158e+07
2.091631041982265424e-06 1.905937448877557754e-04 1.251847300793064721e-01 2.693880111634224761e+01 6.861883308835959455e-03 6.126587837104565650e+07
2.270358981310529973e-06 1.960982701318605568e-04 1.304730045690835338e-01 2.474146777627168348e+01 7.786915074142953218e-03 4.513160720793865621e+07
2.464359057863462097e-06 2.016943023666928109e-04 1.362639228168484595e-01 2.287431639201722078e+01 8.796360072508512679e-03 3.380899197391988337e+07
2.674936261651502312e-06 2.073827936135815768e-04 1.426034309028492153e-01 2.130148786754732626e+01 9.885309478040645373e-03 2.557146981098512933e+07
2.903507092875318895e-06 2.131661785744910353e-04 1.495017288945654499e-01 1.998814350465066170e+01 1.104444740241508627e-02 1.945750527136032283e+07
3.151609090368535747e-06 2.190465021663208717e-04 1.569990929916593170e-01 1.884718782219242428e+01 1.230044490013022102e-02 1.485519383187484555e+07
3.420911174237001323e-06 2.250258311516955179e-04 1.651292309950227188e-01 1.787847248727704041e+01 1.363841128101122256e-02 1.136233845817575604e+07
3.713224872267113419e-06 2.311057358477095109e-04 1.739135391514559925e-01 1.703911099716885857e+01 1.507150757285918158e-02 8.699105415326692164e+06
4.030516505620297305e-06 2.372888773528910439e-04 1.833929526840934465e-01 1.632224776976389080e+01 1.659101331129019669e-02 6.663172431279027835e+06
4.374920415783809004e-06 2.435780161007627227e-04 1.935975531945965666e-01 1.569069868440902837e+01 1.821913763201730985e-02 5.103890172043048777e+06
4.748753321752338620e-06 2.499757875337784698e-04 2.045732784883443345e-01 1.514703242878447220e+01 1.994305031892265254e-02 3.908798034267934505e+06
5.154529904017387471e-06 2.564844974998036885e-04 2.163532771073665428e-01 1.467215062880775811e+01 2.177408610204012440e-02 2.992857676680779085e+06
5.594979720194266927e-06 2.631070986585917130e-04 2.289909296222265855e-01 1.425239409212350772e+01 2.372469799311790681e-02 2.290655811894149985e+06
6.073065566073702197e-06 2.698472012515466573e-04 2.425278033891800911e-01 1.388910759515877480e+01 2.578442352168911281e-02 1.752620531411345582e+06
6.592003405608307845e-06 2.767081316529168881e-04 2.569920502096319503e-01 1.357130816972605025e+01 2.796199873847273615e-02 1.340573530515094055e+06
7.155284003898115401e-06 2.836930829532900255e-04 2.724517051932128786e-01 1.329377139217461057e+01 3.026297083366041168e-02 1.025108921629188815e+06
7.766696408694527415e-06 2.908053989280367548e-04 2.889381331387322893e-01 1.305048693848827845e+01 3.269251872356169347e-02 7.837048121738275513e+05
8.430353438377286764e-06 2.980497151985080475e-04 3.065201575489204799e-01 1.284158303552250402e+01 3.524607092524409402e-02 5.990404817137318896e+05
9.150719347855376532e-06 3.054302146159000651e-04 3.252319025645014072e-01 1.265757012122275960e+01 3.794137211926933845e-02 4.578491500238754088e+05
9.932639858493569430e-06 3.129511776198047211e-04 3.451228349407638452e-01 1.249620135511765362e+01 4.078175541944554366e-02 3.499307345176220988e+05
1.078137475406863542e-05 3.206164863790462722e-04 3.662509282020298129e-01 1.236212033459818471e+01 4.374777827006249425e-02 2.674641914706822718e+05
1.170263326201958016e-05 3.284320350495772024e-04 3.886641804335957406e-01 1.224524601046186056e+01 4.686808813871266161e-02 2.044638485701750906e+05
1.270261245799332901e-05 3.364030888768286239e-04 4.124071930999931301e-01 1.214366506459467487e+01 5.014719967948345208e-02 1.563396811017007567e+05
1.378803895202314836e-05 3.445352284789543235e-04 4.375196830530754255e-01 1.205986017746806027e+01 5.357048252193147980e-02 1.195831987908407027e+05
1.496621413675245197e-05 3.528332529684187696e-04 4.640663211624199702e-01 1.199015952914848171e+01 5.715119622190326792e-02 9.150745717064524069e+04
1.624506330207765490e-05 3.613044639146503019e-04 4.920697151721313278e-01 1.193214405979067294e+01 6.089454416075527204e-02 7.006061186325509334e+04
1.763318894659185785e-05 3.699555741319899334e-04 5.215723450751917900e-01 1.188586373814102792e+01 6.479687240584820762e-02 5.367461175540269323e+04
1.913992864444197803e-05 3.787936515106766697e-04 5.526112752382358329e-01 1.185018976100580979e+01 6.885962796281010212e-02 4.115139761837561673e+04
2.077541785685548776e-05 3.878252452948030321e-04 5.852137700769746154e-01 1.182315407833455190e+01 7.308889941291239756e-02 3.157680638022476342e+04
2.255065811085387424e-05 3.970589650720920028e-04 6.194002284744543063e-01 1.180381552378520915e+01 7.748527571971464134e-02 2.425318625948926638e+04
2.447759100377433437e-05 4.065035752142834931e-04 6.551866060712738804e-01 1.179128336969959712e+01 8.204916564956971081e-02 1.864811352818234445e+04
2.656917853140949704e-05 4.161680965068707632e-04 6.925821768477843365e-01 1.178602890869485265e+01 8.677088842546153147e-02 1.435543193230325414e+04
2.883949028011224380e-05 4.260613573247595018e-04 7.315816392242483479e-01 1.178541150060199350e+01 9.166177887694799964e-02 1.106532888979300697e+04
3.130379806938518285e-05 4.361937716701043649e-04 7.721740913939936224e-01 1.178938983331018697e+01 9.671506593989608047e-02 8.541359199998340046e+03
3.397867868159255259e-05 4.465767812405041070e-04 8.143524418761377559e-01 1.179854543480703200e+01 1.019187688122036028e-01 6.603368556429363707e+03
3.688212536983010125e-05 4.572220085124508566e-04 8.580700655624255990e-01 1.180985335573180350e+01 1.072873409249961857e-01 5.113586678285329981e+03
4.003366889404039088e-05 4.681412931006861261e-04 9.032851724419415085e-01 1.182507837720452315e+01 1.127953219992363365e-01 3.966995384405064669e+03
4.345450889955160967e-05 4.793475614568731575e-04 9.499484910178053187e-01 1.184190534682266893e+01 1.184537207314182300e-01 3.083401936959658087e+03
4.716765652179101699e-05 4.908558009800501921e-04 9.979861419931270738e-01 1.186077088393173717e+01 1.242458321320416975e-01 2.401510186043723934e+03
5.119808917644023944e-05 5.026811457029878088e-04 1.047318486712138119e+00 1.188034441078109715e+01 1.301727181703697667e-01 1.874478506389618587e+03
5.557291857626488662e-05 5.148394678274778287e-04 1.097854340237663484e+00 1.190062700779338734e+01 1.362213294732433078e-01 1.466466680798160496e+03
6.032157310482846695e-05 5.273472186331129748e-04 1.149478355948332586e+00 1.192173244639979579e+01 1.423743198035029578e-01 1.150046788238605814e+03
6.547599577387056544e-05 5.402241458678155037e-04 1.202077939077118574e+00 1.194195843810035029e+01 1.486371284746560439e-01 9.042023495420351082e+02
7.107085909595988013e-05 5.534901793151007603e-04 1.255515933949963747e+00 1.196192783070830323e+01 1.549855775173661077e-01 7.128159553202048073e+02
7.714379831781828089e-05 5.671666593653908704e-04 1.309645598834693780e+00 1.198074682388537582e+01 1.614136031104658753e-01 5.635144834986956539e+02
8.373566458321471037e-05 5.812750147393386767e-04 1.364325623034108315e+00 1.199810366427420050e+01 1.679096516633193648e-01 4.467906734838283569e+02
9.089079972839658890e-05 5.958414653071841165e-04 1.419376091387692052e+00 1.201417199501304012e+01 1.744511655877427903e-01 3.553252693072354873e+02
9.865733455853536299e-05 6.108925605792598018e-04 1.474629257104367985e+00 1.202756667290337589e+01 1.810403198367971922e-01 2.834812848959867324e+02
1.070875126116184358e-04 6.264568753386246707e-04 1.529905930959162941e+00 1.203880602200620764e+01 1.876512866073610786e-01 2.269081635109047568e+02
1.162380415876684158e-04 6.425637066220718030e-04 1.585020466151219498e+00 1.204769992985187876e+01 1.942678649688900083e-01 1.822438232827201432e+02
1.261704748072617788e-04 6.592473778311816641e-04 1.639784990064662162e+00 1.205382745350916629e+01 2.008779054606211756e-01 1.468862976127112745e+02
1.369516252653271552e-04 6.765439307649012864e-04 1.694010522666411722e+00 1.205679421904501680e+01 2.074696097990252064e-01 1.188183273768123200e+02
1.486540150654573351e-04 6.944919790216909621e-04 1.747506787915338533e+00 1.205684063449104215e+01 2.140206042558723820e-01 9.647250751125264401e+01
1.613563632579676833e-04 7.131319914454652088e-04 1.800087036287242537e+00 1.205330828303253021e+01 2.205248192509197680e-01 7.862947901810620976e+01
1.751441153632666984e-04 7.325095910155754583e-04 1.851570856106454777e+00 1.204634743491682691e+01 2.269630644363139771e-01 6.433836240039522636e+01
1.901100181425075778e-04 7.526741504236370310e-04 1.901781354740140539e+00 1.203561284919369179e+01 2.333257180094082117e-01 5.285622622794853243e+01
2.063547434818620773e-04 7.736784283636901965e-04 1.950552307948650643e+00 1.202167667538779128e+01 2.395867481109699160e-01 4.360145574763385667e+01
2.239875655871284912e-04 7.955786090498550558e-04 1.997725317067956530e+00 1.200387167612529282e+01 2.457449853327059175e-01 3.611755988382019211e+01
2.431270960439925748e-04 8.184364642202635433e-04 2.043154935162395436e+00 1.198249858504096643e+01 2.517816931236525058e-01 3.004556850927569656e+01
2.639020816885099012e-04 8.423201614483641440e-04 2.086708043047765138e+00 1.195732218835127902e+01 2.576902540270047948e-01 2.510246800563850655e+01
2.864522706548807513e-04 8.673025489140039025e-04 2.128264539903357289e+00 1.192881694028007900e+01 2.634501621286801654e-01 2.106457015590487813e+01
3.109293524262096253e-04 8.934620982347314709e-04 2.167719950030657650e+00 1.189656093286470195e+01 2.690617584683208108e-01 1.775469726882341703e+01
3.374979782117319108e-04 9.208838039738979258e-04 2.204984670957244486e+00 1.186061278096654981e+01 2.745166447363959761e-01 1.503212270272433670e+01
3.663368685143312924e-04 9.496625503569617070e-04 2.239984109569268966e+00 1.182135829280763595e+01 2.798000527021150541e-01 1.278474385771560229e+01
3.976400153386801359e-04 9.798999267283791531e-04 2.272659511486006867e+00 1.177875999040712607e+01 2.849082580367521267e-01 1.092309823025897231e+01
4.316179871269498671e-04 1.011706250559186483e-03 2.302968535591265020e+00 1.173289900005908315e+01 2.898363870057436564e-01 9.375514532928823641e+00
4.684993452000761399e-04 1.045200108269234976e-03 2.330883420704435771e+00 1.168550851164884641e+01 2.945392466912093998e-01 8.084486401880477402e+00
5.085321812326185553e-04 1.080514649117618031e-03 2.356390879056319942e+00 1.163230277325765627e+01 2.991244205299730119e-01 7.003699867137568980e+00
5.519857861034268816e-04 1.117792860863562341e-03 2.379492299923897214e+00 1.157778827199685345e+01 3.034792035353926498e-01 6.095764399871567818e+00
5.991524613480535494e-04 1.157190699825237905e-03 2.400200448550934063e+00 1.152039411556781978e+01 3.076453894867730576e-01 5.330401226155339955e+00
6.503494853981032662e-04 1.198876160872077573e-03 2.418544116754606677e+00 1.146077292736777409e+01 3.116092498774295505e-01 4.683032689815390448e+00
7.059212478339120089e-04 1.243037035710727132e-03 2.434560133811880078e+00 1.139888515059685581e+01 3.153757985617606785e-01 4.133638386952757315e+00
7.662415660071510582e-04 1.289876502845712465e-03 2.448296322702272931e+00 1.133478750632612808e+01 3.189486971704860729e-01 3.665863478406925502e+00
8.317161996166876851e-04 1.339616424110161991e-03 2.459810292666881892e+00 1.126894709775107906e+01 3.223209314007603465e-01 3.266317919247271107e+00
9.027855801526294115e-04 1.392497603448138816e-03 2.469167994163528945e+00 1.120130783432630039e+01 3.255008606965407725e-01 2.923995315786994453e+00
9.799277735688433251e-04 1.448786593423861783e-03 2.476441566922804594e+00 1.113214730803343144e+01 3.284878990222782624e-01 2.629832477307959770e+00
1.063661696113095152e-03 1.508774529161435859e-03 2.481709137093862427e+00 1.106157716735969032e+01 3.312867461398729119e-01 2.376338884028114773e+00
1.154550604946909687e-03 1.572779514135124509e-03 2.485054582119164746e+00 1.098987732129750761e+01 3.338976193851072027e-01 2.157305811160499243e+00
1.253205887035668299e-03 1.641148707991355905e-03 2.486565640920082032e+00 1.091728979729742122e+01 3.363220369142572719e-01 1.967574276027997060e+00
1.360291171795864878e-03 1.714264350289491272e-03 2.486332296568597222e+00 1.084389343428429875e+01 3.385666414320753215e-01 1.802847961272446842e+00
1.476526795164265085e-03 1.792546341958366684e-03 2.484447991678347289e+00 1.076990170183810669e+01 3.406343223766448158e-01 1.659534032082273347e+00
1.602694645117658722e-03 1.876454115484478807e-03 2.481006784507030272e+00 1.069552158220966831e+01 3.425281102337013883e-01 1.534624222192826348e+00
1.739643421237780686e-03 1.966491047066803045e-03 2.476104059547860725e+00 1.062070517497804190e+01 3.442593734348454726e-01 1.425590318796525535e+00
1.888294343701208333e-03 2.063210206479777938e-03 2.469835632004807824e+00 1.054592493420867250e+01 3.458227907481449814e-01 1.330304326162856432e+00
2.049647350097161692e-03 2.167221053872817656e-03 2.462296673279857462e+00 1.047122944325874627e+01 3.472265597922769009e-01 1.246971308489062347e+00
2.224787821757654750e-03 2.279191676735945350e-03 2.453581828950581745e+00 1.039682714112461781e+01 3.484736612100280961e-01 1.174069883491077215e+00
2.414893884846357197e-03 2.399856122795387698e-03 2.443785094390462209e+00 1.032272013669707356e+01 3.495739753939217098e-01 1.110313553160858335e+00
2.621244335318722012e-03 2.530021021093590335e-03 2.432998395483858989e+00 1.024924678627064267e+01 3.505258952239555525e-01 1.054607503120041256e+00
2.845227241062659070e-03 2.670576382438951627e-03 2.421311996717487425e+00 1.017646274046812138e+01 3.513372049813357489e-01 1.006021410154927187e+00
3.088349279084167016e-03 2.822499953001773865e-03 2.408814636423140865e+00 1.010458674573573212e+01 3.520100475085538583e-01 9.637629601762984777e-01
3.352245870546845773e-03 2.986868150561726876e-03 2.395592771025332635e+00 1.003365118950827117e+01 3.525528499849292507e-01 9.271564193761301365e-01
