9.999999999999999547e-07 1.352736883008330950e-04 9.814551077479501118e-02 9.789921948085556380e+01 1.480339901001586928e-03 3.783533989380821991e+10
1.087234941839126059e-06 1.398148899885438671e-04 1.002108661067292600e-01 7.433585759797870196e+01 1.990612351827980055e-03 7.044895547017435074e+09
1.182079818755927707e-06 1.447522431413618340e-04 1.029009880558269946e-01 5.951611828904155033e+01 2.553025670602442933e-03 1.928729093768516302e+09
1.285198482994305924e-06 1.501203060093051140e-04 1.060693309577712962e-01 4.933294192070150785e+01 3.174848817863525248e-03 7.127826833960306644e+08
1.397312697910047063e-06 1.552998278084439902e-04 1.096606559681788939e-01 4.213070964862564693e+01 3.843459419582042746e-03 3.357009844573412538e+08
1.519207189843302326e-06 1.603096903059233710e-04 1.137168468769886170e-01 3.673061667785724183e+01 4.571585265643087793e-03 1.879180618123353422e+08
1.651735140690865051e-06 1.654372658993660513e-04 1.182215835310509722e-01 3.250306868102087066e+01 5.370845280920413627e-03 1.183461149282361269e+08
1.795824159622673291e-06 1.706818083943512164e-04 1.231834794927745558e-01 2.924647171064673756e+01 6.219410490593988046e-03 8.073809373031115532e+07
1.952482775740654746e-06 1.760417452429044330e-04 1.286293999887294648e-01 2.660023645318242558e+01 7.140440123195857663e-03 5.766835956093958020e+07
2.122807497124285794e-06 1.815169787696509684e-04 1.345601851015235106e-01 2.441099352595647787e+01 8.139567993284814104e-03 4.237992798594595492e+07
2.307990485671583911e-06 1.871051930868697540e-04 1.410008654016436935e-01 2.263470747569146724e+01 9.198502421796832598e-03 3.169082842352452129e+07
2.509327901454405800e-06 1.928067902730382359e-04 1.479836018753548366e-01 2.112804246222660254e+01 1.034247709397344978e-02 2.394400343418370187e+07
2.728228974993076941e-06 1.986196826468459285e-04 1.555138501081793356e-01 1.987849260124998452e+01 1.155196488343507473e-02 1.820588528984339163e+07
2.966225870950416819e-06 2.045438888073381769e-04 1.636233398534391037e-01 1.881459502587556543e+01 1.284164362432640982e-02 1.389618065129566938e+07
3.224984412284487272e-06 2.105781691697961478e-04 1.723532533199771122e-01 1.788936602602639070e+01 1.422639197479892183e-02 1.063179946576531045e+07
3.506315739922212860e-06 2.167220144015003674e-04 1.817339092054180427e-01 1.711100368062828636e+01 1.568305692924168437e-02 8.144038362516914494e+06
3.812188989563939161e-06 2.229752689891011336e-04 1.917962991089833258e-01 1.642052054145602469e+01 1.724739610014058497e-02 6.242904516311518848e+06
4.144745074348306008e-06 2.293369184645904215e-04 2.025848943439050864e-01 1.582788058927952690e+01 1.889968340125315269e-02 4.786326583297641948e+06
4.506311669847084864e-06 2.358080735578899252e-04 2.141496570697002388e-01 1.531550223466144800e+01 2.064697230788009943e-02 3.669317475557407364e+06
4.899419506275169958e-06 2.423872465840648483e-04 2.265147711531410035e-01 1.486631960444783829e+01 2.249900424332294119e-02 2.812429502987211570e+06
5.326820081950563957e-06 2.490765932465033392e-04 2.397330407391301821e-01 1.447104449717412322e+01 2.446235419089955870e-02 2.154794458930654451e+06
5.791504921987010127e-06 2.558754005274254339e-04 2.538638428506346245e-01 1.412510625433154843e+01 2.653868266815940027e-02 1.650169765334696975e+06
6.296726517017559571e-06 2.627857503820399507e-04 2.689445432714567263e-01 1.381681205764680698e+01 2.874253851508905278e-02 1.263121167901458219e+06
6.846021088506468551e-06 2.698084382233571950e-04 2.850285603649034272e-01 1.355176126976931705e+01 3.105724097942796566e-02 9.663726654797567753e+05
7.443233339991761307e-06 2.769453449146411315e-04 3.021903247724528341e-01 1.331860667732042991e+01 3.350364025937205281e-02 7.389714317452193936e+05
8.092543367500985578e-06 2.841990249471369745e-04 3.204723610854753879e-01 1.311736867744085977e+01 3.607564378976162861e-02 5.648143289688202785e+05
8.798495917495539716e-06 2.915712257121165496e-04 3.399227367692354007e-01 1.293848781867613162e+01 3.879421143251245152e-02 4.315302797298319056e+05
9.566032197130051095e-06 2.990664573581103811e-04 3.606178411270718476e-01 1.278161570064837704e+01 4.166119168884591106e-02 3.295743267377812881e+05
1.040052445947789820e-05 3.066864216832752908e-04 3.825977409652346894e-01 1.264801501615000667e+01 4.466735784426976996e-02 2.516402633439569909e+05
1.130781360579686200e-05 3.144373243615874330e-04 4.059442078076884730e-01 1.253220160228252311e+01 4.783097254609393334e-02 1.920901675836582726e+05
1.229425006802625453e-05 3.223223372018788275e-04 4.306843049677802626e-01 1.243534070218219334e+01 5.114127980083948283e-02 1.466187006312894227e+05
1.336673825766616816e-05 3.303480986211206581e-04 4.568950072889569891e-01 1.235237781758738151e+01 5.461803615114052546e-02 1.119089710158560920e+05
1.453278489215252760e-05 3.385201204695325477e-04 4.846304838495447131e-01 1.228393077161190483e+01 5.825639457580524677e-02 8.542363828178023687e+04
1.580055153697995055e-05 3.468454472845137115e-04 5.139274508083196968e-01 1.222554389387406459e+01 6.207316093213866709e-02 6.522027517192217783e+04
1.717891173133454441e-05 3.553322687984881664e-04 5.448263433688016466e-01 1.217873086833758478e+01 6.605813376034011530e-02 4.981126060788614268e+04
1.867751309707699347e-05 3.639882415892618187e-04 5.774088306294137274e-01 1.214407940420891663e+01 7.020839716250897034e-02 3.806087923738783866e+04
2.030684486580001979e-05 3.728245535828410328e-04 6.116632525789000852e-01 1.211757802978202037e+01 7.453612311622417885e-02 2.909965915388794019e+04
2.207831129660424145e-05 3.818497414974503235e-04 6.476324209776571639e-01 1.209906475163596085e+01 7.904001532552079601e-02 2.226494857293878158e+04
2.400431149846963305e-05 3.910778540630375599e-04 6.853308296306220848e-01 1.208761418163440560e+01 8.372013394697744304e-02 1.705066507746637944e+04
2.609832621592689416e-05 4.005202105113199310e-04 7.247680837047661973e-01 1.208238663290294745e+01 8.857610243908813075e-02 1.307127915719696830e+04
2.837501218547181414e-05 4.101925532382350416e-04 7.659406480784156646e-01 1.208247200523108589e+01 9.360726480569868391e-02 1.003275768465213696e+04
3.085030472315593997e-05 4.201101809045101367e-04 8.088282948558896956e-01 1.208822513228359696e+01 9.880161210496689328e-02 7.711174080595133091e+03
3.354152926139976478e-05 4.302908614611362058e-04 8.534048371072280315e-01 1.209763843771068359e+01 1.041656994863002089e-01 5.935984499110018078e+03
3.646752261571332098e-05 4.407545781841802905e-04 8.996254735692547078e-01 1.211100586067828822e+01 1.096861429539419536e-01 4.577351686358326333e+03
3.964876483011208223e-05 4.515217913602224444e-04 9.474224364953280908e-01 1.212621800845295361e+01 1.153688406798268756e-01 3.536398538303616078e+03
4.310752252406009800e-05 4.626179821506016436e-04 9.967213228835184458e-01 1.214431678049309049e+01 1.211911473661707872e-01 2.737878673016075936e+03
4.686800474427529786e-05 4.740671790374029583e-04 1.047429006987592892e+00 1.216340598439232501e+01 1.271568114839451702e-01 2.124484649155142051e+03
5.095653241225803692e-05 4.859008467130144734e-04 1.099427028796553518e+00 1.218416418613776919e+01 1.332419260858017929e-01 1.652572559799368946e+03
5.540172255356490673e-05 4.981493883937444973e-04 1.152588009986686979e+00 1.220443790666996797e+01 1.394525789746293709e-01 1.288900760514202602e+03
6.023468859831253888e-05 5.108498813919020234e-04 1.206762697414450747e+00 1.222501030040356440e+01 1.457615166272399343e-01 1.008121711052934302e+03
6.548925815488419776e-05 5.240413489750948535e-04 1.261780973115673721e+00 1.224504513892268598e+01 1.521576593444939896e-01 7.909059866256966416e+02
7.120220978111318957e-05 5.377680652005325732e-04 1.317463737774732468e+00 1.226389784892970347e+01 1.586281944495968321e-01 6.225021822737545563e+02
7.741353041018568830e-05 5.520797431662072003e-04 1.373611365979957810e+00 1.228062511627389597e+01 1.651633323574407120e-01 4.916376261583030782e+02
8.416669523307982609e-05 5.670301933437354959e-04 1.430009396013159240e+00 1.229557066675525867e+01 1.717356411855257559e-01 3.896926673031055657e+02
9.150897199652880233e-05 5.826824810710173885e-04 1.486433202341901127e+00 1.230820954138320467e+01 1.783284978454595382e-01 3.100677333786150598e+02
9.949175184640441597e-05 5.991031169034190468e-04 1.542647420676059644e+00 1.231783314680157737e+01 1.849279670485704241e-01 2.477031447819498737e+02
1.081709090321981509e-04 6.163715504042097289e-04 1.598409309442780035e+00 1.232481456639415462e+01 1.915039964285841778e-01 1.987151414381690984e+02
1.176071919903073470e-04 6.345728681735959701e-04 1.653465037281408812e+00 1.232786476516529461e+01 1.980511596059323365e-01 1.601165391707939420e+02
1.278666485434447493e-04 6.538061628760166505e-04 1.707567439082192218e+00 1.232692242148640283e+01 2.045471520281769429e-01 1.296073919885662633e+02
1.390210881922962624e-04 6.741814817486025324e-04 1.760462724553429448e+00 1.232186605226904952e+01 2.109699430035276990e-01 1.054122223063807837e+02
1.511485847351632403e-04 6.958243096204419671e-04 1.811901469913562712e+00 1.231267561450444070e+01 2.172963215337637422e-01 8.615868302757144193e+01
1.643340227336014079e-04 7.188775254809299641e-04 1.861638660551028446e+00 1.229893960808626829e+01 2.235105130235834070e-01 7.078353931033981894e+01
1.786696916489567558e-04 7.435026460973695591e-04 1.909440471065310341e+00 1.228050631890656241e+01 2.295937626361958805e-01 5.846113854696558576e+01
1.942559318083680712e-04 7.698862683795665166e-04 1.955080893838863076e+00 1.225729386268148957e+01 2.355268199700570331e-01 4.854896452781178340e+01
2.112018367215763017e-04 7.982396219422691281e-04 1.998349552843009080e+00 1.222914162821866668e+01 2.412935528006135422e-01 4.054569391139519752e+01
2.296260166642996061e-04 8.288082121141918763e-04 2.039049079401682008e+00 1.219605022355618118e+01 2.468759079282200064e-01 3.405929575225311368e+01
2.496574288727599765e-04 8.618731371554974423e-04 2.077001502603276872e+00 1.215816319735870721e+01 2.522545899026417682e-01 2.878239797009437595e+01
2.714362801601809239e-04 8.977607510967880065e-04 2.112047220038543838e+00 1.211512448249967022e+01 2.574221883137813860e-01 2.447323011688959227e+01
2.951150082729830297e-04 9.368495816100145049e-04 2.144046093234461381e+00 1.206700507313363246e+01 2.623643708516799067e-01 2.094122668386517105e+01
3.208593488555299116e-04 9.795809421891340813e-04 2.172879855886129086e+00 1.201437180248296066e+01 2.670575626733715513e-01 1.803571769108741307e+01
3.488494954914822966e-04 1.026470571395761899e-03 2.198452598229504229e+00 1.195692310557051030e+01 2.714987939784831439e-01 1.563723428027814322e+01
3.792813609412902325e-04 1.078125918239527690e-03 2.220690559560143829e+00 1.189481778768104370e+01 2.756769706272655385e-01 1.365079884303082203e+01
4.123679484036682258e-04 1.135259403836084372e-03 2.239544019485113058e+00 1.182838836299470309e+01 2.795788169786948552e-01 1.200066621387265720e+01
4.483408423989819849e-04 1.198722743903477168e-03 2.254985303075883962e+00 1.175786082240146158e+01 2.831950353823738387e-01 1.062630261876442184e+01
4.874518297097619611e-04 1.269518062931367661e-03 2.267012290707407285e+00 1.168327612938253246e+01 2.865229860100754755e-01 9.479177001203630937e+00
5.299746617238686305e-04 1.348856552965969294e-03 2.275646163528661781e+00 1.160522403985499906e+01 2.895485812609740472e-01 8.520318916321432567e+00
5.762069705155608255e-04 1.438181717721730320e-03 2.280933833776660258e+00 1.152400979806379766e+01 2.922666781250299883e-01 7.718363524063222236e+00
6.264723520757847471e-04 1.539247144755444491e-03 2.282945839445346348e+00 1.144008289834970959e+01 2.946705080992695347e-01 7.048033153432787579e+00
6.811226312729363108e-04 1.654180454878302229e-03 2.281782015375081407e+00 1.135367008504369934e+01 2.967618825743152944e-01 6.488947010920885106e+00
7.405403243973434409e-04 1.785576261349100654e-03 2.277567455680092667e+00 1.126557947282012684e+01 2.985299772826471298e-01 6.024688422144978794e+00
8.051413165256740469e-04 1.936650095470553385e-03 2.270458824241155416e+00 1.117631466922362371e+01 2.999751259683097193e-01 5.642041826777248303e+00
8.753777724450686202e-04 2.111338585485699349e-03 2.260644245352330106e+00 1.108651085109554835e+01 3.010977928441376239e-01 5.330394461078715729e+00
9.517413015115778379e-04 2.314639405635619124e-03 2.248346467161925766e+00 1.099695634494051966e+01 3.018985104600651614e-01 5.081306868279368061e+00
1.034766398594834554e-03 2.552722392594309817e-03 2.233826717144627327e+00 1.090845083287525341e+01 3.023824889442716102e-01 4.888043027544086705e+00
1.125034185193336811e-03 2.833543256248584850e-03 2.217386574634408358e+00 1.082205195383430230e+01 3.025533975344941173e-01 4.745293732331071546e+00
1.223176476905705979e-03 3.167171124466976965e-03 2.199373223620952000e+00 1.073873701707059958e+01 3.024237967852713149e-01 4.648875438039984154e+00
1.329880205727562454e-03 3.566715162171120532e-03 2.180180433901789172e+00 1.065951497817875548e+01 3.020127157449225552e-01 4.595371223895715396e+00
1.445892228127211403e-03 4.049278300084873522e-03 2.160248689891482332e+00 1.058539774149660850e+01 3.013469528740943537e-01 4.581930987693370483e+00
1.572024552553533084e-03 4.637405491134320538e-03 2.140069379236574587e+00 1.051797524870117861e+01 3.004456659959950371e-01 4.605777759399876103e+00
1.709160022965218635e-03 5.361532589115002891e-03 2.120170199119947974e+00 1.045803770553831136e+01 2.993579234090792407e-01 4.663933379014941316e+00
1.858258498162348830e-03 6.262458285079517545e-03 2.101110035068910253e+00 1.040657234600098313e+01 2.981338745743498664e-01 4.752626712702074485e+00
2.020363570171605089e-03 7.397422512742119448e-03 2.083453240099411463e+00 1.036437380489877214e+01 2.968321411894075390e-01 4.866874452002016405e+00
2.196609868709414274e-03 8.845195987145120994e-03 2.067737565033205271e+00 1.033208800642630898e+01 2.955136567784551471e-01 5.000011040215110114e+00
2.388231002849530282e-03 1.071994298029022540e-02 2.054431154937817361e+00 1.030967588758893960e+01 2.942502328287193714e-01 5.143509142217906671e+00
2.596568195481506469e-03 1.318628423614511165e-02 2.043872471384366118e+00 1.029655399245612557e+01 2.931110074081488270e-01 5.287247874105073464e+00
2.823079670995660116e-03 1.649083434917857777e-02 2.036214610557806726e+00 1.029156677729843850e+01 2.921543035585528747e-01 5.420389475566416593e+00
3.069350861902185677e-03 2.100975239430737454e-02 2.031380513917430353e+00 1.029278118120618757e+01 2.914263232931198488e-01 5.532938701860764752e+00
3.337105505824094348e-03 2.733167421163688882e-02 2.029032713115942244e+00 1.029835263666264211e+01 2.909320218779977152e-01 5.617742325548717552e+00
3.628217710535686698e-03 3.641598180847793048e-02 2.028605703197300159e+00 1.030571850460400185e+01 2.906628994098104934e-01 5.672166413044636535e+00
3.944725071493954474e-03 4.985267639896331926e-02 2.029391345147786296e+00 1.031300965999999875e+01 2.905698936039699531e-01 5.698839346822743401e+00
