9.999999999999999547e-07 1.362956491740023774e-04 9.808350035620085061e-02 9.910475774125534087e+01 1.461408695578367018e-03 4.044648335816262817e+10
1.086633763947034585e-06 1.412953337712392660e-04 1.000133313052143230e-01 7.577273598568712032e+01 1.949014900395594453e-03 7.871297005474025726e+09
1.180772936949697219e-06 1.467281598636826438e-04 1.025142604493762266e-01 6.073010275030122074e+01 2.492588012790107957e-03 2.179541709025480270e+09
1.283067740844444118e-06 1.522063782175129990e-04 1.054181183661474924e-01 5.060815672135593957e+01 3.075848748308343192e-03 8.152033190148044825e+08
1.394224728632813708e-06 1.568678082804582309e-04 1.087964941661944823e-01 4.325784734639596962e+01 3.713814711867585022e-03 3.793271052330483198e+08
1.515011664662307197e-06 1.616287675528947556e-04 1.126319738751938582e-01 3.769385766600523624e+01 4.412262518027673837e-03 2.089490167911618650e+08
1.646262827595661901e-06 1.664923935806212913e-04 1.169555490081853333e-01 3.327903759038309062e+01 5.189437773456901694e-03 1.293661766620923132e+08
1.788884772796362127e-06 1.714617556932231709e-04 1.217599099073721491e-01 2.984193435633591918e+01 6.024868639436065793e-03 8.706812178235821426e+07
1.943862593931242713e-06 1.765413017537920679e-04 1.270691091965648334e-01 2.707970875288819812e+01 6.928930915846703842e-03 6.166206881821409613e+07
2.112266727039352502e-06 1.817342189088174428e-04 1.328909446112197801e-01 2.479452434768692015e+01 7.914251408697442827e-03 4.498333328307162970e+07
2.295260344062854931e-06 1.870447900843694362e-04 1.392474203640062802e-01 2.291910585950826018e+01 8.971389717637589731e-03 3.344830224293411896e+07
2.494107386907380529e-06 1.924776581467949369e-04 1.461683889884876075e-01 2.136951023879201728e+01 1.010018030145294794e-02 2.515406010193389654e+07
2.710181297523269988e-06 1.980361177939990414e-04 1.536694354798238404e-01 2.004559988066656828e+01 1.131979790838104176e-02 1.904449322637042776e+07
2.944974504306562419e-06 2.037258002183758886e-04 1.617848358601856329e-01 1.894447083887763839e+01 1.261030435836343715e-02 1.448382909768345021e+07
3.200108730342692357e-06 2.095512128359374186e-04 1.705200549917031128e-01 1.799243782580036566e+01 1.399444528366167347e-02 1.104493773405982181e+07
3.477346194692038839e-06 2.155168283347108421e-04 1.799170164195982857e-01 1.717364572806686596e+01 1.546963176165597545e-02 8.436907768104083836e+06
3.778601784085107574e-06 2.216287265628936977e-04 1.900083215778207157e-01 1.647867487646417928e+01 1.702631137640637018e-02 6.452747637125435285e+06
4.105956279097372006e-06 2.278915602168799155e-04 2.008142857214363086e-01 1.587213195189627690e+01 1.868226699998672483e-02 4.938962991743376479e+06
4.461670726157537853e-06 2.343112996391325301e-04 2.123640754958183163e-01 1.534226343212146304e+01 2.043910387841603449e-02 3.782522195579688065e+06
4.848202054656864365e-06 2.408943563228699606e-04 2.247109639528623859e-01 1.488925151744877518e+01 2.228546146569821904e-02 2.897902499513584655e+06
5.268220047027524547e-06 2.476456091412294327e-04 2.378682005726313609e-01 1.449040604192940762e+01 2.423963450440393130e-02 2.221180181308605243e+06
5.724625779002742505e-06 2.545727175636305862e-04 2.518776995672045715e-01 1.414054848673623077e+01 2.630229824103024958e-02 1.703151334940114990e+06
6.220571657425962061e-06 2.616820539192904254e-04 2.667673472325451933e-01 1.383900296384415896e+01 2.846414236033893014e-02 1.306382024540129583e+06
6.759483194011016571e-06 2.689800161298146501e-04 2.825877312292123245e-01 1.357136030952376515e+01 3.074681656530118060e-02 1.002410288774520275e+06
7.345082665444899288e-06 2.764749203694276121e-04 2.993569408141869559e-01 1.333809457471411442e+01 3.314101265630974708e-02 7.695325534220287809e+05
7.981414823254507590e-06 2.841734589912977465e-04 3.171254561551491991e-01 1.313271225791617169e+01 3.565717324582409059e-02 5.910400177704088856e+05
8.672874831015684800e-06 2.920839480894810570e-04 3.359123081341549022e-01 1.295319982707243689e+01 3.829297310680639110e-02 4.541972115545627312e+05
9.424238621868073811e-06 3.002152691480026027e-04 3.557604349386100373e-01 1.279875322851130193e+01 4.104499592322192331e-02 3.492510136529025622e+05
1.024069588601551908e-05 3.085745500392778951e-04 3.767019187514992762e-01 1.266110655930787843e+01 4.393356072805134488e-02 2.687341984948916361e+05
1.112788591605793277e-05 3.171722998407723875e-04 3.987666920884645472e-01 1.254521011420023946e+01 4.693655074973576008e-02 2.069321579562521365e+05
1.209193655773922742e-05 3.260175475119116281e-04 4.219806776116302172e-01 1.244281503483535722e+01 5.007767472596637987e-02 1.594745381791800610e+05
1.313950653514489751e-05 3.351194498834115989e-04 4.463673805082879475e-01 1.235550767726680910e+01 5.334602817371953548e-02 1.230103647541742394e+05
1.427783144269115881e-05 3.444895123711325699e-04 4.719556632085022962e-01 1.227919427800547680e+01 5.675466519931348514e-02 9.497611475025217806e+04
1.551477372157278057e-05 3.541373827388816860e-04 4.987623867528008237e-01 1.221345416827813146e+01 6.030112610387063088e-02 7.340781699222952011e+04
1.685887696585917076e-05 3.640747622445240483e-04 5.268045523555276999e-01 1.215893776056064546e+01 6.397703646394529986e-02 5.680147317673574435e+04
1.831942493333147789e-05 3.743141074387951596e-04 5.560874735072618424e-01 1.211103151130634537e+01 6.780039329824567862e-02 4.400497944540908065e+04
1.990650566865113596e-05 3.848658580823632706e-04 5.866245740905101647e-01 1.207300028081165344e+01 7.174890479499272666e-02 3.413523820396776136e+04
2.163108118175936388e-05 3.957446604595649250e-04 6.184086071635209736e-01 1.204056127964876666e+01 7.584012292428908564e-02 2.651558994456553410e+04
2.350506316277899550e-05 4.069634559252032846e-04 6.514385277923998574e-01 1.201348659676997421e+01 8.007088103477286167e-02 2.062675121638491692e+04
2.554139525638332952e-05 4.185354856042493472e-04 6.856986804833812288e-01 1.199057675040711324e+01 8.444296527600160529e-02 1.607045904239427182e+04
2.775414246390269353e-05 4.304769434709576127e-04 7.211763083122983975e-01 1.197444787032740265e+01 8.893161689601222775e-02 1.254094924292650467e+04
3.015858829067281018e-05 4.428018943655993118e-04 7.578360249429343387e-01 1.196004536741094171e+01 9.356483462138076579e-02 9.803288206297584111e+03
3.277134030962269411e-05 4.555270698796808223e-04 7.956464318609164366e-01 1.194816113289554060e+01 9.833073459884746070e-02 7.676991803316946971e+03
3.561044487023448153e-05 4.686702502045114304e-04 8.345679548173229323e-01 1.193909319816453340e+01 1.032192258720233263e-01 6.023157694938801797e+03
3.869551174517118331e-05 4.822468944891051038e-04 8.745443856213251932e-01 1.193285773499242630e+01 1.082200245572608743e-01 4.734871661122038859e+03
4.204784957551205169e-05 4.962778171982601709e-04 9.155201233488755586e-01 1.192717728744681516e+01 1.133445010312758711e-01 3.729740861367042271e+03
4.569061305011737567e-05 5.107818764652009543e-04 9.574273980495093817e-01 1.192244612098958179e+01 1.185798011656693518e-01 2.944245535834971633e+03
4.964896283569644248e-05 5.257785173139518410e-04 1.000187553352784198e+00 1.191832858191571631e+01 1.239185509305977123e-01 2.329308695074135358e+03
5.395023936221914946e-05 5.412909966374606459e-04 1.043717745168133870e+00 1.191420655484757418e+01 1.293564764429027680e-01 1.847048738626413297e+03
5.862415166401165794e-05 5.573401402089813881e-04 1.087924057048851978e+00 1.190877500819359724e+01 1.348968241013929759e-01 1.468112178983840522e+03
6.370298258086678968e-05 5.739503256550218752e-04 1.132705576757992549e+00 1.190370562008626187e+01 1.405093082116675440e-01 1.169789648828804957e+03
6.922181173649951693e-05 5.911474334843537558e-04 1.177958632031663067e+00 1.189758958411336565e+01 1.461979525397719970e-01 9.344579553984947324e+02
7.521875783446549358e-05 6.089546847719932163e-04 1.223564045597962391e+00 1.188968631396869213e+01 1.519590413281924346e-01 7.484217928131769213e+02
8.173524194508556442e-05 6.274022686735259129e-04 1.269403443913776908e+00 1.188082819170552540e+01 1.577695517577696882e-01 6.010404582932394533e+02
8.881627360190985719e-05 6.465181502245223892e-04 1.315354585516005814e+00 1.186993465794686031e+01 1.636306855578273101e-01 4.840233350488094857e+02
9.651076168379295176e-05 6.663313488188798549e-04 1.361284929344581007e+00 1.185619673362349857e+01 1.695406619461800601e-01 3.908988969956083679e+02
1.048718522298549703e-04 6.868759218860867686e-04 1.407064496255959307e+00 1.184092838599135966e+01 1.754682260085559942e-01 3.166138335492144051e+02
1.139572955206244036e-04 7.081831705795415188e-04 1.452556893533768045e+00 1.182297519874161118e+01 1.814164265807086673e-01 2.572139861448585521e+02
1.238298449608005159e-04 7.302892248716106585e-04 1.497629367436485115e+00 1.180250702859533085e+01 1.873701113919606920e-01 2.095984744267230724e+02
1.345576905187322470e-04 7.532324067467072257e-04 1.542145040916306220e+00 1.177954147276281205e+01 1.933156754024162594e-01 1.713316509763621127e+02
1.462149297163902253e-04 7.770480033706695386e-04 1.585973831019353852e+00 1.175377065982703328e+01 1.992457376779872835e-01 1.404986504133699441e+02
1.588820794229720793e-04 8.017805349659981335e-04 1.628982588108202512e+00 1.172500392021567528e+01 2.051510200389027594e-01 1.155892672434655566e+02
1.726466319871156486e-04 8.274720076432175424e-04 1.671046034136993930e+00 1.169307486481691249e+01 2.110230611959885150e-01 9.541097016706822842e+01
1.876036595489377894e-04 8.541661994106133004e-04 1.712042820302333457e+00 1.165866997057870691e+01 2.168382277769233812e-01 7.902051566013072659e+01
2.038564707059000738e-04 8.819136557363498876e-04 1.751856260051837477e+00 1.162109351150518854e+01 2.225982309676907134e-01 6.566927065803587027e+01
2.215173240681103867e-04 9.107617898268981693e-04 1.790379610220759199e+00 1.158043565467201041e+01 2.282918778460013287e-01 5.476307572712969574e+01
2.407082036316055690e-04 9.407646496995066172e-04 1.827511394702210801e+00 1.153696074439275598e+01 2.339046812421034793e-01 4.582841393942660346e+01
2.615616613251405356e-04 9.719794608004028117e-04 1.863160249372403987e+00 1.149058495200374530e+01 2.394298574988100725e-01 3.848766224704108652e+01
2.842217325499766536e-04 1.004459933680530975e-03 1.897243040751245502e+00 1.144140575214932021e+01 2.448577283453629849e-01 3.243875432622917998e+01
3.088449310363285583e-04 1.038272155364689019e-03 1.929688839714772453e+00 1.138928819296944184e+01 2.501848098983597279e-01 2.743958063642471856e+01
3.356013298879676789e-04 1.073479298080945357e-03 1.960434543137416830e+00 1.133449797645983104e+01 2.553996466056313031e-01 2.329562953910882683e+01
3.646757362817923311e-04 1.110147294109133228e-03 1.989427955381727120e+00 1.127725176296088705e+01 2.604924709071477218e-01 1.985030230078984204e+01
3.962689679360397723e-04 1.148351197839062119e-03 2.016628870865138978e+00 1.121754208012995058e+01 2.654596442786090194e-01 1.697718400699406160e+01
4.305992401637452160e-04 1.188162347141557672e-03 2.042007918232631614e+00 1.115534959202216214e+01 2.702990204632799709e-01 1.457396659032828445e+01
4.679036730918630983e-04 1.229661154729922183e-03 2.065542642723753097e+00 1.109087694230242072e+01 2.750036852372387819e-01 1.255776492627579977e+01
5.084399294564534953e-04 1.272932464038120919e-03 2.087226260796342991e+00 1.102449684031292598e+01 2.795638340829996737e-01 1.086110170299298616e+01
5.524879942862302240e-04 1.318056757259057068e-03 2.107057308979400911e+00 1.095622602602301754e+01 2.839785908820102178e-01 9.429041566487272874e+00
6.003521087667933838e-04 1.365131147495693073e-03 2.125046577854127428e+00 1.088610968634896814e+01 2.882477876781335824e-01 8.216681654068551666e+00
6.523628716428002275e-04 1.414249004974240873e-03 2.141213116478746237e+00 1.081432186088751557e+01 2.923686746402596737e-01 7.187241368942923536e+00
7.088795226725114326e-04 1.465507577644061714e-03 2.155582493620410212e+00 1.074118691641392509e+01 2.963347679148017888e-01 6.310537796192202897e+00
7.702924239066075195e-04 1.519016246635344078e-03 2.168191271758386218e+00 1.066674024507122454e+01 3.001484517518476225e-01 5.561713995209210282e+00
8.370257559295208325e-04 1.574879414680946214e-03 2.179080165117786905e+00 1.059104512306570989e+01 3.038117905488921799e-01 4.920251078190593930e+00
9.095404476863061267e-04 1.633213621666706073e-03 2.188297596469011896e+00 1.051458183328676377e+01 3.073156045567270733e-01 4.369187014777760503e+00
9.883373601314406672e-04 1.694141107496585337e-03 2.195897144484875163e+00 1.043735740010571256e+01 3.106645323633769884e-01 3.894448053428886780e+00
1.073960745689102152e-03 1.757777864805438930e-03 2.201937487599218368e+00 1.035946633696953967e+01 3.138613488449772393e-01 3.484316677121003014e+00
1.167002007419511937e-03 1.824262093424581328e-03 2.206480540393933598e+00 1.028112145720478132e+01 3.169055513067712271e-01 3.129052144105838540e+00
1.268103783856008122e-03 1.893726221888294070e-03 2.209594539055077522e+00 1.020248846248524544e+01 3.197987122366031110e-01 2.820486471263975670e+00
1.377964387726930825e-03 1.966307351273186357e-03 2.211345969925403221e+00 1.012368003878767553e+01 3.225436665439151973e-01 2.551792469424761567e+00
1.497342629220684267e-03 2.042158242555069426e-03 2.211806859404965575e+00 1.004492274413606268e+01 3.251403243982822211e-01 2.317232296618672027e+00
1.627063057108419329e-03 2.121423714483723372e-03 2.211049792609155240e+00 9.966256878166342759e+00 3.275945598926733315e-01 2.111971524292412195e+00
1.768021653924888893e-03 2.204264215284191999e-03 2.209147774234993200e+00 9.887988414208928489e+00 3.299035993098570763e-01 1.931929472146091786e+00
1.921192024544261323e-03 2.290846567154081539e-03 2.206175479937105166e+00 9.810060051723292318e+00 3.320768666405150560e-01 1.773656780568064306e+00
2.087632120895552106e-03 2.381327093142390858e-03 2.202206381592009876e+00 9.732676483134348189e+00 3.341149928366652366e-01 1.634222253576661066e+00
2.268491549265462190e-03 2.475891472623390974e-03 2.197313117899861279e+00 9.656011179688015034e+00 3.360194553698681030e-01 1.511138339616624027e+00
2.465019510660366574e-03 2.574714931811495234e-03 2.191569220834552745e+00 9.580259835812650948e+00 3.377910506341558761e-01 1.402280393219381693e+00
2.678573429071748682e-03 2.677977001780877317e-03 2.185045113041152565e+00 9.505280804418555718e+00 3.394420891507463622e-01 1.305837495506675605e+00
2.910628327240746393e-03 2.785876622840493654e-03 2.177811933604512973e+00 9.431388755983663330e+00 3.409690516835390262e-01 1.220251783281449010e+00
3.162787014680473220e-03 2.898598383198450461e-03 2.169937361138486231e+00 9.358585438231548537e+00 3.423790817836291356e-01 1.144192627425295372e+00
3.436791158325043852e-03 3.016346137000824358e-03 2.161487172707405868e+00 9.287024997867099785e+00 3.436736877371878718e-01 1.076513161945175767e+00
3.734533312270627708e-03 3.139329220671085736e-03 2.152525672401031986e+00 9.216721265545519515e+00 3.448594420519378034e-01 1.016223512554886854e+00
