9.999999999999999547e-07 1.392156114532670482e-04 9.791425267637089702e-02 1.018080503805562103e+02 1.420149377482329356e-03 4.807644017411349487e+10
1.085813873412755423e-06 1.455541386066213749e-04 9.953364026998384739e-02 7.906243502108617349e+01 1.858959537943586683e-03 1.021513236577281189e+10
1.178991767695608816e-06 1.521083700399621878e-04 1.015662365785191673e-01 6.442889450687680153e+01 2.327763831309994855e-03 3.055047407210402012e+09
1.280165618003320628e-06 1.573624536623151814e-04 1.039592291181975908e-01 5.420604467016057271e+01 2.831949905482447107e-03 1.168715297416009188e+09
1.390021588294016351e-06 1.627203465064772797e-04 1.067555924721002442e-01 4.641537881866604920e+01 3.396244677981822245e-03 5.327746208863350153e+08
1.509304724912876503e-06 1.681814090046173597e-04 1.099219216125058018e-01 4.047667982961537092e+01 4.010048870955674333e-03 2.845137885288679004e+08
1.638824009517823683e-06 1.737442619151676501e-04 1.134750846041454181e-01 3.577540153309495707e+01 4.683669409454096176e-03 1.718747412120780945e+08
1.779457845616366757e-06 1.794070307539907697e-04 1.174172929593357978e-01 3.208739293702582529e+01 5.403409300541248649e-03 1.136527055074056536e+08
1.932160015923424109e-06 1.851685032411873961e-04 1.217799762042490880e-01 2.902317333441567371e+01 6.195854697502066293e-03 7.961251986671222746e+07
2.097966150943060115e-06 1.910279351339528567e-04 1.265628123068572308e-01 2.654101990839059155e+01 7.041395588384179692e-03 5.798000730601166934e+07
2.278000752644333534e-06 1.969842548724305437e-04 1.317872608174124605e-01 2.446146849780393140e+01 7.955383877069063109e-03 4.322867459379470348e+07
2.473484820865910882e-06 2.030354489642798802e-04 1.374811098636335993e-01 2.271495523771929470e+01 8.937197990038850404e-03 3.270695052316108719e+07
2.685744134172070271e-06 2.091817354946975775e-04 1.436663854615715386e-01 2.121425108073392352e+01 9.999946943525942281e-03 2.495859678669321910e+07
2.916218241320962511e-06 2.154225050751828747e-04 1.503707626744302528e-01 1.994623515420514437e+01 1.113198731244191379e-02 1.915150619525581598e+07
3.166470224325641469e-06 2.217568346374552144e-04 1.576092767149437912e-01 1.885176111086050454e+01 1.234525551955305452e-02 1.473734561203990318e+07
3.438197299321181353e-06 2.281843109982164739e-04 1.654345333775098237e-01 1.790970730149443568e+01 1.363979733977177707e-02 1.135764369799144007e+07
3.733242327133198909e-06 2.347055933874272853e-04 1.738692937542063166e-01 1.708449039234286815e+01 1.502765084999296320e-02 8.758537071029065177e+06
4.053606311612947932e-06 2.413209515408480958e-04 1.829397313021311200e-01 1.637156831344587360e+01 1.650015360748917706e-02 6.754768897973245010e+06
4.401461970502838594e-06 2.480298646535361953e-04 1.927065300579899054e-01 1.575140999263899211e+01 1.806538537901912836e-02 5.206938027727096342e+06
4.779168470870626303e-06 2.548340457113108283e-04 2.031944047752075877e-01 1.520165958111625848e+01 1.973744700881138736e-02 4.011664958368798718e+06
5.189287429048150064e-06 2.617348167795608815e-04 2.144466724327860618e-01 1.472255649632949748e+01 2.150831147620535858e-02 3.088441177969060373e+06
5.634600283586879150e-06 2.687332890789950659e-04 2.265100564797293825e-01 1.430151206922827178e+01 2.338706735617218299e-02 2.375775259672085755e+06
6.118127159054079530e-06 2.758308271900184339e-04 2.394309938651809633e-01 1.392708515395808178e+01 2.538577183308670174e-02 1.826089916428837227e+06
6.643147348604273510e-06 2.830305682039108758e-04 2.532580819945892681e-01 1.360012224805281633e+01 2.749734333675026357e-02 1.402350791517502861e+06
7.213221554239682239e-06 2.903351972340572837e-04 2.680484170698450574e-01 1.331548785170152271e+01 2.972531045977415756e-02 1.076125339969742810e+06
7.832216035593366049e-06 2.977468410412609321e-04 2.838401373961940699e-01 1.306163658303067088e+01 3.208828064136126645e-02 8.251642632875588024e+05
8.504328831013110502e-06 3.052697505153574836e-04 3.006960854505984493e-01 1.284031420720510752e+01 3.457979053140899928e-02 6.322975735091058305e+05
9.234118228778114828e-06 3.129083735591950042e-04 3.186673340206214178e-01 1.264761524300672413e+01 3.720481392142598043e-02 4.842209052315818844e+05
1.002653368154087813e-05 3.206671076207113450e-04 3.378080112446814054e-01 1.247392840895620658e+01 3.998866748257216136e-02 3.706354312540422543e+05
1.088694937365735449e-05 3.285503242195143988e-04 3.581716299779186263e-01 1.232755209002612062e+01 4.290269481298349813e-02 2.835784725939978962e+05
1.182120066905946446e-05 3.365649929401857737e-04 3.798219409358100651e-01 1.220006099711704195e+01 4.597145842055276599e-02 2.169017099345237366e+05
1.283562368686088631e-05 3.447176467574038987e-04 4.027979560084762878e-01 1.209040746589191606e+01 4.919450053297324404e-02 1.658735612687866378e+05
1.393709827309893167e-05 3.530146366923875788e-04 4.271600381754694364e-01 1.199600954707568512e+01 5.258041977419287971e-02 1.268412872743364278e+05
1.513309466004774355e-05 3.614643420807811080e-04 4.529572779885311928e-01 1.191861888157377791e+01 5.611791727458782797e-02 9.699963976369905868e+04
1.643172412954832542e-05 3.700761470304967716e-04 4.802296057913650884e-01 1.185286398041402123e+01 5.982681251651682935e-02 7.419376959625404561e+04
1.784179402395470442e-05 3.788597143301645175e-04 5.090276938629414438e-01 1.179835834392247840e+01 6.370742672807663820e-02 5.676904297865532862e+04
1.937286747778276953e-05 3.878245314238849242e-04 5.393779011866582929e-01 1.175587162272908870e+01 6.774988295382258774e-02 4.345743872597864538e+04
2.103532827516330645e-05 3.969837582534270644e-04 5.713202855110950384e-01 1.172276265735852974e+01 7.196476430792426993e-02 3.328825598260886181e+04
2.284045127296388067e-05 4.063503761616995376e-04 6.048885987469434511e-01 1.169944198718746620e+01 7.634497997817761561e-02 2.551881581947796076e+04
2.480047886719221006e-05 4.159378737000434781e-04 6.400563868943195400e-01 1.168154529184576518e+01 8.090738665029192922e-02 1.958122940306192686e+04
2.692870402127715878e-05 4.257619205110864413e-04 6.768713538427046927e-01 1.167096104233021236e+01 8.563863770994782632e-02 1.504184181289628577e+04
2.923956041932853364e-05 4.358404229886296923e-04 7.153125955902926991e-01 1.166668076725180470e+01 9.053547675290032903e-02 1.156952971169575358e+04
3.174872035579733926e-05 4.461922503305065270e-04 7.553624377183539851e-01 1.166829385491364057e+01 9.559127665514946526e-02 8.911643870312216677e+03
3.447320102542670591e-05 4.568366833111952934e-04 7.969942601491075695e-01 1.167358559031452536e+01 1.008140720112817162e-01 6.875510409330878247e+03
3.743147993435514407e-05 4.677978822458041296e-04 8.401640808484343026e-01 1.168280406821716610e+01 1.061908879262853933e-01 5.314132158803148741e+03
4.064362021509390643e-05 4.791010050285676833e-04 8.848117412240010804e-01 1.169513776758074819e+01 1.117161009713111552e-01 4.115463583884347827e+03
4.413140669526808093e-05 4.907730798649995001e-04 9.308696817863106876e-01 1.171079477543874070e+01 1.173742284264340657e-01 3.194076267551949513e+03
4.791849364294254691e-05 5.028442435334902613e-04 9.782327212895824964e-01 1.172630146578888244e+01 1.231831670332287493e-01 2.484778947206916655e+03
5.203056519054794274e-05 5.153490738008004472e-04 1.026808892642541604e+00 1.174368219082589526e+01 1.291087173096007457e-01 1.937903985127808483e+03
5.649550952540374196e-05 5.283247752209997445e-04 1.076470231569511826e+00 1.176245461539492965e+01 1.351370078581372591e-01 1.515509487735447692e+03
6.134360802820573147e-05 5.418112702713982591e-04 1.127077269828890671e+00 1.178035605605775338e+01 1.412750628970217692e-01 1.188637308969164451e+03
6.660774064221985750e-05 5.558552868786726829e-04 1.178474374317628026e+00 1.179929436902312467e+01 1.474804120413382991e-01 9.351642210863998343e+02
7.232360886600080856e-05 5.705078633215986085e-04 1.230489394941785886e+00 1.181662537143038527e+01 1.537639910931476728e-01 7.381701541792331227e+02
7.852997788198145114e-05 5.858251181770101658e-04 1.282937788973490090e+00 1.183167077154183566e+01 1.601141654463442421e-01 5.847079881070435476e+02
8.526893946305228475e-05 6.018694435363076099e-04 1.335618971732875471e+00 1.184572089083094681e+01 1.664912135212335276e-01 4.648552574316346409e+02
9.258619744017436903e-05 6.187124103896928179e-04 1.388322182474730493e+00 1.185714565581474567e+01 1.728941675723491000e-01 3.710016033584315096e+02
1.005313776670738738e-04 6.364329471672317256e-04 1.440827392467470602e+00 1.186597818198812604e+01 1.792993214925421575e-01 2.973001029152455885e+02
1.091583645842059385e-04 6.551186642382427492e-04 1.492906153136565273e+00 1.187192076707972532e+01 1.856871085392963749e-01 2.392531184774098278e+02
1.185256666645782722e-04 6.748699051210830429e-04 1.544323999585943019e+00 1.187477060315877431e+01 1.920363430103371738e-01 1.933945907955619532e+02
1.286968132198946927e-04 6.957995073901965732e-04 1.594845528110623523e+00 1.187346221911457356e+01 1.983405372769945219e-01 1.570492119404553364e+02
1.397407852581716251e-04 7.180344029335506643e-04 1.644230556359912221e+00 1.186846738426419989e+01 2.045682873483228303e-01 1.281477241874535764e+02
1.517324833149152603e-04 7.417179749910983010e-04 1.692246209399323131e+00 1.185922784754568582e+01 2.107062276725883143e-01 1.050868021116713749e+02
1.647532354307044045e-04 7.670150917356075146e-04 1.738660127827512225e+00 1.184565319542076622e+01 2.167334359415138967e-01 8.662153949678979359e+01
1.788913487202965953e-04 7.941124543523489596e-04 1.783248700093923222e+00 1.182755540036669295e+01 2.226317807984491137e-01 7.178290521241957833e+01
1.942427082740170064e-04 8.232230982309356355e-04 1.825799063186170690e+00 1.180490146257669082e+01 2.283814619153425873e-01 5.981499764143912756e+01
2.109114274531940841e-04 8.545921381418420879e-04 1.866108099321506009e+00 1.177729704686887757e+01 2.339706620103398915e-01 5.012663040261654146e+01
2.290105539899657766e-04 8.885013826185488061e-04 1.903988262310437607e+00 1.174491933533596111e+01 2.393781263604957688e-01 4.225439274962212721e+01
2.486628366802456740e-04 9.252756128745127841e-04 1.939267321197637006e+00 1.170772448679566047e+01 2.445881546386845795e-01 3.583401929126589636e+01
2.700015578695806823e-04 9.652914117994275227e-04 1.971790095585015612e+00 1.166566182475018820e+01 2.495867542459515032e-01 3.057844748375726951e+01
2.931714373778473211e-04 1.008985899651809433e-03 2.001421595566748479e+00 1.161876287167819122e+01 2.543600656188860776e-01 2.626076515338719730e+01
3.183296139932251397e-04 1.056868644761653443e-03 2.028046130496997890e+00 1.156733331959764044e+01 2.588897249898525210e-01 2.270119719515475509e+01
3.456467111919707294e-04 1.109537245527801065e-03 2.051568759930161523e+00 1.151101478274849832e+01 2.631738298736162607e-01 1.975683322782888496e+01
3.753079943117333347e-04 1.167694006522535270e-03 2.071918619216774893e+00 1.145053256631805461e+01 2.671881801660321853e-01 1.731384957145617776e+01
4.075146270263955831e-04 1.232165664417400781e-03 2.089044777106772610e+00 1.138576997292756765e+01 2.709290526338630212e-01 1.528125896810548312e+01
4.424850356438844398e-04 1.303933214224824036e-03 2.102921337310510452e+00 1.131681921087671761e+01 2.743903822242572677e-01 1.358619565021517062e+01
4.804563904796668120e-04 1.384171685589867008e-03 2.113546848391278932e+00 1.124425826326612032e+01 2.775564356239575425e-01 1.217015334354592326e+01
5.216862143526377910e-04 1.474276423166382636e-03 2.120943659966241235e+00 1.116831101719549579e+01 2.804218612206859085e-01 1.098606566261148032e+01
5.664541291122741299e-04 1.575929314209464872e-03 2.125160766220516084e+00 1.108939114459774267e+01 2.829790748650656829e-01 9.996005783796002575e+00
6.150637520420468036e-04 1.691170392213832896e-03 2.126272557591487811e+00 1.100784308541305556e+01 2.852245732024565883e-01 9.169391480189720056e+00
6.678447550005573103e-04 1.822483961290071158e-03 2.124382101508766052e+00 1.092424588369629390e+01 2.871517068074196932e-01 8.481544951785426889e+00
7.251551002655470639e-04 1.972892614439134950e-03 2.119622726956817971e+00 1.083931416870615116e+01 2.887533279903912176e-01 7.912587445947912634e+00
7.873834682443479243e-04 2.146129088844434072e-03 2.112157319949506729e+00 1.075345936606647079e+01 2.900335906888329429e-01 7.446539528322224655e+00
8.549518935155637914e-04 2.346855188202461549e-03 2.102184985105789217e+00 1.066743833582804690e+01 2.909919827977907048e-01 7.070567820486362898e+00
9.283186270797029677e-04 2.580850451640270306e-03 2.089941199382336467e+00 1.058232780693907138e+01 2.916238854221138710e-01 6.774506748241963194e+00
1.007981244230622513e-03 2.855401820130779294e-03 2.075699172454566366e+00 1.049874944727562998e+01 2.919423340251883769e-01 6.550206086283605345e+00
1.094480019125460869e-03 3.179794517349859677e-03 2.059773343534372803e+00 1.041757488392216757e+01 2.919597865881611298e-01 6.391258881358961474e+00
1.188401588939481989e-03 3.565981586735543149e-03 2.042524878962981738e+00 1.034001542392330464e+01 2.916865498905476528e-01 6.292473589153586566e+00
1.290382932456250742e-03 4.029312220032905262e-03 2.024359913248756637e+00 1.026722682348207805e+01 2.911419639010446314e-01 6.249531490224505603e+00
1.401115690076030259e-03 4.589944051387006944e-03 2.005725214482638297e+00 1.020023516917753881e+01 2.903564544223235511e-01 6.258558821185026488e+00
1.521350854540838571e-03 5.274742998253454523e-03 1.987110263396136833e+00 1.013995430147043031e+01 2.893717986756240701e-01 6.315478356623288825e+00
1.651903864188791629e-03 6.119556527424752264e-03 1.969031510004230157e+00 1.008767723372425884e+01 2.882250499299788826e-01 6.415617691976239989e+00
1.793660133280330221e-03 7.173084886569261291e-03 1.952018346264565052e+00 1.004392397024435546e+01 2.869793936070377249e-01 6.552854157332953733e+00
1.947581056903152424e-03 8.502723013322860401e-03 1.936584915466466938e+00 1.000955601242643134e+01 2.856879781846375366e-01 6.719235392081700731e+00
2.114710531181317795e-03 1.020372106670334490e-02 1.923194753010678326e+00 9.984385124689794111e+00 2.844278876257513855e-01 6.904417834338211435e+00
2.296182033008729775e-03 1.241096892231988505e-02 1.912212597660138735e+00 9.968368051407098918e+00 2.832581050255336685e-01 7.095954975979269719e+00
2.493226307321981961e-03 1.532175251892868226e-02 1.903857501365968874e+00 9.960562699911562845e+00 2.822414540782105519e-01 7.279957837499230422e+00
2.707179714047859131e-03 1.923162874679953255e-02 1.898152609523118040e+00 9.959467927967995848e+00 2.814266518918676629e-01 7.442767486068889937e+00
2.939493291334741541e-03 2.459123729376096190e-02 1.894894476386543847e+00 9.963279722207669664e+00 2.808361052347949083e-01 7.573289514859264493e+00
3.191742596534981585e-03 3.210570107369420390e-02 1.893665870304707122e+00 9.969694247526446063e+00 2.804734440790241368e-01 7.665271140742516920e+00
3.465638391680130222e-03 4.291570956622375865e-02 1.893885288580140269e+00 9.977196917607237481e+00 2.802950070683470907e-01 7.718864723771237557e+00
