9.999999999999999547e-07 1.344667316367625909e-04 9.821592716999710815e-02 9.756542137826681937e+01 1.486470282601754650e-03 3.662319834212065887e+10
1.087331661819886520e-06 1.386231158902372844e-04 1.003575261676252911e-01 7.360925028602775910e+01 2.013204015308621767e-03 6.624410040386709213e+09
1.182290142795998702e-06 1.431424840877300721e-04 1.031794577094900800e-01 5.847263252526656885e+01 2.605618500417938074e-03 1.761452921561893225e+09
1.285541505719644184e-06 1.480565362202857101e-04 1.065582256176873799e-01 4.831431849164344072e+01 3.256727019198317908e-03 6.432916437205727100e+08
1.397809981752579964e-06 1.533153492041322769e-04 1.103869218408105174e-01 4.124268367003058700e+01 3.952218447896559649e-03 3.047674544936838150e+08
1.519883050367461290e-06 1.586864057020671067e-04 1.146524741445846263e-01 3.593998362277462633e+01 4.710595264897678158e-03 1.724179930072043836e+08
1.652616962927930075e-06 1.641584738303061776e-04 1.193250653788419241e-01 3.190304644658714395e+01 5.522932811044922556e-03 1.103139735340147763e+08
1.796942748652160271e-06 1.697292443111649680e-04 1.244149826668966841e-01 2.877911206387556220e+01 6.383597972460332282e-03 7.606977070399706066e+07
1.953872745087148007e-06 1.753951412150313782e-04 1.299424412058448886e-01 2.623099049995175136e+01 7.314869227870128901e-03 5.483746281481748074e+07
2.124507698900196888e-06 1.811546900728067523e-04 1.359027747666460006e-01 2.414896378958449219e+01 8.309981533096404832e-03 4.061209780370919406e+07
2.310044486794294266e-06 1.870038863943773700e-04 1.423492084975290783e-01 2.246575934512413752e+01 9.356301094010746264e-03 3.057081621031834185e+07
2.511784510703906996e-06 1.929420209530526714e-04 1.492839436404909959e-01 2.101704052385077759e+01 1.048846112252152171e-02 2.323610993866514042e+07
2.731142826157135746e-06 1.989655643574970176e-04 1.567442949294020893e-01 1.981780379064509390e+01 1.167902137744511286e-02 1.776583937227172405e+07
2.969658067832899945e-06 2.050738510604689039e-04 1.647612068804367169e-01 1.876686727354714890e+01 1.296383267812946903e-02 1.362855020690769516e+07
3.229003241933580788e-06 2.112644520340050780e-04 1.733769292580875088e-01 1.787650141667329606e+01 1.432118695065756273e-02 1.047525753174673021e+07
3.510997461073448696e-06 2.175366305607792628e-04 1.826120932942555120e-01 1.710836250770704225e+01 1.576127425125513001e-02 8.058326605616136454e+06
3.817618703994395784e-06 2.238893056650876256e-04 1.925250031795665007e-01 1.643755537440370063e+01 1.729498323605013071e-02 6.200015244357033633e+06
4.151017689608908107e-06 2.303217398343135151e-04 2.031506347072919993e-01 1.584353861516584594e+01 1.893373227631751921e-02 4.768745669886987656e+06
4.513532962686209338e-06 2.368343739929899003e-04 2.145427862839447697e-01 1.533655057854830517e+01 2.065648682524290694e-02 3.665769827537117526e+06
4.907707296996432442e-06 2.434265454812992190e-04 2.267494772104564904e-01 1.488940754547113166e+01 2.248739311398625235e-02 2.815685433032548521e+06
5.336305530968714731e-06 2.501003807591541941e-04 2.398269060740660652e-01 1.449633709496070644e+01 2.442923461204630706e-02 2.160646296870096587e+06
5.802333960966864249e-06 2.568553765459782694e-04 2.538228903937664316e-01 1.414486479596457080e+01 2.649733641996557601e-02 1.656393018433396006e+06
6.309061428212078972e-06 2.636952189498467398e-04 2.687901559328950141e-01 1.383660740545087009e+01 2.868494197161498491e-02 1.268569585286118556e+06
6.860042247261586653e-06 2.706205149115715049e-04 2.847963445355221057e-01 1.357074704524927178e+01 3.098852394310916414e-02 9.705586822226194199e+05
7.459141136869585636e-06 2.776356900059390306e-04 3.019025233790748608e-01 1.333091880139233076e+01 3.344081820348979855e-02 7.418272057512558531e+05
8.110560328101485545e-06 2.847432464197639963e-04 3.201752620332257715e-01 1.312441302937196497e+01 3.602285411941850285e-02 5.665013139556129463e+05
8.818869039845032669e-06 2.919481265124480233e-04 3.396641040359869024e-01 1.294331878903901689e+01 3.875022601651710585e-02 4.322539284199322574e+05
9.589035528466647530e-06 2.992550335332871568e-04 3.604411798852025228e-01 1.278763498167991308e+01 4.162118172306725206e-02 3.295856228753605392e+05
1.042646193641759574e-05 3.066695792200239143e-04 3.825713851548405708e-01 1.265254864225487452e+01 4.464827688623310142e-02 2.511481975845169218e+05
1.133702218422673722e-05 3.141988866158075349e-04 4.061139237296803595e-01 1.253304769549079722e+01 4.784773920395894720e-02 1.912836193933322502e+05
1.232710317166420243e-05 3.218494361097626430e-04 4.311360124763892743e-01 1.243613142523910220e+01 5.119166235286581879e-02 1.456388659834807331e+05
1.340364957707083359e-05 3.296310307706921353e-04 4.576910673062001833e-01 1.235220580163626991e+01 5.471396050378714987e-02 1.108632257339078205e+05
1.457421256908784865e-05 3.375512811622761403e-04 4.858333557644356482e-01 1.228223118686004156e+01 5.840907062192246535e-02 8.438685977093482506e+04
1.584700277246257015e-05 3.456227322025826553e-04 5.156222916014980839e-01 1.222672087285665299e+01 6.227187206734514924e-02 6.424110358781146351e+04
1.723094785944607606e-05 3.538552451091930124e-04 5.470939713458411457e-01 1.218199511347024355e+01 6.631530069646661418e-02 4.891871760765869112e+04
1.873575517074335786e-05 3.622635670701923822e-04 5.802895863881046834e-01 1.214980423304668022e+01 7.052542820419957503e-02 3.726845948484601831e+04
2.037197980525490721e-05 3.708610278078629989e-04 6.152406304077087107e-01 1.212314574917604482e+01 7.493762365400609415e-02 2.841121756036272564e+04
2.215109865620903479e-05 3.796645925981129849e-04 6.519689833211085306e-01 1.210694365778306114e+01 7.951748742231647127e-02 2.167724714078459510e+04
2.408559091299202753e-05 3.886918291908324609e-04 6.904805244542444598e-01 1.209910034205620200e+01 8.426914547331450234e-02 1.655660197160115786e+04
2.618902559333758189e-05 3.979626026491082653e-04 7.307719094826216066e-01 1.209643860952595951e+01 8.920610028664099911e-02 1.266130540694901356e+04
2.847615671984729427e-05 4.074995071571238829e-04 7.728231130141116623e-01 1.209949192822942088e+01 9.431552857578442972e-02 9.696556628178921528e+03
3.096302680843515269e-05 4.173262188648587810e-04 8.166056178290793666e-01 1.210817621901173347e+01 9.958727877423184660e-02 7.438428495611338803e+03
3.366707939458948954e-05 4.274713976744169567e-04 8.620646247783794180e-01 1.212058864732206942e+01 1.050234659831802975e-01 5.716936220099354614e+03
3.660728138674112776e-05 4.379637558900202621e-04 9.091276036732793830e-01 1.213585976827797808e+01 1.106176759810404420e-01 4.403127572033735305e+03
3.980425610495343406e-05 4.488391915196695658e-04 9.577135484751932992e-01 1.215451359837313738e+01 1.163505076430646490e-01 3.399178428971453286e+03
4.328042793810338225e-05 4.601337431460707705e-04 1.007711759141794117e+00 1.217471375819750357e+01 1.222215542619248529e-01 2.630877031100485965e+03
4.706017963421380137e-05 4.718915842902238959e-04 1.058987805983719444e+00 1.219590727361613780e+01 1.282174338452339579e-01 2.041939545755340760e+03
5.117002332721218440e-05 4.841591224330201674e-04 1.111395780236984487e+00 1.221746017091058079e+01 1.343253703535496335e-01 1.589658687891065938e+03
5.563878649973998770e-05 4.969907951847199338e-04 1.164760742333944776e+00 1.223951484609506224e+01 1.405214932370717207e-01 1.241618170741036238e+03
6.049781418640414902e-05 5.104465914924132203e-04 1.218892766561777918e+00 1.226024358405733850e+01 1.468035764485469130e-01 9.731951765088962247e+02
6.578118883577366370e-05 5.245948343605137025e-04 1.273578197216063135e+00 1.228050259189535254e+01 1.531368500267173416e-01 7.656794559953774524e+02
7.152596937328955552e-05 5.395132457546071309e-04 1.328585774395989683e+00 1.229825819772197981e+01 1.595203986741970115e-01 6.048330647402386830e+02
7.777245114193724368e-05 5.552891187388996150e-04 1.383666420290166732e+00 1.231320459697343139e+01 1.659321500535063110e-01 4.798156232483726740e+02
8.456444854396856785e-05 5.720237183029861644e-04 1.438557776145203526e+00 1.232562691826077739e+01 1.723409672077179933e-01 3.823599982545821945e+02
9.194960236619581962e-05 5.898305449605177478e-04 1.492983094095060359e+00 1.233475400991525461e+01 1.787288381448126073e-01 3.061538075788347442e+02
9.997971394451346614e-05 6.088425583458413051e-04 1.546656949969757111e+00 1.234017582591648754e+01 1.850729232661807167e-01 2.463696272210946461e+02
1.087111085115648288e-04 6.292102142095581333e-04 1.599283859176578115e+00 1.234088592040600929e+01 1.913592461668575107e-01 1.993086684472384320e+02
1.182050302761619324e-04 6.511097725504562004e-04 1.650568040661708702e+00 1.233738300689814338e+01 1.975516309278805838e-01 1.621325460562139540e+02
1.285280720056491510e-04 6.747441087573792040e-04 1.700210053355389217e+00 1.232843274138669187e+01 2.036408704253770963e-01 1.326580740016379139e+02
1.397526421244086985e-04 7.003505652707353590e-04 1.747914978209399894e+00 1.231450920070574639e+01 2.095913868723768003e-01 1.092024486252093851e+02
1.519574726048533459e-04 7.282064603290846518e-04 1.793394471561652770e+00 1.229516926598715543e+01 2.153830634132280764e-01 9.046574936304460834e+01
1.652281712133850877e-04 7.586378957496793399e-04 1.836368183032127011e+00 1.227002067770690275e+01 2.209961459933028061e-01 7.544132138841500534e+01
1.796578219849109413e-04 7.920296982184080875e-04 1.876569443395076364e+00 1.223903308438231541e+01 2.264059138069721977e-01 6.334777928515521950e+01
1.953476381377945714e-04 8.288394343194383212e-04 1.913750362229054813e+00 1.220224947482405753e+01 2.315877701050194637e-01 5.357687904800364009e+01
2.124076720089582333e-04 8.696106539469499125e-04 1.947679802796061566e+00 1.215934147444272106e+01 2.365253755267318347e-01 4.565394507770067634e+01
2.309575869887941916e-04 9.149998724007092892e-04 1.978152412412284900e+00 1.211086461981900264e+01 2.411875220424765931e-01 3.920755018132781800e+01
2.511274968704366368e-04 9.657912094548878109e-04 2.004986254328273709e+00 1.205615368143893562e+01 2.455686140987884403e-01 3.394632025024831279e+01
2.730588785008004936e-04 1.022948286164151272e-03 2.028030917207074513e+00 1.199587410046401104e+01 2.496392720173337687e-01 2.964113364874625489e+01
2.969055641349499400e-04 1.087632779771094101e-03 2.047168954474113178e+00 1.193025504992421304e+01 2.533810861927241476e-01 2.611134374906948707e+01
3.228348204544263279e-04 1.161290773929443037e-03 2.062318811613151670e+00 1.185944762145647680e+01 2.567802261148010579e-01 2.321432802345684721e+01
3.510285218180364541e-04 1.245697811947247538e-03 2.073440014335460990e+00 1.178403795286626732e+01 2.598170084595027851e-01 2.083722055932329553e+01
3.816844259745839213e-04 1.343085810204418685e-03 2.080537308017882836e+00 1.170432302041383288e+01 2.624819500323348209e-01 1.889080106832323480e+01
4.150175611857142731e-04 1.456258391007360159e-03 2.083667599410253590e+00 1.162130641785975271e+01 2.647547260433293359e-01 1.730440637921303093e+01
4.512617344884995905e-04 1.588777891719215813e-03 2.082944041390018430e+00 1.153550466847098832e+01 2.666313664998644084e-01 1.602235819819637186e+01
4.906711716771047479e-04 1.745239196051308426e-03 2.078544780223911648e+00 1.144809446198498115e+01 2.680997544108553732e-01 1.500082852575801695e+01
5.335223005067776976e-04 1.931557218953149427e-03 2.070724407166973702e+00 1.136010485548303883e+01 2.691598003524787175e-01 1.420541718356069794e+01
5.801156896280040874e-04 2.155595534469899929e-03 2.059818369195501209e+00 1.127294463406927605e+01 2.698123271805506485e-01 1.360932925089812606e+01
6.307781568510072503e-04 2.427652877119001323e-03 2.046254339647448628e+00 1.118824973829599045e+01 2.700646223143421398e-01 1.319160483490633773e+01
6.858650615284915238e-04 2.761873891498393095e-03 2.030563315372632793e+00 1.110718813996332166e+01 2.699495716166057657e-01 1.293532875322194364e+01
7.457627971359734060e-04 3.177290126633514154e-03 2.013377143573312988e+00 1.103213519834087286e+01 2.694857427696111252e-01 1.282617214834081487e+01
8.108915015333057700e-04 3.700811875903999536e-03 1.995431323359138975e+00 1.096458954429392740e+01 2.687290653681913000e-01 1.285009695067132007e+01
8.817080039178334331e-04 4.370218157262266076e-03 1.977549531464505961e+00 1.090636319128257092e+01 2.677427064471445406e-01 1.299111320254288060e+01
9.587090291398728866e-04 5.240639936896637589e-03 1.960598279011921852e+00 1.085934597496822818e+01 2.665969535190446105e-01 1.322936763075650646e+01
1.042434681856389128e-03 6.393538086935890603e-03 1.945438906035854343e+00 1.082386740626087018e+01 2.654027194034671577e-01 1.353779342912925543e+01
1.133472234961592452e-03 7.952806950634107655e-03 1.932820389839381647e+00 1.080009410949160475e+01 2.642616812313207664e-01 1.388240278108797554e+01
1.232460248867490527e-03 1.011305222156972175e-02 1.923272989400423905e+00 1.078754501457797232e+01 2.632622243738936829e-01 1.422367563364808518e+01
1.340093050528040836e-03 1.318680515648730858e-02 1.916979906676364864e+00 1.078418068303223443e+01 2.624826730565828492e-01 1.452210974023756762e+01
1.457125603623935861e-03 1.770288714030308908e-02 1.913707709643028609e+00 1.078718398161911729e+01 2.619616731370554841e-01 1.474681590833436218e+01
1.584378804068721329e-03 2.457413517219168148e-02 1.912799744843521443e+00 1.079335062885160390e+01 2.616877870282700025e-01 1.488465487979146396e+01
1.722745237980248924e-03 3.549362435846185881e-02 1.913332175775208643e+00 1.079959604799076800e+01 2.616092517707819809e-01 1.494393476548547817e+01
1.873195442505360070e-03 5.368836038872181610e-02 1.914368813091569033e+00 1.080408139671471446e+01 2.616423240796810212e-01 1.494960734750047671e+01
2.036784713412793067e-03 8.584460265428599246e-02 1.915232711605233673e+00 1.080613392836665554e+01 2.617106764662998075e-01 1.493229217549632715e+01
2.214660507204476141e-03 1.465793136570850419e-01 1.915667206193621075e+00 1.080674794115971338e+01 2.617551756900668436e-01 1.491475337424045300e+01
2.408070489665516036e-03 2.709551021577448204e-01 1.915759264559853348e+00 1.080654297262826447e+01 2.617727194378806632e-01 1.490659130533224719e+01
2.618371287307436068e-03 5.509131287549987599e-01 1.915723184717950112e+00 1.080641745022654909e+01 2.617708299996452381e-01 1.490530968833735770e+01
2.847038003089470172e-03 1.256475340410167840e+00 1.915693813103024334e+00 1.080635580113941607e+01 2.617683099151239534e-01 1.490603817990282920e+01
3.095674563163648176e-03 3.295048101335276591e+00 1.915689122133189759e+00 1.080621001242674417e+01 2.617712004809435444e-01 1.490639502125229576e+01
3.366024967218284644e-03 1.021211410782739293e+01 1.915693430827742683e+00 1.080639071703961029e+01 2.617674118952671436e-01 1.490626063428399206e+01
3.659985521332686804e-03 3.891392981972420984e+01 1.915698434085781887e+00 1.080627621741378697e+01 2.617708691645588837e-01 1.490607031414817918e+01
3.979618139147398335e-03 1.892264804147733344e+02 1.915742012282734219e+00 1.080635125583235201e+01 2.617750061562819641e-01 1.490604645146896523e+01
