9.999999999999999547e-07 1.399423346211635920e-04 9.786546954422922773e-02 1.021996802885283842e+02 1.414002515146451462e-03 4.942201177918637085e+10
1.085548984799620751e-06 1.466052198600033144e-04 9.941389502761688313e-02 7.977585948880781075e+01 1.840118674875889076e-03 1.081791216786474609e+10
1.178416598399484965e-06 1.528338310737737153e-04 1.013533757780648442e-01 6.536619259806653304e+01 2.289577054795147257e-03 3.322500281783576965e+09
1.279228942063583297e-06 1.581022730062710171e-04 1.036747903672366189e-01 5.484882894174715773e+01 2.791104142892907990e-03 1.253463544986674786e+09
1.388665679383412907e-06 1.634533730157101256e-04 1.063748321910494427e-01 4.702737383447078656e+01 3.340091744627297649e-03 5.698506338228107691e+08
1.507464618480739634e-06 1.688855422265013494e-04 1.094620528030326445e-01 4.096821737747051628e+01 3.945361082043173998e-03 3.016302231290266514e+08
1.636426686213114488e-06 1.743969033544580795e-04 1.129256013636690675e-01 3.626200034941332007e+01 4.598443865231571955e-03 1.810076812120783627e+08
1.776421327917650525e-06 1.799855199741862860e-04 1.167935146391246570e-01 3.246629568461256099e+01 5.311977455050407790e-03 1.186749593633206338e+08
1.928392369097399672e-06 1.856487869753867487e-04 1.210793341660944406e-01 2.933342157947877737e+01 6.095053683506231230e-03 8.267934071124680340e+07
2.093364378569013757e-06 1.913855887911349322e-04 1.257929004180269039e-01 2.679583645423961613e+01 6.932007874478905533e-03 5.997327487940918654e+07
2.272449575971282083e-06 1.971945324617828724e-04 1.309610194361643942e-01 2.464744725404819903e+01 7.845856058573373593e-03 4.457047903489480913e+07
2.466855330203953677e-06 2.030742282090165448e-04 1.366124069440767808e-01 2.287712278121076181e+01 8.817774233310213608e-03 3.363859828660672158e+07
2.677892299350429741e-06 2.090226219470125871e-04 1.427671043235424764e-01 2.131884691025348388e+01 9.888596933773296030e-03 2.560398613322270289e+07
2.906983266962581308e-06 2.150393433166912505e-04 1.494671809383308902e-01 2.004431523812271720e+01 1.101095161441461093e-02 1.959636226227279380e+07
3.155672734280708947e-06 2.211237495972245056e-04 1.567374451432213822e-01 1.891538437571369258e+01 1.223567203086691965e-02 1.503936037525766529e+07
3.425637333058267054e-06 2.272752594658931425e-04 1.645990803616504128e-01 1.794413837707286774e+01 1.354487588307477786e-02 1.155889387552280724e+07
3.718697129193082148e-06 2.334926333103434510e-04 1.731109712738449768e-01 1.711921924262534134e+01 1.493175564634330321e-02 8.886862573268525302e+06
4.036827893372806627e-06 2.397764900408746894e-04 1.823057426021125749e-01 1.638793578337533319e+01 1.642654889076088434e-02 6.830322198496974073e+06
4.382174421461641864e-06 2.461271791661880266e-04 1.922189490084894592e-01 1.575588221369534914e+01 1.801456202408534268e-02 5.246993933201365173e+06
4.757064994432541205e-06 2.525451692047205087e-04 2.029174404043805058e-01 1.520098836075137605e+01 1.971141420454202570e-02 4.026821340940571390e+06
5.164027075332059027e-06 2.590302823490590553e-04 2.144257128822776304e-01 1.471383464840415556e+01 2.151895743139058820e-02 3.087737535961044487e+06
5.605804349104471532e-06 2.655843603901583867e-04 2.267926172869974555e-01 1.428640636397814845e+01 2.344100075942974828e-02 2.365057030430513900e+06
6.085375220155645380e-06 2.722089839718144755e-04 2.400855439469620767e-01 1.391049754290139795e+01 2.548552486923540139e-02 1.809718031551453751e+06
6.605972892364730132e-06 2.789059170623150574e-04 2.543503869849544352e-01 1.358390959937347908e+01 2.764889982905048907e-02 1.383316222385260276e+06
7.171107166920332418e-06 2.856763028661858054e-04 2.696518453691727490e-01 1.330142028713727775e+01 2.993474863065368266e-02 1.056370992634989321e+06
7.784588104939652630e-06 2.925234624284965275e-04 2.860416486891888543e-01 1.304729720322026409e+01 3.237270221419590727e-02 8.059640106792442966e+05
8.450551714400443296e-06 2.994504800092291294e-04 3.035900778286895196e-01 1.283553379458581389e+01 3.492559986127921623e-02 6.143940562522544060e+05
9.173487834564077404e-06 3.064607055378551796e-04 3.223441404063656091e-01 1.264277540683195866e+01 3.764849258207700333e-02 4.680202322069500224e+05
9.958270405882705019e-06 3.135569189174390397e-04 3.423858917922569245e-01 1.248005503631604540e+01 4.051068581193265072e-02 3.562852442542525823e+05
1.081019032946607843e-05 3.207442495443694119e-04 3.637600005719621721e-01 1.233817671197188304e+01 4.353456314659023135e-02 2.710916095165171428e+05
1.173499113764255646e-05 3.280276456806217574e-04 3.865364364486348348e-01 1.221815402699490072e+01 4.671486281356714704e-02 2.061855702900052420e+05
1.273890771610042396e-05 3.354124381897272806e-04 4.107820212367652157e-01 1.211569688177579884e+01 5.006488964287782867e-02 1.567758057558070577e+05
1.382870833866884328e-05 3.429034811111094272e-04 4.365534586631011349e-01 1.203221626135149691e+01 5.357498267176319384e-02 1.191903645803768304e+05
1.501174029813201268e-05 3.505081860554889127e-04 4.639132043306901099e-01 1.196248656736597304e+01 5.726450432972726018e-02 9.061471831242935150e+04
1.629597944071273024e-05 3.582338925273308074e-04 4.929217750010593257e-01 1.190772777482992772e+01 6.112506601109494314e-02 6.889935364055022364e+04
1.769008393818119582e-05 3.660884989163563441e-04 5.236187393957719705e-01 1.186492410570303946e+01 6.516590804329402964e-02 5.240353297577318153e+04
1.920345266011267639e-05 3.740795893262367170e-04 5.560587619384016467e-01 1.183191297846182088e+01 6.939624260139121148e-02 3.987463232187282847e+04
2.084628853983285174e-05 3.822175833506739895e-04 5.902790703586365817e-01 1.181173396664648401e+01 7.379279545030816012e-02 3.035938689727107339e+04
2.262966736125552106e-05 3.905130251236688175e-04 6.263127458926697200e-01 1.179841488468184885e+01 7.838587690817727660e-02 2.313240450718368447e+04
2.456561243036404406e-05 3.989772922677174726e-04 6.641811042922072250e-01 1.179422999997415644e+01 8.315476838347543587e-02 1.764211651803636778e+04
2.666717563476257672e-05 4.076217239193371741e-04 7.039019783126333474e-01 1.179597599798735708e+01 8.811473523904167493e-02 1.346963501430898577e+04
2.894852543778969787e-05 4.164608937413288902e-04 7.454732997392319316e-01 1.180504876894971211e+01 9.324693006760920166e-02 1.029706385578037953e+04
3.142504240043853892e-05 4.255098405925856315e-04 7.888822792617220525e-01 1.181898597575454879e+01 9.856034573909472352e-02 7.883108638526346112e+03
3.411342287508109945e-05 4.347848743317046013e-04 8.341054504830206495e-01 1.183826242082495561e+01 1.040406918054798679e-01 6.044866703390730436e+03
3.703179157008437358e-05 4.443027304696924810e-04 8.811020277179058002e-01 1.186105284948553518e+01 1.096915554034603446e-01 4.643653100443587391e+03
4.019982374421624308e-05 4.540839828029806903e-04 9.298166029931790311e-01 1.188802022283690540e+01 1.154936206999672421e-01 3.574346576353440014e+03
4.363887785465763662e-05 4.641502524625537173e-04 9.801695633626257287e-01 1.191618437181690204e+01 1.214602675257721032e-01 2.757261685555824442e+03
4.737213955291815100e-05 4.745251439722801708e-04 1.032071611713747394e+00 1.194708221991966290e+01 1.275610880520964274e-01 2.131987098733936818e+03
5.142477799945626159e-05 4.852334731595827570e-04 1.085411318434187589e+00 1.197854257593250793e+01 1.338013823111041389e-01 1.652719305510586537e+03
5.582411555085561974e-05 4.963048466567796619e-04 1.140058886043015196e+00 1.201098680766351734e+01 1.401583025246583292e-01 1.284704620947082049e+03
6.059981196356792191e-05 5.077709172789953264e-04 1.195865337565349407e+00 1.204413717122816152e+01 1.466144649807288314e-01 1.001568229547287842e+03
6.578406435609906891e-05 5.196665104168836802e-04 1.252662648245276289e+00 1.207601135975177087e+01 1.531725173801520568e-01 7.832711155696138121e+02
7.141182427775611525e-05 5.320290142929265951e-04 1.310270357874472991e+00 1.210745659351978709e+01 1.598005355384571058e-01 6.145846875398945031e+02
7.752103334740707580e-05 5.449021697468009202e-04 1.368485781062158679e+00 1.213692111386337302e+01 1.664953064730818055e-01 4.839163781330366305e+02
8.415287905089512100e-05 5.583335058636553763e-04 1.427094038911130847e+00 1.216504271225939959e+01 1.732244491598644576e-01 3.824370294893695927e+02
9.135207242166447925e-05 5.723757683111393947e-04 1.485866953157435999e+00 1.219047387059844745e+01 1.799822061254726380e-01 3.034105861445825099e+02
9.916714947667930595e-05 5.870866471378409371e-04 1.544565366792448380e+00 1.221355410429534416e+01 1.867387584406153267e-01 2.416922991569224450e+02
1.076507984398813642e-04 6.025328493079998207e-04 1.602941700318816665e+00 1.223304106122415114e+01 1.934877742022789726e-01 1.933455907906625271e+02
1.168602149592816870e-04 6.187879865965679885e-04 1.660741392827479457e+00 1.224912365697696437e+01 2.002014535761765801e-01 1.553538565447194628e+02
1.268574877125135721e-04 6.359345223983031096e-04 1.717707673920818801e+00 1.226142194940063490e+01 2.068610157896533241e-01 1.254013956040244437e+02
1.377100170005493324e-04 6.540641917581538345e-04 1.773582600488352368e+00 1.226938609973589855e+01 2.134513084080632284e-01 1.017064558656596489e+02
1.494909691516846926e-04 6.732824910279478848e-04 1.828111081853840192e+00 1.227333054069181451e+01 2.199431221661522218e-01 8.289601939321735813e+01
1.622797697993227657e-04 6.937075839937288137e-04 1.881043497731156533e+00 1.227233935702963485e+01 2.263297884401371252e-01 6.790903068284065114e+01
1.761626393591708022e-04 7.154732096214525732e-04 1.932137761282932020e+00 1.226672315635477695e+01 2.325839593859776733e-01 5.592423670206031971e+01
1.912331743159693910e-04 7.387305380092864778e-04 1.981162532164994605e+00 1.225623842462839441e+01 2.386894040697012942e-01 4.630396148429685610e+01
2.075929782387092625e-04 7.636533614361468419e-04 2.027900236788793720e+00 1.224073250618916298e+01 2.446298299678309196e-01 3.855203560644149974e+01
2.253523467785603824e-04 7.904392325017441882e-04 2.072148450708850120e+00 1.222014300633617268e+01 2.503887500891764373e-01 3.228135704403170081e+01
2.446310112676783419e-04 8.193142922405370230e-04 2.113722278280317113e+00 1.219433372104173863e+01 2.559529171792596092e-01 2.718910780280303996e+01
2.655589459321325307e-04 8.505381916900172333e-04 2.152453187135998647e+00 1.216318613742652843e+01 2.613103411979685320e-01 2.303761040028922125e+01
2.882772441610835816e-04 8.844106669482172190e-04 2.188197311550521551e+00 1.212706300833122874e+01 2.664410160410642381e-01 1.964000907785916894e+01
3.129390697398963463e-04 9.212776233337797429e-04 2.220828098173477816e+00 1.208587236004873411e+01 2.713358480993720012e-01 1.684876364617160860e+01
3.397106894602819013e-04 9.615401089722441915e-04 2.250241898802979978e+00 1.203966900382003580e+01 2.759846288914582502e-01 1.454711587595168787e+01
3.687725940691882233e-04 1.005666077571805645e-03 2.276358269980760074e+00 1.198842071135672249e+01 2.803811904102689878e-01 1.264239419124457520e+01
4.003207151137295333e-04 1.054200173957210978e-03 2.299117886783790254e+00 1.193271975471348334e+01 2.845063959042217760e-01 1.106080501386849768e+01
4.345677458859668841e-04 1.107781184088468601e-03 2.318484056193613529e+00 1.187230902288378687e+01 2.883627485810690838e-01 9.743437948715216734e+00
4.717445753731704561e-04 1.167160728623343937e-03 2.334443813861399430e+00 1.180760744222761360e+01 2.919387570136280363e-01 8.643097073574478983e+00
5.121018448810728133e-04 1.233231247363829721e-03 2.347005415521582261e+00 1.173881257905639330e+01 2.952297766466412399e-01 7.721897865663763127e+00
5.559116378246615467e-04 1.307044370767794332e-03 2.356199724630488213e+00 1.166627031178579088e+01 2.982292943743335423e-01 6.949341114972247269e+00
6.034693140788551869e-04 1.389856089494107081e-03 2.362080939345112096e+00 1.159038909374744009e+01 3.009310458770377283e-01 6.300818512309945163e+00
6.550955012560240624e-04 1.483170458213823239e-03 2.364725230447689341e+00 1.151129735421135614e+01 3.033378802726766077e-01 5.756455596809323616e+00
7.111382563352748858e-04 1.588809249277392619e-03 2.364232389235083165e+00 1.142964098428066322e+01 3.054413346605069357e-01 5.300155351767483758e+00
7.719754122169293674e-04 1.708956315168452507e-03 2.360726152488660468e+00 1.134600855943689268e+01 3.072364507409764411e-01 4.918905565396427981e+00
8.380171250223564369e-04 1.846276348659792654e-03 2.354354455618173247e+00 1.126057601497658389e+01 3.087318790772111687e-01 4.602182591594341510e+00
9.097086393127150295e-04 2.004030368224492958e-03 2.345293506070679435e+00 1.117406452228222591e+01 3.099247512404934568e-01 4.341482921930570171e+00
9.875332898693612270e-04 2.186264190970837063e-03 2.333745702520105159e+00 1.108736530529560582e+01 3.108103049189385181e-01 4.129985813832308672e+00
1.072015760273513580e-03 2.397941626932083726e-03 2.319946293291884842e+00 1.100095926994238660e+01 3.113992838013260878e-01 3.962204386212706986e+00
1.163725620254105241e-03 2.645282595559596966e-03 2.304161194567700743e+00 1.091575093647979244e+01 3.116947414074996980e-01 3.833792811511245624e+00
1.263281165652152798e-03 2.936114038211573313e-03 2.286693284528728665e+00 1.083260310623143852e+01 3.117061133476270451e-01 3.741283517029782235e+00
1.371353586890174765e-03 3.280446705820839071e-03 2.267882043069125775e+00 1.075243892904483189e+01 3.114466850920243335e-01 3.681907165613949484e+00
1.488671494049946141e-03 3.690956927400276377e-03 2.248105509705758287e+00 1.067623076147193473e+01 3.109345433308824957e-01 3.653390527578909808e+00
1.616025829066052239e-03 4.184088748557488434e-03 2.227782327349457692e+00 1.060511463603978655e+01 3.101898780744348216e-01 3.653740977224178899e+00
1.754275198152616729e-03 4.781318608537594127e-03 2.207365447850798024e+00 1.053990451471985246e+01 3.092486402911043264e-01 3.681015539553664340e+00
1.904351660413726617e-03 5.511250488013563244e-03 2.187339379083285795e+00 1.048177354441259013e+01 3.081425229486457473e-01 3.733048549883028588e+00
2.067267011663590903e-03 6.411726403941017324e-03 2.168207645574992348e+00 1.043150363962753424e+01 3.069192954717236410e-01 3.807117321837293122e+00
2.244119605821154675e-03 7.534208028951500623e-03 2.150472562621111638e+00 1.038997166122644167e+01 3.056256343488987781e-01 3.899653618620503082e+00
2.436101759868077293e-03 8.949456329895019019e-03 2.134611951434692401e+00 1.035742962546931345e+01 3.043246845830755443e-01 4.005976030401844135e+00
2.644507792293361061e-03 1.075716563289106156e-02 2.121039616015472529e+00 1.033398708167022484e+01 3.030756888399686599e-01 4.120153504396530941e+00
2.870742749218741646e-03 1.309769493659371752e-02 2.110062786270911594e+00 1.031916286357948742e+01 3.019403446321961559e-01 4.235170801440849786e+00
3.116331877035274228e-03 1.617511781517263006e-02 2.101839511639370439e+00 1.031244271211962449e+01 3.009596256267863534e-01 4.343418817715571478e+00
3.382930905414334791e-03 2.029152204044383512e-02 2.096331839454519397e+00 1.031182006007169250e+01 3.001891143489881508e-01 4.437693863526611437e+00
