2.497382406435652939e-25 9.768325619515944397e-18
1.592405960127358361e-24 3.089015920155193588e-17
1.015365822756892167e-23 9.768326876420302874e-17
6.474277161963938908e-23 3.089016721595150065e-16
4.128193389070159467e-22 9.768331986641967382e-16
2.632259977636328568e-21 3.089019980025807047e-15
1.678407946733001633e-20 9.768352763373603653e-15
1.070203270037972128e-19 3.089033227893325649e-14
6.823937180644061677e-19 9.768437235752100315e-14
4.351147109064984495e-18 3.089087090016611440e-13
1.915297948882004416e-17 7.759322488683919743e-13
8.060281057525431301e-17 1.949163039787816667e-12
3.231548868885900942e-16 4.896382250613372468e-12
4.345363206717196250e-16 6.163781780305984805e-12
1.185699981296668146e-15 1.229732179640797847e-11
3.167099671296256822e-15 2.454290871984140256e-11
8.312293945536222779e-15 4.898397135859626299e-11
2.151611673377367987e-14 9.773430848120292535e-11
5.516190296262407946e-14 1.950308160666369755e-10
7.219962673568143336e-14 2.455395918119563429e-10
1.345996703506809824e-13 3.892770603306517574e-10
2.502777173064534741e-13 6.169465998965407740e-10
3.411676113431318569e-13 7.768626451909397954e-10
4.161104603351930561e-13 9.006720410829545173e-10
5.668224300832851639e-13 1.192414995932578561e-09
1.051017683769589897e-12 1.890432911212288601e-09
1.946696275912857264e-12 3.094630240399093478e-09
3.604197434436283020e-12 4.906521065391501087e-09
4.678350727597027810e-12 5.964785761620009416e-09
6.363945126095426008e-12 7.510858710852283575e-09
8.659328086403540721e-12 9.798092857573101657e-09
1.177437263656969924e-11 1.233578754396143564e-08
1.601314678573479096e-11 1.553407705195085344e-08
2.068158225216417963e-11 1.881943995759334440e-08
2.812629084553211013e-11 2.462793118627416045e-08
3.823985723652250255e-11 3.101071367919697201e-08
4.915490723856361436e-11 3.744047090307774978e-08
6.683712298751739095e-11 4.918310976261355027e-08
9.088989403667837668e-11 6.194746997419662658e-08
1.198094057756214983e-10 7.622496704508910767e-08
1.235276287134856064e-10 8.111821537560480725e-08
1.679810496150610554e-10 1.052041443179145334e-07
2.145827771029579730e-10 1.264403182978826954e-07
2.389577941400671919e-10 1.370814666799720085e-07
2.718434103460653354e-10 1.558050328926489486e-07
3.695913600236930604e-10 2.029070399259184632e-07
4.805596579248377059e-10 2.471473550088626382e-07
6.228436556804378813e-10 3.112918511513913844e-07
6.449051117784316288e-10 3.195404339442749206e-07
6.519284217721749412e-10 3.221516175955882510e-07
6.901021772675798839e-10 3.362246542759246589e-07
7.517420508597271333e-10 3.585491157042282318e-07
7.842145311837404764e-10 3.701260768930860222e-07
8.123077711587138292e-10 3.800461204279264704e-07
8.948523203792971162e-10 4.248355205313744057e-07
1.780367769825735293e-09 1.571243743291283042e-06
2.831798589477310162e-09 2.360915204371286954e-06
4.352717025416528164e-09 3.331634749736530039e-06
6.442936706730940560e-09 4.497300351158025239e-06
9.210451352971400048e-09 5.875749191388290656e-06
1.726412223638507203e-08 9.359364509061765243e-06
2.961440629244172500e-08 1.399035730184682620e-05
4.760234259406434222e-08 2.000744564924680080e-05
7.280858902572716169e-08 2.762541866450402925e-05
1.069774052811704485e-07 3.692082460755834189e-05
1.786399553702715184e-07 5.352425790188030335e-05
3.179080611873818725e-07 7.810458603098302793e-05
4.169532575344421554e-07 9.195064971249766836e-05
4.437988271458211392e-07 9.546604737380116803e-05
8.192319285407806845e-07 1.258634192745901824e-04
1.280929786794861370e-06 1.500615673638406135e-04
1.291228664495451832e-06 1.505071044365753825e-04
1.301610346798593890e-06 1.509533109793422152e-04
1.312075499466363700e-06 1.514001891938271838e-04
1.322624793613669961e-06 1.518477412963296707e-04
1.333258905751291239e-06 1.522959695177835381e-04
1.343978517829259511e-06 1.527448761037784593e-04
1.354784317280593112e-06 1.531944633145821181e-04
1.365676997065379081e-06 1.536447334251626244e-04
1.376657255715214651e-06 1.540956887252116080e-04
1.387725797378000046e-06 1.545473315191677182e-04
1.398883331863095924e-06 1.549996641262407207e-04
1.410130574686843353e-06 1.554526888804360816e-04
1.421468247118446311e-06 1.559064081305800938e-04
1.432897076226227949e-06 1.563608242403455187e-04
1.444417794924255304e-06 1.568159395882777148e-04
1.456031142019340100e-06 1.572717565678212828e-04
1.467737862258417324e-06 1.577282775873472783e-04
1.479538706376305388e-06 1.581855050701809679e-04
1.491434431143848735e-06 1.586434414546300726e-04
1.503425799416448583e-06 1.591020891940134988e-04
1.515513580182985017e-06 1.595614507566906935e-04
1.527698548615129331e-06 1.600215286260914325e-04
1.539981486117055765e-06 1.604823253007462867e-04
1.552363180375550698e-06 1.609438432943173861e-04
1.564844425410527792e-06 1.614060851356299430e-04
1.577426021625945254e-06 1.618690533687043174e-04
1.590108775861136250e-06 1.623327505527882722e-04
1.602893501442548850e-06 1.627971792623902577e-04
1.615781018235904413e-06 1.632623420873129951e-04
1.628772152698774193e-06 1.637282416326874934e-04
1.641867737933578612e-06 1.641948805190077164e-04
1.655068613741013653e-06 1.646622613821660368e-04
1.668375626673905001e-06 1.651303868734887157e-04
1.681789630091496083e-06 1.655992596597724684e-04
1.695311484214174439e-06 1.660688824233211096e-04
1.708942056178634956e-06 1.665392578619832300e-04
1.722682220093488215e-06 1.670103886891900074e-04
1.736532857095316499e-06 1.674822776339937504e-04
1.750494855405178511e-06 1.679549274411070651e-04
1.764569110385570859e-06 1.684283408709424013e-04
1.778756524597846725e-06 1.689025206996523849e-04
1.793058007860094050e-06 1.693774697191705297e-04
1.807474477305482127e-06 1.698531907372525455e-04
1.822006857441075971e-06 1.703296865775182696e-04
1.836656080207122906e-06 1.708069600794941676e-04
1.851423085036817516e-06 1.712850140986563760e-04
1.866308818916544747e-06 1.717638515064741789e-04
1.881314236446610473e-06 1.722434751904544062e-04
1.896440299902457628e-06 1.727238880541860481e-04
1.911687979296374249e-06 1.732050930173855753e-04
1.927058252439703178e-06 1.736870930159430712e-04
1.942552105005541342e-06 1.741698910019683923e-04
1.958170530591955097e-06 1.746534899438385207e-04
1.973914530785696585e-06 1.751378928262450787e-04
1.989785115226431276e-06 1.756231026502427122e-04
2.005783301671488984e-06 1.761091224332978519e-04
2.021910116061128596e-06 1.765959552093380449e-04
2.038166592584330514e-06 1.770836040288022346e-04
2.054553773745117638e-06 1.775720719586910675e-04
2.071072710429409136e-06 1.780613620826183928e-04
2.087724461972414621e-06 1.785514775008630061e-04
2.104510096226564922e-06 1.790424213304209081e-04
2.121430689629992583e-06 1.795341967050585383e-04
2.138487327275564195e-06 1.800268067753663353e-04
2.155681102980462042e-06 1.805202547088128110e-04
2.173013119356333247e-06 1.810145436897997906e-04
2.190484487879995852e-06 1.815096769197174363e-04
2.208096328964717058e-06 1.820056576170006526e-04
2.225849772032063224e-06 1.825024890171856272e-04
2.243745955584329228e-06 1.830001743729671589e-04
2.261786027277546776e-06 1.834987169542566889e-04
2.279971143995085642e-06 1.839981200482407938e-04
2.298302471921837229e-06 1.844983869594403556e-04
2.316781186619006316e-06 1.849995210097704916e-04
2.335408473099494017e-06 1.855015255386008896e-04
2.354185525903893163e-06 1.860044039028170657e-04
2.373113549177090140e-06 1.865081594768819198e-04
2.392193756745488045e-06 1.870127956528982939e-04
2.411427372194843926e-06 1.875183158406717478e-04
2.430815628948739185e-06 1.880247234677744723e-04
2.450359770347675095e-06 1.885320219796095828e-04
2.470061049728805701e-06 1.890402148394758190e-04
2.489920730506315320e-06 1.895493055286335453e-04
2.509940086252436394e-06 1.900592975463707252e-04
2.530120400779124220e-06 1.905701944100700058e-04
2.550462968220384317e-06 1.910819996552763991e-04
2.570969093115263864e-06 1.915947168357653161e-04
2.591640090491510184e-06 1.921083495236117656e-04
2.612477285949900919e-06 1.926229013092598517e-04
2.633482015749253950e-06 1.931383758015929218e-04
2.654655626892117908e-06 1.936547766280048526e-04
2.675999477211155986e-06 1.941721074344714723e-04
2.697514935456218802e-06 1.946903718856228495e-04
2.719203381382122429e-06 1.952095736648165581e-04
2.741066205837129879e-06 1.957297164742111866e-04
2.763104810852144517e-06 1.962508040348407952e-04
2.785320609730617528e-06 1.967728400866900786e-04
2.807715027139183829e-06 1.972958283887701783e-04
2.830289499199022623e-06 1.978197727191950109e-04
2.853045473577956134e-06 1.983446768752587883e-04
2.875984409583281877e-06 1.988705446735136468e-04
2.899107778255360063e-06 1.993973799498485766e-04
2.922417062461945110e-06 1.999251865595685418e-04
2.945913756993286274e-06 2.004539683774747929e-04
2.969599368657979587e-06 2.009837292979454223e-04
2.993475416379599492e-06 2.015144732350171409e-04
3.017543431294109333e-06 2.020462041224674332e-04
3.041804956848043052e-06 2.025789259138976073e-04
3.066261548897490316e-06 2.031126425828166308e-04
3.090914775807870635e-06 2.036473581227253463e-04
3.115766218554506677e-06 2.041830765472019604e-04
3.140817470824014526e-06 2.047198018899880757e-04
3.166070139116499908e-06 2.052575382050752368e-04
3.191525842848584496e-06 2.057962895667925609e-04
3.217186214457255121e-06 2.063360600698950194e-04
3.243052899504549839e-06 2.068768538296525319e-04
3.269127556783084686e-06 2.074186749819395754e-04
3.295411858422431699e-06 2.079615276833259594e-04
3.321907489996344390e-06 2.085054161111680614e-04
3.348616150630861604e-06 2.090503444637012279e-04
3.375539553113259240e-06 2.095963169601323928e-04
3.402679424001894338e-06 2.101433378407338874e-04
3.430037503736926257e-06 2.106914113669382542e-04
3.457615546751928092e-06 2.112405418214331689e-04
3.485415321586395092e-06 2.117907335082578257e-04
3.513438610999158140e-06 2.123419907528998924e-04
3.541687212082714987e-06 2.128943179023930882e-04
3.570162936378466124e-06 2.134477193254159008e-04
3.598867609992892544e-06 2.140021994123909800e-04
3.627803073714659323e-06 2.145577625755853729e-04
3.656971183132663212e-06 2.151144132492115169e-04
3.686373808755030178e-06 2.156721558895292087e-04
3.716012836129064585e-06 2.162309949749482789e-04
3.745890165962168234e-06 2.167909350061322956e-04
3.776007714243733904e-06 2.173519805061028642e-04
3.806367412368007062e-06 2.179141360203450670e-04
3.836971207257952149e-06 2.184774061169134703e-04
3.867821061490099727e-06 2.190417953865392438e-04
3.898918953420404993e-06 2.196073084427381744e-04
3.930266877311117215e-06 2.201739499219191676e-04
3.961866843458669429e-06 2.207417244834941042e-04
3.993720878322595157e-06 2.213106368099882393e-04
4.025831024655484440e-06 2.218806916071519835e-04
4.058199341633978328e-06 2.224518936040727115e-04
4.090827904990822161e-06 2.230242475532883859e-04
4.123718807147984428e-06 2.235977582309016702e-04
4.156874157350831012e-06 2.241724304366947179e-04
4.190296081803398898e-06 2.247482689942455355e-04
4.223986723804737983e-06 2.253252787510445874e-04
4.257948243886361654e-06 2.259034645786127306e-04
4.292182819950796812e-06 2.264828313726200977e-04
4.326692647411252833e-06 2.270633840530055479e-04
4.361479939332405216e-06 2.276451275640975838e-04
4.396546926572321036e-06 2.282280668747359710e-04
4.431895857925517730e-06 2.288122069783939821e-04
4.467529000267173840e-06 2.293975528933022941e-04
4.503448638698505282e-06 2.299841096625733462e-04
4.539657076693297806e-06 2.305718823543268360e-04
4.576156636245638016e-06 2.311608760618162736e-04
4.612949658018803973e-06 2.317510959035563476e-04
4.650038501495378917e-06 2.323425470234512409e-04
4.687425545128557604e-06 2.329352345909245178e-04
4.725113186494674924e-06 2.335291638010490928e-04
4.763103842446959317e-06 2.341243398746790971e-04
4.801399949270518627e-06 2.347207680585823130e-04
4.840003962838577025e-06 2.353184536255733693e-04
4.878918358769968078e-06 2.359174018746488318e-04
4.918145632587892443e-06 2.365176181311222684e-04
4.957688299879950338e-06 2.371191077467614549e-04
4.997548896459464054e-06 2.377218760999256348e-04
5.037729978528094727e-06 2.383259285957044866e-04
5.078234122839767776e-06 2.389312706660579868e-04
5.119063926865918018e-06 2.395379077699572739e-04
5.160222008962059550e-06 2.401458453935265440e-04
5.201711008535700707e-06 2.407550890501863547e-04
5.243533586215599036e-06 2.413656442807976348e-04
5.285692424022391848e-06 2.419775166538069941e-04
5.328190225540582022e-06 2.425907117653931723e-04
5.371029716091918026e-06 2.432052352396145444e-04
5.414213642910169846e-06 2.438210927285577379e-04
5.457744775317297447e-06 2.444382899124873340e-04
5.501625904901047314e-06 2.450568324999969510e-04
5.545859845693971180e-06 2.456767262281611686e-04
5.590449434353888082e-06 2.462979768626886437e-04
5.635397530345793165e-06 2.469205901980767452e-04
5.680707016125231835e-06 2.475445720577670286e-04
5.726380797323146922e-06 2.481699282943019571e-04
5.772421802932213216e-06 2.487966647894825989e-04
5.818832985494667024e-06 2.494247874545279511e-04
5.865617321291651072e-06 2.500543022302354553e-04
5.912777810534082365e-06 2.506852150871418934e-04
5.960317477555041319e-06 2.513175320256868855e-04
6.008239371003727912e-06 2.519512590763763331e-04
6.056546564040961120e-06 2.525864022999478684e-04
6.105242154536255533e-06 2.532229677875372253e-04
6.154329265266493777e-06 2.538609616608458568e-04
6.203811044116169343e-06 2.545003900723102333e-04
6.253690664279267567e-06 2.551412592052715745e-04
6.303971324462752595e-06 2.557835752741480749e-04
6.354656249091700124e-06 2.564273445246067497e-04
6.405748688516070853e-06 2.570725732337384795e-04
6.457251919219152584e-06 2.577192677102327833e-04
6.509169244027676910e-06 2.583674342945551402e-04
6.561503992323621498e-06 2.590170793591240394e-04
6.614259520257721681e-06 2.596682093084916624e-04
6.667439210964693909e-06 2.603208305795234271e-04
6.721046474780196465e-06 2.609749496415810009e-04
6.775084749459518965e-06 2.616305729967049890e-04
6.829557500398048948e-06 2.622877071798002785e-04
6.884468220853498588e-06 2.629463587588218168e-04
6.939820432169922041e-06 2.636065343349625577e-04
6.995617684003541207e-06 2.642682405428423294e-04
7.051863554550370581e-06 2.649314840506981125e-04
7.108561650775685262e-06 2.655962715605757803e-04
7.165715608645330402e-06 2.662626098085235757e-04
7.223329093358892434e-06 2.669305055647868872e-04
7.281405799584737163e-06 2.675999656340037310e-04
7.339949451696953682e-06 2.682709968554033769e-04
7.398963804014182087e-06 2.689436061030042150e-04
7.458452641040376662e-06 2.696178002858155257e-04
7.518419777707503690e-06 2.702935863480383826e-04
7.578869059620182354e-06 2.709709712692701870e-04
7.639804363302302615e-06 2.716499620647089860e-04
7.701229596445614985e-06 2.723305657853602839e-04
7.763148698160333693e-06 2.730127895182454258e-04
7.825565639227732918e-06 2.736966403866107947e-04
7.888484422354802170e-06 2.743821255501394476e-04
7.951909082430926064e-06 2.750692522051638358e-04
8.015843686786634258e-06 2.757580275848798266e-04
8.080292335454438465e-06 2.764484589595628391e-04
8.145259161431756570e-06 2.771405536367858771e-04
8.210748330945957704e-06 2.778343189616379414e-04
8.276764043721541848e-06 2.785297623169455871e-04
8.343310533249453961e-06 2.792268911234945883e-04
8.410392067058571587e-06 2.799257128402546932e-04
8.478012946989381206e-06 2.806262349646049758e-04
8.546177509469846697e-06 2.813284650325617890e-04
8.614890125793493643e-06 2.820324106190069896e-04
8.684155202399741663e-06 2.827380793379196864e-04
8.753977181156479681e-06 2.834454788426083133e-04
8.824360539644909561e-06 2.841546168259449800e-04
8.895309791446698739e-06 2.848655010206011776e-04
8.966829486433418162e-06 2.855781391992863027e-04
9.038924211058333279e-06 2.862925391749861822e-04
9.111598588650512512e-06 2.870087088012051213e-04
9.184857279711315897e-06 2.877266559722085480e-04
9.258704982213275739e-06 2.884463886232682055e-04
9.333146431901364210e-06 2.891679147309083198e-04
9.408186402596686846e-06 2.898912423131548045e-04
9.483829706502635830e-06 2.906163794297853312e-04
9.560081194513459014e-06 2.913433341825811358e-04
9.636945756525378508e-06 2.920721147155817517e-04
9.714428321750148723e-06 2.928027292153405564e-04
9.792533859031152127e-06 2.935351859111830827e-04
9.871267377162080148e-06 2.942694930754661967e-04
9.950633925208089098e-06 2.950056590238402587e-04
1.003063859282963612e-05 2.957436921155125837e-04
1.011128651060885284e-05 2.964836007535130171e-04
1.019258285037853975e-05 2.972253933849617865e-04
1.027453282555387613e-05 2.979690785013387093e-04
1.035714169146670165e-05 2.987146646387551650e-04
1.044041474570256432e-05 2.994621603782267718e-04
1.052435732844043996e-05 3.002115743459505084e-04
1.060897482279516904e-05 3.009629152135806984e-04
1.069427265516270894e-05 3.017161916985097638e-04
1.078025629556807144e-05 3.024714125641499553e-04
1.086693125801615184e-05 3.032285866202167083e-04
1.095430310084531782e-05 3.039877227230150893e-04
1.104237742708383413e-05 3.047488297757275431e-04
1.113115988480921970e-05 3.055119167287046757e-04
1.122065616751041011e-05 3.062769925797567423e-04
1.131087201445290164e-05 3.070440663744492546e-04
1.140181321104679561e-05 3.078131472063990229e-04
1.149348558921778517e-05 3.085842442175734494e-04
1.158589502778119325e-05 3.093573665985916116e-04
1.167904745281891578e-05 3.101325235890272963e-04
1.177294883805951242e-05 3.109097244777156671e-04
1.186760520526123833e-05 3.116889786030599841e-04
1.196302262459824875e-05 3.124702953533428792e-04
1.205920721504986664e-05 3.132536841670381178e-04
1.215616514479294688e-05 3.140391545331261565e-04
1.225390263159748817e-05 3.148267159914106212e-04
1.235242594322532122e-05 3.156163781328385261e-04
1.245174139783208691e-05 3.164081505998217404e-04
1.255185536437238737e-05 3.172020430865617061e-04
1.265277426300822017e-05 3.179980653393757288e-04
1.275450456552071431e-05 3.187962271570265213e-04
1.285705279572512042e-05 3.195965383910539148e-04
1.296042552988920778e-05 3.203990089461086852e-04
1.306462939715497828e-05 3.212036487802891974e-04
1.316967107996376690e-05 3.220104679054805984e-04
1.327555731448481493e-05 3.228194763876964489e-04
1.338229489104720088e-05 3.236306843474226870e-04
1.348989065457533737e-05 3.244441019599647895e-04
1.359835150502792060e-05 3.252597394557967220e-04
1.370768439784037453e-05 3.260776071209127631e-04
1.381789634437094935e-05 3.268977152971825804e-04
1.392899441235029939e-05 3.277200743827079327e-04
1.404098572633476606e-05 3.285446948321827342e-04
1.415387746816325388e-05 3.293715871572558277e-04
1.426767687741776054e-05 3.302007619268956026e-04
1.438239125188768996e-05 3.310322297677585688e-04
1.449802794803780572e-05 3.318660013645598292e-04
1.461459438148003524e-05 3.327020874604469662e-04
1.473209802744896186e-05 3.335404988573753928e-04
1.485054642128126416e-05 3.343812464164885824e-04
1.496994715889891095e-05 3.352243410584991655e-04
1.509030789729626960e-05 3.360697937640743640e-04
1.521163635503117000e-05 3.369176155742231054e-04
1.533394031271984286e-05 3.377678175906867150e-04
1.545722761353592040e-05 3.386204109763328606e-04
1.558150616371339257e-05 3.394754069555513953e-04
1.570678393305359195e-05 3.403328168146543191e-04
1.583306895543634755e-05 3.411926519022774216e-04
1.596036932933510966e-05 3.420549236297865331e-04
1.608869321833637412e-05 3.429196434716854009e-04
1.621804885166314194e-05 3.437868229660274153e-04
1.634844452470265468e-05 3.446564737148301001e-04
1.647988859953840909e-05 3.455286073844931268e-04
1.661238950548633235e-05 3.464032357062186052e-04
1.674595573963541268e-05 3.472803704764353865e-04
1.688059586739257197e-05 3.481600235572264554e-04
1.701631852303193949e-05 3.490422068767587622e-04
1.715313241024859123e-05 3.499269324297173914e-04
1.729104630271667008e-05 3.508142122777419534e-04
1.743006904465204949e-05 3.517040585498668786e-04
1.757020955137950671e-05 3.525964834429652357e-04
1.771147680990441245e-05 3.534914992221949354e-04
1.785387987948910629e-05 3.543891182214491077e-04
1.799742789223380206e-05 3.552893528438096234e-04
1.814213005366226031e-05 3.561922155620042487e-04
1.828799564331210585e-05 3.570977189188667255e-04
1.843503401532988538e-05 3.580058755278003771e-04
1.858325459907100060e-05 3.589166980732461034e-04
1.873266689970431691e-05 3.598301993111527081e-04
1.888328049882178998e-05 3.607463920694515083e-04
1.903510505505288312e-05 3.616652892485340337e-04
1.918815030468394150e-05 3.625869038217339004e-04
1.934242606228262141e-05 3.635112488358117747e-04
1.949794222132722563e-05 3.644383374114441854e-04
1.965470875484120900e-05 3.653681827437162935e-04
1.981273571603268152e-05 3.663007981026181322e-04
1.997203323893915290e-05 3.672361968335440441e-04
2.013261153907740334e-05 3.681743923577970520e-04
2.029448091409854832e-05 3.691153981730963202e-04
2.045765174444848033e-05 3.700592278540882469e-04
2.062213449403347418e-05 3.710058950528616773e-04
2.078793971089130471e-05 3.719554134994676703e-04
2.095507802786762298e-05 3.729077970024416498e-04
2.112356016329781434e-05 3.738630594493311948e-04
2.129339692169440298e-05 3.748212148072267561e-04
2.146459919443988084e-05 3.757822771232962222e-04
2.163717796048517773e-05 3.767462605253245268e-04
2.181114428705374221e-05 3.777131792222569425e-04
2.198650933035121297e-05 3.786830475047453558e-04
2.216328433628090745e-05 3.796558797457007229e-04
2.234148064116496545e-05 3.806316904008479095e-04
2.252110967247135750e-05 3.816104940092857902e-04
2.270218294954670722e-05 3.825923051940508164e-04
2.288471208435497524e-05 3.835771386626857888e-04
2.306870878222219091e-05 3.845650092078123708e-04
2.325418484258699460e-05 3.855559317077072328e-04
2.344115215975742440e-05 3.865499211268843237e-04
2.362962272367362184e-05 3.875469925166800684e-04
2.381960862067671760e-05 3.885471610158431743e-04
2.401112203428396489e-05 3.895504418511299121e-04
2.420417524596998841e-05 3.905568503379027584e-04
2.439878063595443696e-05 3.915664018807339165e-04
2.459495068399584979e-05 3.925791119740139334e-04
2.479269797019202477e-05 3.935949962025642743e-04
2.499203517578671909e-05 3.946140702422551005e-04
2.519297508398287200e-05 3.956363498606268428e-04
2.539553058076243105e-05 3.966618509175175210e-04
2.559971465571263952e-05 3.976905893656945625e-04
2.580554040285908994e-05 3.987225812514909036e-04
2.601302102150541496e-05 3.997578427154465665e-04
2.622216981707969685e-05 4.007963899929545726e-04
2.643300020198781258e-05 4.018382394149122767e-04
2.664552569647344327e-05 4.028834074083768218e-04
2.685975992948520219e-05 4.039319104972270442e-04
2.707571663955060670e-05 4.049837653028291197e-04
2.729340967565706708e-05 4.060389885447070885e-04
2.751285299814007512e-05 4.070975970412203182e-04
2.773406067957838916e-05 4.081596077102435166e-04
2.795704690569655114e-05 4.092250375698541147e-04
2.818182597627457282e-05 4.102939037390241511e-04
2.840841230606491337e-05 4.113662234383164379e-04
2.863682042571696836e-05 4.124420139905879369e-04
2.886706498270879924e-05 4.135212928216968221e-04
2.909916074228654373e-05 4.146040774612156678e-04
2.933312258841124613e-05 4.156903855431502205e-04
2.956896552471330086e-05 4.167802348066632122e-04
2.980670467545473273e-05 4.178736430968038660e-04
3.004635528649894456e-05 4.189706283652426056e-04
3.028793272628854227e-05 4.200712086710129745e-04
3.053145248683083053e-05 4.211754021812567006e-04
3.077693018469126047e-05 4.222832271719759688e-04
3.102438156199499196e-05 4.233947020287915503e-04
3.127382248743628914e-05 4.245098452477062429e-04
3.152526895729628142e-05 4.256286754358739504e-04
3.177873709646870676e-05 4.267512113123752117e-04
3.203424315949396952e-05 4.278774717089984777e-04
3.229180353160158729e-05 4.290074755710269160e-04
3.255143472976086412e-05 4.301412419580316138e-04
3.281315340374018989e-05 4.312787900446706890e-04
3.307697633717467459e-05 4.324201391214948522e-04
3.334292044864254413e-05 4.335653085957586611e-04
3.361100279275005414e-05 4.347143179922382801e-04
3.388124056122515849e-05 4.358671869540550400e-04
3.415365108402006162e-05 4.370239352435061541e-04
3.442825183042247833e-05 4.381845827429005293e-04
3.470506041017598056e-05 4.393491494554023838e-04
3.498409457460927523e-05 4.405176555058803946e-04
3.526537221777449458e-05 4.416901211417631327e-04
3.554891137759484448e-05 4.428665667339019255e-04
3.583473023702121778e-05 4.440470127774398448e-04
3.612284712519834857e-05 4.452314798926870374e-04
3.641328051864018225e-05 4.464199888260031576e-04
3.670604904241471874e-05 4.476125604506869544e-04
3.700117147133849836e-05 4.488092157678710641e-04
3.729866673118049312e-05 4.500099759074258012e-04
3.759855389987588463e-05 4.512148621288681531e-04
3.790085220874947784e-05 4.524238958222787988e-04
3.820558104374889965e-05 4.536370985092253068e-04
3.851275994668794167e-05 4.548544918436930309e-04
3.882240861649957267e-05 4.560760976130231082e-04
3.913454691049937293e-05 4.573019377388572865e-04
3.944919484565884832e-05 4.585320342780896917e-04
3.976637259988907833e-05 4.597664094238268343e-04
4.008610051333479259e-05 4.610050855063546095e-04
4.040839908967863226e-05 4.622480849941116394e-04
4.073328899745615850e-05 4.634954304946726448e-04
4.106079107138114055e-05 4.647471447557355024e-04
4.139092631368178744e-05 4.660032506661199040e-04
4.172371589544755755e-05 4.672637712567706222e-04
4.205918115798674229e-05 4.685287297017704270e-04
4.239734361419518331e-05 4.697981493193592898e-04
4.273822494993573674e-05 4.710720535729620443e-04
4.308184702542908781e-05 4.723504660722248837e-04
4.342823187665552934e-05 4.736334105740579842e-04
4.377740171676807699e-05 4.749209109836867470e-04
4.412937893751704314e-05 4.762129913557124733e-04
4.448418611068592716e-05 4.775096758951786233e-04
4.484184598953892017e-05 4.788109889586473740e-04
4.520238151028011241e-05 4.801169550552842561e-04
4.556581579352421348e-05 4.814275988479492399e-04
4.593217214577938179e-05 4.827429451542978515e-04
4.630147406094172949e-05 4.840630189478911790e-04
4.667374522180205853e-05 4.853878453593123295e-04
4.704900950156453657e-05 4.867174496772942163e-04
4.742729096537761074e-05 4.880518573498517912e-04
4.780861387187738975e-05 4.893910939854286424e-04
4.819300267474317591e-05 4.907351853540467372e-04
4.858048202426578385e-05 4.920841573884696075e-04
4.897107676892823954e-05 4.934380361853705783e-04
4.936481195699922545e-05 4.947968480065129213e-04
4.976171283813957678e-05 4.961606192799372737e-04
5.016180486502127314e-05 4.975293766011588134e-04
5.056511369495986756e-05 4.989031467343739770e-04
5.097166519155979037e-05 5.002819566136755243e-04
5.138148542637284650e-05 5.016658333442772537e-04
5.179460068057034660e-05 5.030548042037485826e-04
5.221103744662825539e-05 5.044488966432576944e-04
5.263082243002631941e-05 5.058481382888249840e-04
5.305398255096053725e-05 5.072525569425868040e-04
5.348054494606948044e-05 5.086621805840648488e-04
5.391053697017464126e-05 5.100770373714524518e-04
5.434398619803454985e-05 5.114971556429030513e-04
5.478092042611318931e-05 5.129225639178341609e-04
5.522136767436245112e-05 5.143532908982382775e-04
5.566535618801910542e-05 5.157893654700049582e-04
5.611291443941610979e-05 5.172308167042528708e-04
5.656407112980837184e-05 5.186776738586718191e-04
5.701885519121353477e-05 5.201299663788750685e-04
5.747729578826714212e-05 5.215877238997629469e-04
5.793942232009304921e-05 5.230509762468949029e-04
5.840526442218876255e-05 5.245197534378738145e-04
5.887485196832573461e-05 5.259940856837400569e-04
5.934821507246540651e-05 5.274740033903772786e-04
5.982538409069008403e-05 5.289595371599267433e-04
6.030638962314986652e-05 5.304507177922153328e-04
6.079126251602488346e-05 5.319475762861909218e-04
6.128003386350334676e-05 5.334501438413728237e-04
6.177273500977574418e-05 5.349584518593115609e-04
6.226939755104470616e-05 5.364725319450562233e-04
6.277005333755141360e-05 5.379924159086400424e-04
6.327473447561799758e-05 5.395181357665720370e-04
6.378347332970639861e-05 5.410497237433409094e-04
6.429630252449405816e-05 5.425872122729327122e-04
6.481325494696588672e-05 5.441306340003571876e-04
6.533436374852338944e-05 5.456800217831873348e-04
6.585966234711059680e-05 5.472354086931118791e-04
6.638918442935700379e-05 5.487968280174951134e-04
6.692296395273803248e-05 5.503643132609552799e-04
6.746103514775244876e-05 5.519378981469486977e-04
6.800343252011774981e-05 5.535176166193708043e-04
6.855019085298270898e-05 5.551035028441653283e-04
6.910134520915825734e-05 5.566955912109486414e-04
6.965693093336578010e-05 5.582939163346469034e-04
7.021698365450383108e-05 5.598985130571406885e-04
7.078153928793287186e-05 5.615094164489304283e-04
7.135063403777857803e-05 5.631266618108059750e-04
7.192430439925353615e-05 5.647502846755354626e-04
7.250258716099758903e-05 5.663803208095625173e-04
7.308551940743707317e-05 5.680168062147201644e-04
7.367313852116284009e-05 5.696597771299530830e-04
7.426548218532777967e-05 5.713092700330597027e-04
7.486258838606333059e-05 5.729653216424388526e-04
7.546449541491530321e-05 5.746279689188595052e-04
7.607124187129974649e-05 5.762972490672350727e-04
7.668286666497784278e-05 5.779731995384161354e-04
7.729940901855163280e-05 5.796558580309959640e-04
7.792090846997899874e-05 5.813452624931303523e-04
7.854740487510923370e-05 5.830414511243688352e-04
7.917893841023899407e-05 5.847444623775030362e-04
7.981554957468858075e-05 5.864543349604247734e-04
8.045727919339933521e-05 5.881711078380040059e-04
8.110416841955156756e-05 5.898948202339762128e-04
8.175625873720361310e-05 5.916255116328462526e-04
8.241359196395230179e-05 5.933632217818066417e-04
8.307621025361429867e-05 5.951079906926680851e-04
8.374415609892979235e-05 5.968598586438093054e-04
8.441747233428729838e-05 5.986188661821368467e-04
8.509620213847058029e-05 6.003850541250625511e-04
8.578038903742763420e-05 6.021584635624952376e-04
8.647007690706183178e-05 6.039391358588459347e-04
8.716530997604587212e-05 6.057271126550529527e-04
8.786613282865795974e-05 6.075224358706157388e-04
8.857259040764084575e-05 6.093251477056492232e-04
8.928472801708417928e-05 6.111352906429520435e-04
9.000259132532942394e-05 6.129529074500894049e-04
9.072622636789887064e-05 6.147780411814930722e-04
9.145567955044766261e-05 6.166107351805766475e-04
9.219099765173972708e-05 6.184510330818676540e-04
9.293222782664769491e-05 6.202989788131537145e-04
9.367941760917659140e-05 6.221546165976455343e-04
9.443261491551259922e-05 6.240179909561601596e-04
9.519186804709549765e-05 6.258891467093137756e-04
9.595722569371625528e-05 6.277681289797357568e-04
9.672873693663960003e-05 6.296549831942995206e-04
9.750645125175106504e-05 6.315497550863671513e-04
9.829041851273034001e-05 6.334524906980534310e-04
9.908068899424938300e-05 6.353632363825061340e-04
9.987731337519636335e-05 6.372820388062036675e-04
1.006803427419258288e-04 6.392089449512696267e-04
1.014898285915344188e-04 6.411440021178044799e-04
1.023058228351638599e-04 6.430872579262355768e-04
1.031283778013295064e-04 6.450387603196854796e-04
1.039575462392763666e-04 6.469985575663547142e-04
1.047933813223613934e-04 6.489666982619264222e-04
1.056359366514640185e-04 6.509432313319872760e-04
1.064852662584231678e-04 6.529282060344657407e-04
1.073414246095021957e-04 6.549216719620908284e-04
1.082044666088819405e-04 6.569236790448663554e-04
1.090744476021812643e-04 6.589342775525647159e-04
1.099514233800068122e-04 6.609535180972433152e-04
1.108354501815303646e-04 6.629814516357727125e-04
1.117265846980956118e-04 6.650181294723885072e-04
1.126248840768536059e-04 6.670636032612625244e-04
1.135304059244273236e-04 6.691179250090886375e-04
1.144432083106062745e-04 6.711811470776943940e-04
1.153633497720702074e-04 6.732533221866668447e-04
1.162908893161430110e-04 6.753345034159991900e-04
1.172258864245768507e-04 6.774247442087600853e-04
1.181684010573662969e-04 6.795240983737789930e-04
1.191184936565939899e-04 6.816326200883525682e-04
1.200762251503064326e-04 6.837503639009738119e-04
1.210416569564211976e-04 6.858773847340768380e-04
1.220148509866657115e-04 6.880137378868065754e-04
1.229958696505471425e-04 6.901594790378062522e-04
1.239847758593552751e-04 6.923146642480260213e-04
1.249816330301965143e-04 6.944793499635540292e-04
1.259865050900607826e-04 6.966535930184656993e-04
1.269994564799212266e-04 6.988374506376969757e-04
1.280205521588661936e-04 7.010309804399369755e-04
1.290498576082657926e-04 7.032342404405425400e-04
1.300874388359704679e-04 7.054472890544744718e-04
1.311333623805443203e-04 7.076701850992561053e-04
1.321876953155319849e-04 7.099029877979523692e-04
1.332505052537597424e-04 7.121457567821714001e-04
1.343218603516720296e-04 7.143985520950887078e-04
1.354018293137016144e-04 7.166614341944954093e-04
1.364904813966759021e-04 7.189344639558627268e-04
1.375878864142581252e-04 7.212177026754374928e-04
1.386941147414240958e-04 7.235112120733532687e-04
1.398092373189759020e-04 7.258150542967688927e-04
1.409333256580907318e-04 7.281292919230284962e-04
1.420664518449069134e-04 7.304539879628441784e-04
1.432086885451468985e-04 7.327892058635025350e-04
1.443601090087765675e-04 7.351350095120961223e-04
1.455207870747035105e-04 7.374914632387751965e-04
1.466907971755116575e-04 7.398586318200285096e-04
1.478702143422346677e-04 7.422365804819804763e-04
1.490591142091676736e-04 7.446253749037230361e-04
1.502575730187170520e-04 7.470250812206597662e-04
1.514656676262906643e-04 7.494357660278853396e-04
1.526834755052257722e-04 7.518574963835816805e-04
1.539110747517574750e-04 7.542903398124443676e-04
1.551485440900271279e-04 7.567343643091303980e-04
1.563959628771301972e-04 7.591896383417327289e-04
1.576534111082061017e-04 7.616562308552796493e-04
1.589209694215676816e-04 7.641342112752611470e-04
1.601987191038725450e-04 7.666236495111775030e-04
1.614867420953360196e-04 7.691246159601174831e-04
1.627851209949852517e-04 7.716371815103597329e-04
1.640939390659570507e-04 7.741614175450012769e-04
1.654132802408367993e-04 7.766973959456129062e-04
1.667432291270413546e-04 7.792451890959213459e-04
1.680838710122440163e-04 7.818048698855148415e-04
1.694352918698449227e-04 7.843765117135798612e-04
1.707975783644838667e-04 7.869601884926628443e-04
1.721708178575978891e-04 7.895559746524586199e-04
1.735550984130239470e-04 7.921639451436252814e-04
1.749505088026458188e-04 7.947841754416314769e-04
1.763571385120875205e-04 7.974167415506241930e-04
1.777750777464515814e-04 8.000617200073306895e-04
1.792044174361038318e-04 8.027191878849847207e-04
1.806452492425045676e-04 8.053892227972821389e-04
1.820976655640864166e-04 8.080719029023652284e-04
1.835617595421803713e-04 8.107673069068344713e-04
1.850376250669882785e-04 8.134755140697908860e-04
1.865253567836040380e-04 8.161966042069063393e-04
1.880250500980832642e-04 8.189306576945221561e-04
1.895368011835606799e-04 8.216777554737767853e-04
1.910607069864188746e-04 8.244379790547670759e-04
1.925968652325043607e-04 8.272114105207326474e-04
1.941453744333949396e-04 8.299981325322763632e-04
1.957063338927171852e-04 8.327982283316088738e-04
1.972798437125140446e-04 8.356117817468304565e-04
1.988660047996651037e-04 8.384388771962350811e-04
2.004649188723571875e-04 8.412795996926532901e-04
2.020766884666072452e-04 8.441340348478183894e-04
2.037014169428382534e-04 8.470022688767703690e-04
2.053392084925067000e-04 8.498843886022844352e-04
2.069901681447854167e-04 8.527804814593357551e-04
2.086544017732982906e-04 8.556906354995952096e-04
2.103320161029095922e-04 8.586149393959542023e-04
2.120231187165687878e-04 8.615534824470838385e-04
2.137278180622085319e-04 8.645063545820231600e-04
2.154462234597006372e-04 8.674736463648065202e-04
2.171784451078657128e-04 8.704554489991144861e-04
2.189245940915402378e-04 8.734518543329629044e-04
2.206847823887005827e-04 8.764629548634261195e-04
2.224591228776430843e-04 8.794888437413869720e-04
2.242477293442239953e-04 8.825296147763266952e-04
2.260507164891557039e-04 8.855853624411460373e-04
2.278681999353623141e-04 8.886561818770171740e-04
2.297002962353948024e-04 8.917421688982745450e-04
2.315471228789042605e-04 8.948434199973347462e-04
2.334087983001779953e-04 8.979600323496554539e-04
2.352854418857332805e-04 9.010921038187252484e-04
2.371771739819739382e-04 9.042397329610885656e-04
2.390841159029079884e-04 9.074030190314094635e-04
2.410063899379267182e-04 9.105820619875631440e-04
2.429441193596479354e-04 9.137769624957716016e-04
2.448974284318206161e-04 9.169878219357639922e-04
2.468664424172938715e-04 9.202147424059865495e-04
2.488512875860502088e-04 9.234578267288350538e-04
2.508520912233018377e-04 9.267171784559290410e-04
2.528689816376551193e-04 9.299929018734260202e-04
2.549020881693373842e-04 9.332851020073661564e-04
2.569515411984920001e-04 9.365938846290556598e-04
2.590174721535393599e-04 9.399193562604882301e-04
2.611000135196045479e-04 9.432616241798033640e-04
2.631992988470145570e-04 9.466207964267801160e-04
2.653154627598619140e-04 9.499969818083714088e-04
2.674486409646380735e-04 9.533902899042733621e-04
2.695989702589363080e-04 9.568008310725346303e-04
2.717665885402235004e-04 9.602287164552017343e-04
2.739516348146846312e-04 9.636740579840057021e-04
2.761542492061361135e-04 9.671369683860854636e-04
2.783745729650119309e-04 9.706175611897490839e-04
2.806127484774220389e-04 9.741159507302768472e-04
2.828689192742827024e-04 9.776322521557597942e-04
2.851432300405218594e-04 9.811665814329832529e-04
2.874358266243570736e-04 9.847190553533434389e-04
2.897468560466486746e-04 9.882897915388102420e-04
2.920764665103273302e-04 9.918789084479232975e-04
2.944248074098993005e-04 9.954865253818368474e-04
2.967920293410261233e-04 9.991127624903953924e-04
2.991782841101821452e-04 1.002757740778261386e-03
3.015837247443900059e-04 1.006421582111069598e-03
3.040085055010329938e-04 1.010104409221638079e-03
3.064527818777488784e-04 1.013806345716209692e-03
3.089167106224007214e-04 1.017527516080738532e-03
3.114004497431291656e-04 1.021268045687219071e-03
3.139041585184855509e-04 1.025028060800058007e-03
3.164279975076449906e-04 1.028807688582482338e-03
3.189721285607047198e-04 1.032607057103000769e-03
3.215367148290617532e-04 1.036426295341897003e-03
3.241219207758764122e-04 1.040265533197772679e-03
3.267279121866188468e-04 1.044124901494131305e-03
3.293548561796998011e-04 1.048004531986002075e-03
3.320029212171891984e-04 1.051904557366617260e-03
3.346722771156184265e-04 1.055825111274121247e-03
3.373630950568704987e-04 1.059766328298330758e-03
3.400755475991581967e-04 1.063728343987539087e-03
3.428098086880885164e-04 1.067711294855362399e-03
3.455660536678195963e-04 1.071715318387629840e-03
3.483444592923040563e-04 1.075740553049325246e-03
3.511452037366240070e-04 1.079787138291563768e-03
3.539684666084179430e-04 1.083855214558622276e-03
3.568144289593968145e-04 1.087944923295012037e-03
3.596832732969570783e-04 1.092056406952594773e-03
3.625751835958832513e-04 1.096189808997752486e-03
3.654903453101459817e-04 1.100345273918591337e-03
3.684289453847955299e-04 1.104522947232204708e-03
3.713911722679487078e-04 1.108722975491974443e-03
3.743772159228762691e-04 1.112945506294920218e-03
3.773872678401829993e-04 1.117190688289102039e-03
3.804215210500885283e-04 1.121458671181058738e-03
3.834801701348063705e-04 1.125749605743308268e-03
3.865634112410203820e-04 1.130063643821879868e-03
3.896714420924662220e-04 1.134400938343907385e-03
3.928044620026087657e-04 1.138761643325267910e-03
3.959626718874249027e-04 1.143145913878257933e-03
3.991462742782880867e-04 1.147553906219338444e-03
4.023554733349548555e-04 1.151985777676905846e-03
4.055904748586593362e-04 1.156441686699131825e-03
4.088514863053098838e-04 1.160921792861839422e-03
4.121387167987930001e-04 1.165426256876433975e-03
4.154523771443848065e-04 1.169955240597886316e-03
4.187926798422677926e-04 1.174508907032756301e-03
4.221598391011607007e-04 1.179087420347276621e-03
4.255540708520536334e-04 1.183690945875483670e-03
4.289755927620563501e-04 1.188319650127396977e-03
4.324246242483563950e-04 1.192973700797249608e-03
4.359013864922894389e-04 1.197653266771769734e-03
4.394061024535248720e-04 1.202358518138522481e-03
4.429389968843627443e-04 1.207089626194283224e-03
4.465002963441470408e-04 1.211846763453483956e-03
4.500902292137951835e-04 1.216630103656696302e-03
4.537090257104418075e-04 1.221439821779174602e-03
4.573569179022049448e-04 1.226276094039448639e-03
4.610341397230665900e-04 1.231139097907968643e-03
4.647409269878752399e-04 1.236029012115803620e-03
4.684775174074667730e-04 1.240946016663391953e-03
4.722441506039109886e-04 1.245890292829346857e-03
4.760410681258763778e-04 1.250862023179313007e-03
4.798685134641210415e-04 1.255861391574876734e-03
4.837267320671076410e-04 1.260888583182531502e-03
4.876159713567418939e-04 1.265943784482696311e-03
4.915364807442419324e-04 1.271027183278790242e-03
4.954885116461309365e-04 1.276138968706355377e-03
4.994723175003610086e-04 1.281279331242243455e-03
5.034881537825655271e-04 1.286448462713849373e-03
5.075362780224408447e-04 1.291646556308401281e-03
5.116169498202643258e-04 1.296873806582309876e-03
5.157304308635401015e-04 1.302130409470570382e-03
5.198769849437811109e-04 1.307416562296216580e-03
5.240568779734259067e-04 1.312732463779838800e-03
5.282703780028899032e-04 1.318078314049147453e-03
5.325177552377575703e-04 1.323454314648602045e-03
5.367992820561083090e-04 1.328860668549091805e-03
5.411152330259844665e-04 1.334297580157673769e-03
5.454658849229991049e-04 1.339765255327367028e-03
5.498515167480836317e-04 1.345263901367004010e-03
5.542724097453822314e-04 1.350793727051139217e-03
5.587288474202861590e-04 1.356354942630017815e-03
5.632211155576144013e-04 1.361947759839595828e-03
5.677495022399420060e-04 1.367572391911621920e-03
5.723142978660715257e-04 1.373229053583775120e-03
5.769157951696592861e-04 1.378917961109867594e-03
5.815542892379861779e-04 1.384639332270089273e-03
5.862300775308809967e-04 1.390393386381334013e-03
5.909434598997975220e-04 1.396180344307560231e-03
5.956947386070404575e-04 1.402000428470225914e-03
6.004842183451532429e-04 1.407853862858780879e-03
6.053122062564544013e-04 1.413740873041212376e-03
6.101790119527358662e-04 1.419661686174651617e-03
6.150849475351171085e-04 1.425616531016043196e-03
6.200303276140586416e-04 1.431605637932873267e-03
6.250154693295403244e-04 1.437629238913953455e-03
6.300406923713969829e-04 1.443687567580265478e-03
6.351063189998199139e-04 1.449780859195872774e-03
6.402126740660242727e-04 1.455909350678884825e-03
6.453600850330781140e-04 1.462073280612480666e-03
6.505488819969063160e-04 1.468272889255999416e-03
6.557793977074562663e-04 1.474508418556093456e-03
6.610519675900375629e-04 1.480780112157926726e-03
6.663669297668328023e-04 1.487088215416451946e-03
6.717246250785786953e-04 1.493432975407739654e-03
6.771253971064269440e-04 1.499814640940370578e-03
6.825695921939750133e-04 1.506233462566890658e-03
6.880575594694781803e-04 1.512689692595324195e-03
6.935896508682384181e-04 1.519183585100751825e-03
6.991662211551710878e-04 1.525715395936947695e-03
7.047876279475593069e-04 1.532285382748081043e-03
7.104542317379850414e-04 1.538893804980483258e-03
7.161663959174476577e-04 1.545540923894461348e-03
7.219244867986680889e-04 1.552227002576199878e-03
7.277288736395775334e-04 1.558952305949697168e-03
7.335799286670008747e-04 1.565717100788784760e-03
7.394780271005249594e-04 1.572521655729203910e-03
7.454235471765614882e-04 1.579366241280734558e-03
7.514168701726033290e-04 1.586251129839407565e-03
7.574583804316720832e-04 1.593176595699753815e-03
7.635484653869705667e-04 1.600142915067145899e-03
7.696875155867244833e-04 1.607150366070177108e-03
7.758759247192293382e-04 1.614199228773119128e-03
7.821140896380972783e-04 1.621289785188437423e-03
7.884024103877038591e-04 1.628422319289371881e-03
7.947412902288469904e-04 1.635597117022576661e-03
8.011311356646038566e-04 1.642814466320835498e-03
8.075723564664018597e-04 1.650074657115824716e-03
8.140653657002927404e-04 1.657377981350949530e-03
8.206105797534470102e-04 1.664724732994246701e-03
8.272084183608529716e-04 1.672115208051341189e-03
8.338593046322339891e-04 1.679549704578479127e-03
8.405636650791841174e-04 1.687028522695616529e-03
8.473219296425149333e-04 1.694551964599567626e-03
8.541345317198323264e-04 1.702120334577235817e-03
8.610019081933268769e-04 1.709733939018883656e-03
8.679244994577910502e-04 1.717393086431494341e-03
8.749027494488612533e-04 1.725098087452176139e-03
8.819371056714845388e-04 1.732849254861634682e-03
8.890280192286206893e-04 1.740646903597724846e-03
8.961759448501677551e-04 1.748491350769049027e-03
9.033813409221234068e-04 1.756382915668626334e-03
9.106446695159827517e-04 1.764321919787635931e-03
9.179663964183657843e-04 1.772308686829198766e-03
9.253469911608926861e-04 1.780343542722262300e-03
9.327869270502916858e-04 1.788426815635514068e-03
9.402866811987514077e-04 1.796558835991378302e-03
9.478467345545187918e-04 1.804739936480077162e-03
9.554675719327382485e-04 1.812970452073747914e-03
9.631496820465466858e-04 1.821250720040632539e-03
9.708935575384110717e-04 1.829581079959326315e-03
9.786996950117215436e-04 1.837961873733099261e-03
9.865685950626393048e-04 1.846393445604271573e-03
9.945007623121937795e-04 1.854876142168658884e-03
1.002496705438651577e-03 1.863410312390083659e-03
1.010556937210130160e-03 1.871996307614949041e-03
1.018681974517484951e-03 1.880634481586878400e-03
1.026872338407455775e-03 1.889325190461417113e-03
1.035128554116077852e-03 1.898068792820797445e-03
1.043451151102369476e-03 1.906865649688774342e-03
1.051840663082283158e-03 1.915716124545521282e-03
1.060297628062930415e-03 1.924620583342586625e-03
1.068822588377087157e-03 1.933579394517920009e-03
1.077416090717966653e-03 1.942592929010961839e-03
1.086078686174285230e-03 1.951661560277795880e-03
1.094810930265598592e-03 1.960785664306361701e-03
1.103613382977927182e-03 1.969965619631738017e-03
1.112486608799668651e-03 1.979201807351489359e-03
1.121431176757792855e-03 1.988494611141063476e-03
1.130447660454340008e-03 1.997844417269270707e-03
1.139536638103200291e-03 2.007251614613820602e-03
1.148698692567194212e-03 2.016716594676911441e-03
1.157934411395452863e-03 2.026239751600896095e-03
1.167244386861092213e-03 2.035821482184001219e-03
1.176629215999200296e-03 2.045462185896118872e-03
1.186089500645120393e-03 2.055162264894660161e-03
1.195625847473047324e-03 2.064922124040452674e-03
1.205238868034933181e-03 2.074742170913732031e-03
1.214929178799700749e-03 2.084622815830165093e-03
1.224697401192783924e-03 2.094564471856953831e-03
1.234544161635973665e-03 2.104567554829003383e-03
1.244470091587591585e-03 2.114632483365132612e-03
1.254475827582984685e-03 2.124759678884370531e-03
1.264562011275341229e-03 2.134949565622286556e-03
1.274729289476845759e-03 2.145202570647417040e-03
1.284978314200153947e-03 2.155519123877716083e-03
1.295309742700207021e-03 2.165899658097097859e-03
1.305724237516376869e-03 2.176344608972011468e-03
1.316222466514959180e-03 2.186854415068104681e-03
1.326805102931999424e-03 2.197429517866929336e-03
1.337472825416467087e-03 2.208070361782704834e-03
1.348226318073777498e-03 2.218777394179154497e-03
1.359066270509657996e-03 2.229551065386392236e-03
1.369993377874378828e-03 2.240391828717873401e-03
1.381008340907326432e-03 2.251300140487391167e-03
1.392111865981942751e-03 2.262276460026159224e-03
1.403304665151024937e-03 2.273321249699921352e-03
1.414587456192383484e-03 2.284434974926131262e-03
1.425960962654878976e-03 2.295618104191203979e-03
1.437425913904818780e-03 2.306871109067807572e-03
1.448983045172729314e-03 2.318194464232213418e-03
1.460633097600508648e-03 2.329588647481711534e-03
1.472376818288948820e-03 2.341054139752072293e-03
1.484214960345653887e-03 2.352591425135072342e-03
1.496148282933330072e-03 2.364200990896076458e-03
1.508177551318472297e-03 2.375883327491669708e-03
1.520303536920440159e-03 2.387638928587343824e-03
1.532527017360922703e-03 2.399468291075244723e-03
1.544848776513814111e-03 2.411371915091970776e-03
1.557269604555476441e-03 2.423350304036420936e-03
1.569790298015415675e-03 2.435403964587707498e-03
1.582411659827360866e-03 2.447533406723107451e-03
1.595134499380751599e-03 2.459739143736079745e-03
1.607959632572650245e-03 2.472021692254327239e-03
1.620887881860059694e-03 2.484381572257909378e-03
1.633920076312665465e-03 2.496819307097415154e-03
1.647057051666006924e-03 2.509335423512174673e-03
1.660299650375064631e-03 2.521930451648535763e-03
1.673648721668293936e-03 2.534604925078173115e-03
1.687105121602080126e-03 2.547359380816463341e-03
1.700669713115636776e-03 2.560194359340899929e-03
1.714343366086346250e-03 2.573110404609561981e-03
1.728126957385538436e-03 2.586108064079619805e-03
1.742021370934730912e-03 2.599187888725906868e-03
1.756027497762309084e-03 2.612350433059524267e-03
1.770146236060666676e-03 2.625596255146496819e-03
1.784378491243807660e-03 2.638925916626467302e-03
1.798725176005403327e-03 2.652339982731455326e-03
1.813187210377330532e-03 2.665839022304638747e-03
1.827765521788665736e-03 2.679423607819198840e-03
1.842461045125161952e-03 2.693094315397187577e-03
1.857274722789202959e-03 2.706851724828467781e-03
1.872207504760231523e-03 2.720696419589658903e-03
1.887260348655680044e-03 2.734628986863160867e-03
1.902434219792374127e-03 2.748650017556191795e-03
1.917730091248439662e-03 2.762760106319887745e-03
1.933148943925705812e-03 2.776959851568426736e-03
1.948691766612601749e-03 2.791249855498195709e-03
1.964359556047577497e-03 2.805630724106999117e-03
1.980153316983015912e-03 2.820103067213310458e-03
1.996074062249666818e-03 2.834667498475553719e-03
2.012122812821601128e-03 2.849324635411424299e-03
2.028300597881678002e-03 2.864075099417236377e-03
2.044608454887553682e-03 2.878919515787329263e-03
2.061047429638206835e-03 2.893858513733483726e-03
2.077618576341003394e-03 2.908892726404387757e-03
2.094322957679306974e-03 2.924022790905127928e-03
2.111161644880615775e-03 2.939249348316714562e-03
2.128135717785272375e-03 2.954573043715639884e-03
2.145246264915705216e-03 2.969994526193470846e-03
2.162494383546233450e-03 2.985514448876464520e-03
2.179881179773437722e-03 3.001133468945214704e-03
2.197407768587083914e-03 3.016852247654328890e-03
2.215075273941637547e-03 3.032671450352137331e-03
2.232884828828333307e-03 3.048591746500422042e-03
2.250837575347836104e-03 3.064613809694171406e-03
2.268934664783475458e-03 3.080738317681359917e-03
2.287177257675084875e-03 3.096965952382774341e-03
2.305566523893421045e-03 3.113297399911809510e-03
2.324103642715184999e-03 3.129733350594359528e-03
2.342789802898651713e-03 3.146274498988668646e-03
2.361626202759893860e-03 3.162921543905230712e-03
2.380614050249639600e-03 3.179675188426702489e-03
2.399754563030731449e-03 3.196536139927852981e-03
2.419048968556211827e-03 3.213505110095495401e-03
2.438498504148042204e-03 3.230582814948473359e-03
2.458104417076441544e-03 3.247769974857630561e-03
2.477867964639884381e-03 3.265067314565826915e-03
2.497790414245721659e-03 3.282475563207942933e-03
2.517873043491459899e-03 3.299995454330912747e-03
2.538117140246692188e-03 3.317627725913767540e-03
2.558524002735681428e-03 3.335373120387665966e-03
2.579094939620623587e-03 3.353232384655988746e-03
2.599831270085564087e-03 3.371206270114381238e-03
2.620734323920996360e-03 3.389295532670844567e-03
2.641805441609141290e-03 3.407500932765821118e-03
2.663045974409900592e-03 3.425823235392272230e-03
2.684457284447528368e-03 3.444263210115799251e-03
2.706040744797967926e-03 3.462821631094717759e-03
2.727797739576911119e-03 3.481499277100168644e-03
2.749729664028560672e-03 3.500296931536227459e-03
2.771837924615095511e-03 3.519215382460000319e-03
2.794123939106880287e-03 3.538255422601732821e-03
2.816589136673373992e-03 3.557417849384894235e-03
2.839234957974784510e-03 3.576703464946297695e-03
2.862062855254456951e-03 3.596113076156186132e-03
2.885074292431996212e-03 3.615647494638303885e-03
2.908270745197156278e-03 3.635307536789995214e-03
2.931653701104471130e-03 3.655094023802265071e-03
2.955224659668645015e-03 3.675007781679853758e-03
2.978985132460721177e-03 3.695049641261279917e-03
3.002936643205004769e-03 3.715220438238876592e-03
3.027080727876791961e-03 3.735521013178833352e-03
3.051418934800861037e-03 3.755952211541193752e-03
3.075952824750765365e-03 3.776514883699861897e-03
3.100683971048927377e-03 3.797209884962588627e-03
3.125613959667521407e-03 3.818038075590906959e-03
3.150744389330196148e-03 3.839000320820101786e-03
3.176076871614589864e-03 3.860097490879121039e-03
3.201613031055677416e-03 3.881330461010475998e-03
3.227354505249955575e-03 3.902700111490103874e-03
3.253302944960446280e-03 3.924207327647234733e-03
3.279460014222575909e-03 3.945852999884203773e-03
3.305827390450874655e-03 3.967638023696247115e-03
3.332406764546550632e-03 3.989563299691276793e-03
3.359199841005927872e-03 4.011629733609605418e-03
3.386208338029741277e-03 4.033838236343638764e-03
3.413433987633338398e-03 4.056189723957574420e-03
3.440878535757742503e-03 4.078685117707000693e-03
3.468543742381616831e-03 4.101325344058524142e-03
3.496431381634134816e-03 4.124111334709299956e-03
3.524543241908738907e-03 4.147044026606569282e-03
3.552881125977847433e-03 4.170124361967127158e-03
3.581446851108448324e-03 4.193353288296765291e-03
3.610242249178648253e-03 4.216731758409654127e-03
3.639269166795132057e-03 4.240260730447677207e-03
3.668529465411605323e-03 4.263941167899760326e-03
3.698025021448148996e-03 4.287774039621081862e-03
3.727757726411560623e-03 4.311760319852284834e-03
3.757729487016652718e-03 4.335900988238634325e-03
3.787942225308517374e-03 4.360197029849083826e-03
3.818397878785800056e-03 4.384649435195321632e-03
