2.497382406435652939e-25 9.768325619515944397e-18
1.592405960127358361e-24 3.089015920155193588e-17
1.015365822756892167e-23 9.768326876420302874e-17
6.474277161963938908e-23 3.089016721595150065e-16
4.128193389070159467e-22 9.768331986641967382e-16
2.632259977636328568e-21 3.089019980025807047e-15
1.678407946733001633e-20 9.768352763373603653e-15
1.070203270037972128e-19 3.089033227893325649e-14
6.823937180644061677e-19 9.768437235752100315e-14
4.351147109064984495e-18 3.089087090016611440e-13
1.915297948882004416e-17 7.759322488683919743e-13
8.060281057525431301e-17 1.949163039787816667e-12
3.231548868885900942e-16 4.896382250613372468e-12
4.345363206717196250e-16 6.163781780305984805e-12
1.185699981296668146e-15 1.229732179640797847e-11
3.167099671296256822e-15 2.454290871984140256e-11
8.312293945536222779e-15 4.898397135859626299e-11
2.151611673377367987e-14 9.773430848120292535e-11
5.516190296262407946e-14 1.950308160666369755e-10
7.219962673568143336e-14 2.455395918119563429e-10
1.345996703506809824e-13 3.892770603306517574e-10
2.502777173064534741e-13 6.169465998965407740e-10
3.411676113431318569e-13 7.768626451909397954e-10
4.161104603351930561e-13 9.006720410829545173e-10
5.668224300832851639e-13 1.192414995932578561e-09
1.051017683769589897e-12 1.890432911212288601e-09
1.946696275912857264e-12 3.094630240399093478e-09
3.604197434436283020e-12 4.906521065391501087e-09
4.678350727597027810e-12 5.964785761620009416e-09
6.363945126095426008e-12 7.510858710852283575e-09
8.659328086403540721e-12 9.798092857573101657e-09
1.177437263656969924e-11 1.233578754396143564e-08
1.601314678573479096e-11 1.553407705195085344e-08
2.068158225216417963e-11 1.881943995759334440e-08
2.812629084553211013e-11 2.462793118627416045e-08
3.823985723652250255e-11 3.101071367919697201e-08
4.915490723856361436e-11 3.744047090307774978e-08
6.683712298751739095e-11 4.918310976261355027e-08
9.088989403667837668e-11 6.194746997419662658e-08
1.198094057756214983e-10 7.622496704508910767e-08
1.235276287134856064e-10 8.111821537560480725e-08
1.679810496150610554e-10 1.052041443179145334e-07
2.145827771029579730e-10 1.264403182978826954e-07
2.389577941400671919e-10 1.370814666799720085e-07
2.718434103460653354e-10 1.558050328926489486e-07
3.695913600236930604e-10 2.029070399259184632e-07
4.805596579248377059e-10 2.471473550088626382e-07
6.228436556804378813e-10 3.112918511513913844e-07
6.449051117784316288e-10 3.195404339442749206e-07
6.519284217721749412e-10 3.221516175955882510e-07
6.901021772675798839e-10 3.362246542759246589e-07
7.517420508597271333e-10 3.585491157042282318e-07
7.842145311837404764e-10 3.701260768930860222e-07
8.123077711587138292e-10 3.800461204279264704e-07
8.948523203792971162e-10 4.248355205313744057e-07
1.780367769825735293e-09 1.571243743291283042e-06
2.831798589477310162e-09 2.360915204371286954e-06
4.352717025416528164e-09 3.331634749736530039e-06
6.442936706730940560e-09 4.497300351158025239e-06
9.210451352971400048e-09 5.875749191388290656e-06
1.726412223638507203e-08 9.359364509061765243e-06
2.961440629244172500e-08 1.399035730184682620e-05
4.760234259406434222e-08 2.000744564924680080e-05
7.280858902572716169e-08 2.762541866450402925e-05
1.069774052811704485e-07 3.692082460755834189e-05
1.786399553702715184e-07 5.352425790188030335e-05
3.179080611873818725e-07 7.810458603098302793e-05
4.169532575344421554e-07 9.195064971249766836e-05
4.437988271458211392e-07 9.546604737380116803e-05
8.192319285407806845e-07 1.258634192745901824e-04
1.314778123153872050e-06 1.509222307055635968e-04
1.325349146822277157e-06 1.513820521265373616e-04
1.336005163189777507e-06 1.518427257170006138e-04
1.346746855611091059e-06 1.523042513818696905e-04
1.357574912935215619e-06 1.527666290335406493e-04
1.368490029549603939e-06 1.532298585920188045e-04
1.379492905424693508e-06 1.536939399850475291e-04
1.390584246158794854e-06 1.541588731482380621e-04
1.401764763023339192e-06 1.546246580251990155e-04
1.413035173008493906e-06 1.550912945676666147e-04
1.424396198869139073e-06 1.555587827356348023e-04
1.435848569171219008e-06 1.560271224974858848e-04
1.447393018338463336e-06 1.564963138301212603e-04
1.459030286699483925e-06 1.569663567190923627e-04
1.470761120535251087e-06 1.574372511587321486e-04
1.482586272126953476e-06 1.579089971522864753e-04
1.494506499804237890e-06 1.583815947120459670e-04
1.506522567993841241e-06 1.588550438594780708e-04
1.518635247268613433e-06 1.593293446253593831e-04
1.530845314396930090e-06 1.598044970499081126e-04
1.543153552392507833e-06 1.602805011829171926e-04
1.555560750564617665e-06 1.607573570838870150e-04
1.568067704568701118e-06 1.612350648221590307e-04
1.580675216457395516e-06 1.617136244770492695e-04
1.593384094731967511e-06 1.621930361379823470e-04
1.606195154394161667e-06 1.626732999046253097e-04
1.619109216998465563e-06 1.631544158870224285e-04
1.632127110704794611e-06 1.636363842057295852e-04
1.645249670331600176e-06 1.641192049919493103e-04
1.658477737409406078e-06 1.646028783876661182e-04
1.671812160234774544e-06 1.650874045457817072e-04
1.685253793924705419e-06 1.655727836302510545e-04
1.698803500471475197e-06 1.660590158162182661e-04
1.712462148797913751e-06 1.665461012901528612e-04
1.726230614813127671e-06 1.670340402499865444e-04
1.740109781468671041e-06 1.675228329052498425e-04
1.754100538815168107e-06 1.680124794772095537e-04
1.768203784059390383e-06 1.685029801990058996e-04
1.782420421621793904e-06 1.689943353157905438e-04
1.796751363194517053e-06 1.694865450848643672e-04
1.811197527799847437e-06 1.699796097758160291e-04
1.825759841849157588e-06 1.704735296706604193e-04
1.840439239202312682e-06 1.709683050639775991e-04
1.855236661227559153e-06 1.714639362630522568e-04
1.870153056861892733e-06 1.719604235880128646e-04
1.885189382671912052e-06 1.724577673719718122e-04
1.900346602915162880e-06 1.729559679611654855e-04
1.915625689601972592e-06 1.734550257150946980e-04
1.931027622557787134e-06 1.739549410066654742e-04
1.946553389486002023e-06 1.744557142223303217e-04
1.962203986031304102e-06 1.749573457622295020e-04
1.977980415843521735e-06 1.754598360403328717e-04
1.993883690641984908e-06 1.759631854845819402e-04
2.009914830280407955e-06 1.764673945370324960e-04
2.026074862812289394e-06 1.769724636539971258e-04
2.042364824556840738e-06 1.774783933061885993e-04
2.058785760165443004e-06 1.779851839788632289e-04
2.075338722688638974e-06 1.784928361719647695e-04
2.092024773643665436e-06 1.790013504002686178e-04
2.108844983082524143e-06 1.795107271935263908e-04
2.125800429660603336e-06 1.800209670966108292e-04
2.142892200705852387e-06 1.805320706696611076e-04
2.160121392288507855e-06 1.810440384882287682e-04
2.177489109291384941e-06 1.815568711434233562e-04
2.194996465480730521e-06 1.820705692420593563e-04
2.212644583577647506e-06 1.825851334068027498e-04
2.230434595330094338e-06 1.831005642763184932e-04
2.248367641585462583e-06 1.836168625054180779e-04
2.266444872363734743e-06 1.841340287652075240e-04
2.284667446931237534e-06 1.846520637432362414e-04
2.303036533874980460e-06 1.851709681436455922e-04
2.321553311177598324e-06 1.856907426873183754e-04
2.340218966292892170e-06 1.862113881120288804e-04
2.359034696221977540e-06 1.867329051725926422e-04
2.378001707590048958e-06 1.872552946410175527e-04
2.397121216723758926e-06 1.877785573066549163e-04
2.416394449729216957e-06 1.883026939763508595e-04
2.435822642570618791e-06 1.888277054745986336e-04
2.455407041149510052e-06 1.893535926436911896e-04
2.475148901384677540e-06 1.898803563438739689e-04
2.495049489292697414e-06 1.904079974534987521e-04
2.515110081069115668e-06 1.909365168691774524e-04
2.535331963170293968e-06 1.914659155059367506e-04
2.555716432395905574e-06 1.919961942973730815e-04
2.576264795972097460e-06 1.925273541958082710e-04
2.596978371635322010e-06 1.930593961724456616e-04
2.617858487716840418e-06 1.935923212175265893e-04
2.638906483227905819e-06 1.941261303404876479e-04
2.660123707945635497e-06 1.946608245701184124e-04
2.681511522499565365e-06 1.951964049547198418e-04
2.703071298458909184e-06 1.957328725622628160e-04
2.724804418420513616e-06 1.962702284805479744e-04
2.746712276097521399e-06 1.968084738173653649e-04
2.768796276408749415e-06 1.973476097006552851e-04
2.791057835568783777e-06 1.978876372786693406e-04
2.813498381178799117e-06 1.984285577201325601e-04
2.836119352318110575e-06 1.989703722144053758e-04
2.858922199636454220e-06 1.995130819716472287e-04
2.881908385447023458e-06 2.000566882229799044e-04
2.905079383820237275e-06 2.006011922206520060e-04
2.928436680678275883e-06 2.011465952382041056e-04
2.951981773890366855e-06 2.016928985706343289e-04
2.975716173368843734e-06 2.022401035345647259e-04
2.999641401165972491e-06 2.027882114684085094e-04
3.023758991571561062e-06 2.033372237325375639e-04
3.048070491211348998e-06 2.038871417094511478e-04
3.072577459146189518e-06 2.044379668039451642e-04
3.097281466972034551e-06 2.049897004432817030e-04
3.122184098920712597e-06 2.055423440773602637e-04
3.147286951961526515e-06 2.060958991788887070e-04
3.172591635903666163e-06 2.066503672435559137e-04
3.198099773499439690e-06 2.072057497902043629e-04
3.223813000548341274e-06 2.077620483610042007e-04
3.249732966001949800e-06 2.083192645216276606e-04
3.275861332069676686e-06 2.088773998614244613e-04
3.302199774325358210e-06 2.094364559935981242e-04
3.328749981814709676e-06 2.099964345553829428e-04
3.355513657163640611e-06 2.105573372082218187e-04
3.382492516687441111e-06 2.111191656379452094e-04
3.409688290500845736e-06 2.116819215549505635e-04
3.437102722628988893e-06 2.122456066943831387e-04
3.464737571119237745e-06 2.128102228163169282e-04
3.492594608153940352e-06 2.133757717059375650e-04
3.520675620164069955e-06 2.139422551737252005e-04
3.548982407943787459e-06 2.145096750556389265e-04
3.577516786765921665e-06 2.150780332133017409e-04
3.606280586498382518e-06 2.156473315341868671e-04
3.635275651721507778e-06 2.162175719318048877e-04
3.664503841846350749e-06 2.167887563458915283e-04
3.693967031233923461e-06 2.173608867425972572e-04
3.723667109315396145e-06 2.179339651146771023e-04
3.753605980713264034e-06 2.185079934816818229e-04
3.783785565363490354e-06 2.190829738901504096e-04
3.814207798638622568e-06 2.196589084138031542e-04
3.844874631471911074e-06 2.202357991537362363e-04
3.875788030482417669e-06 2.208136482386170154e-04
3.906949978101130282e-06 2.213924578248808409e-04
3.938362472698097963e-06 2.219722300969286476e-04
3.970027528710577648e-06 2.225529672673261239e-04
4.001947176772221930e-06 2.231346715770033404e-04
4.034123463843295133e-06 2.237173452954564388e-04
4.066558453341949860e-06 2.243009907209497539e-04
4.099254225276542013e-06 2.248856101807197253e-04
4.132212876379026623e-06 2.254712060311795947e-04
4.165436520239413318e-06 2.260577806581256480e-04
4.198927287441307691e-06 2.266453364769446235e-04
4.232687325698547029e-06 2.272338759328223936e-04
4.266718799992921095e-06 2.278234015009537850e-04
4.301023892713022004e-06 2.284139156867543504e-04
4.335604803794188465e-06 2.290054210260726011e-04
4.370463750859583354e-06 2.295979200854040832e-04
4.405602969362412238e-06 2.301914154621071058e-04
4.441024712729278624e-06 2.307859097846189317e-04
4.476731252504688621e-06 2.313814057126745421e-04
4.512724878496727906e-06 2.319779059375260246e-04
4.549007898923899963e-06 2.325754131821636424e-04
4.585582640563146790e-06 2.331739302015384751e-04
4.622451448899067301e-06 2.337734597827863605e-04
4.659616688274324121e-06 2.343740047454536529e-04
4.697080742041272648e-06 2.349755679417241192e-04
4.734846012714792902e-06 2.355781522566477871e-04
4.772914922126365665e-06 2.361817606083709855e-04
4.811289911579378510e-06 2.367863959483683368e-04
4.849973442005683753e-06 2.373920612616761856e-04
4.888967994123416782e-06 2.379987595671275184e-04
4.928276068596075620e-06 2.386064939175890781e-04
4.967900186192887132e-06 2.392152674001993197e-04
5.007842887950462419e-06 2.398250831366090490e-04
5.048106735335746469e-06 2.404359442832228471e-04
5.088694310410286651e-06 2.410478540314432054e-04
5.129608215995807326e-06 2.416608156079154478e-04
5.170851075841135472e-06 2.422748322747752257e-04
5.212425534790447694e-06 2.428899073298975331e-04
5.254334258952890256e-06 2.435060441071474279e-04
5.296579935873545066e-06 2.441232459766329765e-04
5.339165274705781395e-06 2.447415163449597700e-04
5.382093006384988266e-06 2.453608586554877177e-04
5.425365883803710372e-06 2.459812763885891413e-04
5.468986681988177365e-06 2.466027730619097967e-04
5.512958198276270564e-06 2.472253522306309525e-04
5.557283252496910980e-06 2.478490174877343152e-04
5.601964687150886445e-06 2.484737724642680922e-04
5.647005367593142427e-06 2.490996208296160906e-04
5.692408182216528884e-06 2.497265662917683886e-04
5.738176042637028582e-06 2.503546125975939039e-04
5.784311883880480426e-06 2.509837635331158890e-04
5.830818664570793567e-06 2.516140229237891625e-04
5.877699367119677705e-06 2.522453946347789650e-04
5.924956997917905666e-06 2.528778825712435030e-04
5.972594587528105724e-06 2.535114906786173588e-04
6.020615190879108229e-06 2.541462229428978286e-04
6.069021887461855859e-06 2.547820833909340246e-04
6.117817781526880033e-06 2.554190760907171709e-04
6.167006002283380756e-06 2.560572051516744213e-04
6.216589704099893812e-06 2.566964747249647389e-04
6.266572066706569851e-06 2.573368890037767802e-04
6.316956295399101808e-06 2.579784522236297614e-04
6.367745621244258293e-06 2.586211686626772518e-04
6.418943301287098344e-06 2.592650426420120514e-04
6.470552618759834507e-06 2.599100785259753511e-04
6.522576883292387436e-06 2.605562807224676820e-04
6.575019431124625245e-06 2.612036536832621414e-04
6.627883625320308787e-06 2.618522019043211424e-04
6.681172855982764026e-06 2.625019299261154948e-04
6.734890540472282362e-06 2.631528423339458164e-04
6.789040123625270926e-06 2.638049437582678483e-04
6.843625077975164700e-06 2.644582388750192333e-04
6.898648903975120794e-06 2.651127324059502515e-04
6.954115130222485571e-06 2.657684291189566167e-04
7.010027313685089657e-06 2.664253338284161749e-04
7.066389039929343754e-06 2.670834513955274467e-04
7.123203923350178437e-06 2.677427867286517470e-04
7.180475607402832179e-06 2.684033447836591002e-04
7.238207764836501154e-06 2.690651305642755096e-04
7.296404097929858443e-06 2.697281491224344562e-04
7.355068338728484992e-06 2.703924055586319746e-04
7.414204249284199617e-06 2.710579050222841147e-04
7.473815621896305848e-06 2.717246527120873844e-04
7.533906279354801346e-06 2.723926538763839092e-04
7.594480075185511778e-06 2.730619138135277841e-04
7.655540893897217760e-06 2.737324378722571713e-04
7.717092651230772333e-06 2.744042314520679714e-04
7.779139294410190324e-06 2.750773000035914499e-04
7.841684802395804474e-06 2.757516490289761485e-04
7.904733186139407852e-06 2.764272840822720170e-04
7.968288488841482518e-06 2.771042107698190463e-04
8.032354786210476306e-06 2.777824347506393696e-04
8.096936186724180252e-06 2.784619617368325087e-04
8.162036831893198190e-06 2.791427974939752815e-04
8.227660896526528853e-06 2.798249478415246378e-04
8.293812588999294354e-06 2.805084186532245060e-04
8.360496151522618430e-06 2.811932158575169223e-04
8.427715860415668019e-06 2.818793454379562506e-04
8.495476026379900503e-06 2.825668134336282804e-04
8.563780994775484443e-06 2.832556259395725240e-04
8.632635145899975106e-06 2.839457891072092832e-04
8.702042895269209233e-06 2.846373091447700781e-04
8.772008693900468148e-06 2.853301923177326287e-04
8.842537028597914311e-06 2.860244449492602820e-04
8.913632422240328409e-06 2.867200734206453426e-04
8.985299434071143603e-06 2.874170841717563598e-04
9.057542659990836217e-06 2.881154837014906741e-04
9.130366732851644078e-06 2.888152785682308659e-04
9.203776322754666708e-06 2.895164753903053793e-04
9.277776137349360932e-06 2.902190808464544030e-04
9.352370922135423413e-06 2.909231016762996017e-04
9.427565460767117739e-06 2.916285446808188336e-04
9.503364575360040954e-06 2.923354167228259639e-04
9.579773126800363427e-06 2.930437247274546362e-04
9.656796015056547144e-06 2.937534756826470851e-04
9.734438179493581377e-06 2.944646766396484777e-04
9.812704599189712022e-06 2.951773347135050506e-04
9.891600293255774711e-06 2.958914570835684266e-04
9.971130321157050395e-06 2.966070509940044848e-04
1.005129978303770437e-05 2.973241237543065136e-04
1.013211382004788330e-05 2.980426827398151941e-04
1.021357761467337704e-05 2.987627353922423239e-04
1.029569639106799101e-05 2.994842892202012087e-04
1.037847541538855445e-05 3.002073517997408490e-04
1.046191999613260878e-05 3.009319307748871191e-04
1.054603548447888097e-05 3.016580338581885011e-04
1.063082727463039620e-05 3.023856688312676717e-04
1.071630080416043498e-05 3.031148435453788373e-04
1.080246155436123287e-05 3.038455659219704884e-04
1.088931505059545848e-05 3.045778439532545521e-04
1.097686686265059177e-05 3.053116857027804768e-04
1.106512260509606359e-05 3.060470993060161477e-04
1.115408793764334295e-05 3.067840929709344947e-04
1.124376856550887540e-05 3.075226749786058459e-04
1.133417023977992674e-05 3.082628536837967869e-04
1.142529875778344041e-05 3.090046375155754707e-04
1.151715996345775456e-05 3.097480349779226745e-04
1.160975974772741410e-05 3.104930546503496857e-04
1.170310404888093045e-05 3.112397051885225862e-04
1.179719885295156863e-05 3.119879953248927158e-04
1.189205019410127337e-05 3.127379338693344539e-04
1.198766415500758191e-05 3.134895297097891275e-04
1.208404686725374028e-05 3.142427918129161286e-04
1.218120451172186551e-05 3.149977292247502659e-04
1.227914331898936551e-05 3.157543510713673026e-04
1.237786956972847432e-05 3.165126665595550774e-04
1.247738959510899600e-05 3.172726849774927570e-04
1.257770977720437219e-05 3.180344156954374615e-04
1.267883654940089558e-05 3.187978681664171781e-04
1.278077639681032172e-05 3.195630519269320228e-04
1.288353585668571809e-05 3.203299765976630378e-04
1.298712151884069296e-05 3.210986518841875480e-04
1.309154002607201227e-05 3.218690875777038959e-04
1.319679807458555897e-05 3.226412935557623567e-04
1.330290241442577870e-05 3.234152797830045639e-04
1.340985984990854582e-05 3.241910563119119884e-04
1.351767724005748876e-05 3.249686332835601639e-04
1.362636149904389482e-05 3.257480209283835910e-04
1.373591959663005063e-05 3.265292295669472563e-04
1.384635855861625365e-05 3.273122696107271488e-04
1.395768546729134726e-05 3.280971515628996679e-04
1.406990746188687274e-05 3.288838860191388913e-04
1.418303173903494649e-05 3.296724836684232214e-04
1.429706555322971678e-05 3.304629552938500008e-04
1.441201621729262881e-05 3.312553117734608069e-04
1.452789110284137093e-05 3.320495640810735226e-04
1.464469764076258002e-05 3.328457232871251414e-04
1.476244332168841271e-05 3.336438005595241123e-04
1.488113569647687745e-05 3.344438071645103295e-04
1.500078237669609510e-05 3.352457544675266680e-04
1.512139103511236269e-05 3.360496539340988680e-04
1.524296940618225585e-05 3.368555171307259901e-04
1.536552528654859881e-05 3.376633557257798695e-04
1.548906653554044420e-05 3.384731814904158999e-04
1.561360107567710340e-05 3.392850062994922744e-04
1.573913689317617322e-05 3.400988421325013152e-04
1.586568203846572481e-05 3.409147010745099105e-04
1.599324462670053640e-05 3.417325953171110645e-04
1.612183283828249678e-05 3.425525371593861270e-04
1.625145491938524055e-05 3.433745390088775934e-04
1.638211918248291016e-05 3.441986133825729647e-04
1.651383400688327842e-05 3.450247729078999900e-04
1.664660783926507235e-05 3.458530303237332404e-04
1.678044919421963038e-05 3.466833984814107110e-04
1.691536665479697777e-05 3.475158903457641383e-04
1.705136887305618791e-05 3.483505189961594002e-04
1.718846457062027700e-05 3.491872976275491687e-04
1.732666253923547962e-05 3.500262395515378665e-04
1.746597164133505074e-05 3.508673581974584431e-04
1.760640081060762488e-05 3.517106671134614558e-04
1.774795905257008140e-05 3.525561799676169440e-04
1.789065544514508883e-05 3.534039105490281761e-04
1.803449913924326387e-05 3.542538727689594912e-04
1.817949935934995174e-05 3.551060806619755236e-04
1.832566540411685499e-05 3.559605483870949033e-04
1.847300664695826676e-05 3.568172902289559354e-04
1.862153253665223718e-05 3.576763205989976217e-04
1.877125259794648314e-05 3.585376540366521205e-04
1.892217643216917696e-05 3.594013052105527102e-04
1.907431371784471563e-05 3.602672889197548723e-04
1.922767421131431814e-05 3.611356200949719024e-04
1.938226774736176599e-05 3.620063137998248324e-04
1.953810423984404630e-05 3.628793852321069899e-04
1.969519368232709752e-05 3.637548497250629774e-04
1.985354614872674226e-05 3.646327227486832094e-04
2.001317179395463805e-05 3.655130199110127615e-04
2.017408085456957450e-05 3.663957569594764822e-04
2.033628364943385609e-05 3.672809497822187414e-04
2.049979058037508899e-05 3.681686144094600929e-04
2.066461213285321615e-05 3.690587670148681937e-04
2.083075887663291573e-05 3.699514239169464499e-04
2.099824146646147143e-05 3.708466015804388720e-04
2.116707064275197571e-05 3.717443166177502711e-04
2.133725723227218103e-05 3.726445857903847242e-04
2.150881214883874158e-05 3.735474260104004653e-04
2.168174639401711665e-05 3.744528543418817437e-04
2.185607105782709823e-05 3.753608880024290060e-04
2.203179731945397645e-05 3.762715443646658824e-04
2.220893644796546494e-05 3.771848409577653106e-04
2.238749980303437236e-05 3.781007954689923002e-04
2.256749883566704060e-05 3.790194257452664315e-04
2.274894508893773586e-05 3.799407497947433266e-04
2.293185019872884703e-05 3.808647857884129803e-04
2.311622589447709806e-05 3.817915520617200459e-04
2.330208399992576056e-05 3.827210671162019568e-04
2.348943643388281952e-05 3.836533496211464540e-04
2.367829521098541710e-05 3.845884184152707991e-04
2.386867244247020879e-05 3.855262925084196345e-04
2.406058033695015699e-05 3.864669910832842030e-04
2.425403120119738938e-05 3.874105334971418959e-04
2.444903744093239979e-05 3.883569392836179728e-04
2.464561156161966971e-05 3.893062281544670692e-04
2.484376616926954753e-05 3.902584200013775248e-04
2.504351397124673475e-05 3.912135348977978312e-04
2.524486777708511814e-05 3.921715931007842748e-04
2.544784049930928663e-05 3.931326150528723778e-04
2.565244515426255684e-05 3.940966213839707292e-04
2.585869486294168005e-05 3.950636329132770942e-04
2.606660285183832532e-05 3.960336706512205466e-04
2.627618245378721365e-05 3.970067558014240910e-04
2.648744710882118750e-05 3.979829097626948783e-04
2.670041036503306351e-05 3.989621541310361605e-04
2.691508587944444427e-05 3.999445107016856441e-04
2.713148741888158773e-05 4.009300014711787816e-04
2.734962886085815441e-05 4.019186486394371615e-04
2.756952419446524253e-05 4.029104746118834074e-04
2.779118752126845347e-05 4.039055020015818267e-04
2.801463305621217063e-05 4.049037536314057306e-04
2.823987512853120741e-05 4.059052525362325642e-04
2.846692818266965841e-05 4.069100219651647322e-04
2.869580677920724853e-05 4.079180853837803479e-04
2.892652559579307159e-05 4.089294664764098414e-04
2.915909942808679980e-05 4.099441891484429247e-04
2.939354319070758766e-05 4.109622775286638006e-04
2.962987191819044334e-05 4.119837559716149405e-04
2.986810076595044347e-05 4.130086490599925745e-04
3.010824501125458497e-05 4.140369816070702089e-04
3.035032005420147682e-05 4.150687786591536932e-04
3.059434141870899748e-05 4.161040654980678382e-04
3.084032475350973135e-05 4.171428676436734996e-04
3.108828583315456732e-05 4.181852108564171875e-04
3.133824055902428987e-05 4.192311211399128777e-04
3.159020496034924412e-05 4.202806247435566188e-04
3.184419519523737634e-05 4.213337481651742086e-04
3.210022755171032462e-05 4.223905181537030763e-04
3.235831844874802058e-05 4.234509617119083173e-04
3.261848443734158520e-05 4.245151060991332061e-04
3.288074220155468822e-05 4.255829788340846740e-04
3.314510855959356078e-05 4.266546076976552703e-04
3.341160046488541072e-05 4.277300207357813910e-04
3.368023500716572823e-05 4.288092462623369593e-04
3.395102941357411612e-05 4.298923128620656510e-04
3.422400104975915279e-05 4.309792493935511747e-04
3.449916742099196277e-05 4.320700849922246315e-04
3.477654617328878608e-05 4.331648490734111775e-04
3.505615509454264810e-05 4.342635713354180485e-04
3.533801211566400807e-05 4.353662817626591220e-04
3.562213531173071132e-05 4.364730106288239320e-04
3.590854290314709623e-05 4.375837885000845762e-04
3.619725325681235766e-05 4.386986462383468048e-04
3.648828488729853934e-05 4.398176150045426339e-04
3.678165645803769461e-05 4.409407262619656769e-04
3.707738678251888627e-05 4.420680117796509817e-04
3.737549482549455801e-05 4.431995036357986163e-04
3.767599970419675175e-05 4.443352342212421400e-04
3.797892068956311667e-05 4.454752362429637491e-04
3.828427720747260834e-05 4.466195427276535503e-04
3.859208883999138605e-05 4.477681870253188154e-04
3.890237532662850191e-05 4.489212028129379597e-04
3.921515656560172722e-05 4.500786240981650434e-04
3.953045261511371939e-05 4.512404852230825756e-04
3.984828369463817036e-05 4.524068208680034854e-04
4.016867018621659365e-05 4.535776660553248645e-04
4.049163263576533692e-05 4.547530561534325589e-04
4.081719175439309764e-05 4.559330268806572055e-04
4.114536841972922662e-05 4.571176143092842083e-04
4.147618367726245339e-05 4.583068548696165689e-04
4.180965874169061629e-05 4.595007853540925241e-04
4.214581499828100417e-05 4.606994429214582060e-04
4.248467400424189242e-05 4.619028651009967354e-04
4.282625749010491434e-05 4.631110897968134226e-04
4.317058736111853873e-05 4.643241552921801110e-04
4.351768569865297907e-05 4.655421002539371464e-04
4.386757476161605315e-05 4.667649637369547608e-04
4.422027698788080628e-05 4.679927851886557131e-04
4.457581499572430174e-05 4.692256044535994043e-04
4.493421158527806652e-05 4.704634617781259490e-04
4.529548973999035472e-05 4.717063978150673595e-04
4.565967262809991040e-05 4.729544536285193359e-04
4.602678360412180563e-05 4.742076706986804403e-04
4.639684621034514381e-05 4.754660909267561597e-04
4.676988417834266216e-05 4.767297566399315454e-04
4.714592143049276180e-05 4.779987105964098796e-04
4.752498208151347090e-05 4.792729959905229543e-04
4.790709044000903192e-05 4.805526564579104673e-04
4.829227101002868622e-05 4.818377360807704884e-04
4.868054849263804893e-05 4.831282793931828377e-04
4.907194778750326381e-05 4.844243313865065153e-04
4.946649399448766041e-05 4.857259375148509101e-04
4.986421241526148930e-05 4.870331437006237716e-04
5.026512855492443069e-05 4.883459963401559417e-04
5.066926812364110658e-05 4.896645423094039872e-04
5.107665703829002352e-05 4.909888289697328465e-04
5.148732142412539708e-05 4.923189041737789781e-04
5.190128761645266430e-05 4.936548162713950407e-04
5.231858216231729798e-05 4.949966141156793590e-04
5.273923182220710575e-05 4.963443470690875707e-04
5.316326357176857632e-05 4.976980650096327454e-04
5.359070460353652075e-05 4.990578183371700708e-04
5.402158232867812683e-05 5.004236579797725036e-04
5.445592437875066089e-05 5.017956354001957588e-04
5.489375860747343361e-05 5.031738026024326366e-04
5.533511309251411118e-05 5.045582121383647119e-04
5.578001613728920922e-05 5.059489171145026016e-04
5.622849627277919625e-05 5.073459711988273892e-04
5.668058225935809167e-05 5.087494286277262660e-04
5.713630308863791048e-05 5.101593442130275937e-04
5.759568798532781252e-05 5.115757733491371230e-04
5.805876640910815945e-05 5.129987720202758023e-04
5.852556805651987258e-05 5.144283968078218862e-04
5.899612286286867816e-05 5.158647048977563687e-04
5.947046100414495154e-05 5.173077540882190049e-04
5.994861289895878770e-05 5.187576027971697173e-04
6.043060921049063679e-05 5.202143100701627594e-04
6.091648084845787748e-05 5.216779355882315752e-04
6.140625897109676563e-05 5.231485396758891277e-04
6.189997498716078830e-05 5.246261833092435859e-04
6.239766055793478613e-05 5.261109281242315385e-04
6.289934759926520320e-05 5.276028364249715557e-04
6.340506828360707432e-05 5.291019711922388550e-04
6.391485504208693649e-05 5.306083960920647590e-04
6.442874056658276234e-05 5.321221754844597529e-04
6.494675781182042765e-05 5.336433744322674044e-04
6.546893999748687562e-05 5.351720587101442680e-04
6.599532061036070968e-05 5.367082948136756406e-04
6.652593340645942871e-05 5.382521499686219622e-04
6.706081241320429427e-05 5.398036921403047547e-04
6.759999193160239582e-05 5.413629900431284102e-04
6.814350653844630725e-05 5.429301131502444443e-04
6.869139108853155131e-05 5.445051317033586464e-04
6.924368071689156049e-05 5.460881167226836223e-04
6.980041084105116406e-05 5.476791400170385711e-04
7.036161716329750377e-05 5.492782741941018261e-04
7.092733567296989595e-05 5.508855926708132325e-04
7.149760264876756934e-05 5.525011696839349272e-04
7.207245466107621394e-05 5.541250803007675930e-04
7.265192857431313736e-05 5.557574004300292348e-04
7.323606154929150321e-05 5.573982068328971282e-04
7.382489104560317707e-05 5.590475771342157596e-04
7.441845482402114232e-05 5.607055898338728171e-04
7.501679094892095730e-05 5.623723243183485461e-04
7.561993779072160606e-05 5.640478608724382517e-04
7.622793402834646115e-05 5.657322806911540191e-04
7.684081865170351805e-05 5.674256658918065211e-04
7.745863096418576866e-05 5.691280995262692956e-04
7.808141058519176806e-05 5.708396655934325431e-04
7.870919745266606929e-05 5.725604490518430801e-04
7.934203182566081363e-05 5.742905358325423775e-04
7.997995428691722947e-05 5.760300128520971525e-04
8.062300574546815127e-05 5.777789680258315144e-04
8.127122743926161257e-05 5.795374902812633735e-04
8.192466093780501188e-05 5.813056695717448968e-04
8.258334814483136901e-05 5.830835968903169859e-04
8.324733130098628986e-05 5.848713642837751739e-04
8.391665298653677772e-05 5.866690648669544220e-04
8.459135612410205397e-05 5.884767928372347696e-04
8.527148398140571041e-05 5.902946434892723891e-04
8.595708017405087381e-05 5.921227132299610330e-04
8.664818866831697317e-05 5.939610995936250686e-04
8.734485378397923458e-05 5.958099012574516852e-04
8.804712019715094432e-05 5.976692180571626040e-04
8.875503294314820914e-05 5.995391510029321165e-04
8.946863741937835220e-05 6.014198022955554671e-04
9.018797938825102295e-05 6.033112753428726723e-04
9.091310498011275301e-05 6.052136747764487543e-04
9.164406069620552699e-05 6.071271064685186290e-04
9.238089341164839273e-05 6.090516775492003324e-04
9.312365037844395389e-05 6.109874964239810340e-04
9.387237922850832201e-05 6.129346727914793038e-04
9.462712797672576126e-05 6.148933176614921996e-04
9.538794502402780907e-05 6.168635433733271741e-04
9.615487916049692680e-05 6.188454636144295360e-04
9.692797956849579183e-05 6.208391934393057889e-04
9.770729582582092997e-05 6.228448492887505477e-04
9.849287790888217899e-05 6.248625490093828857e-04
9.928477619590775284e-05 6.268924118734971011e-04
1.000830414701744052e-04 6.289345585992302864e-04
1.008877249232647931e-04 6.309891113710596041e-04
1.016988781583498986e-04 6.330561938606295942e-04
1.025165531934982716e-04 6.351359312479164503e-04
1.033408024650120795e-04 6.372284502427346883e-04
1.041716788307893801e-04 6.393338791065956376e-04
1.050092355737143411e-04 6.414523476749225267e-04
1.058535264050738321e-04 6.435839873796269338e-04
1.067046054680020293e-04 6.457289312720536486e-04
1.075625273409521940e-04 6.478873140463028372e-04
1.084273470411972089e-04 6.500592720629363389e-04
1.092991200283575178e-04 6.522449433730721086e-04
1.101779022079575523e-04 6.544444677428751505e-04
1.110637499350111484e-04 6.566579866784549207e-04
1.119567200176350426e-04 6.588856434511737494e-04
1.128568697206925236e-04 6.611275831233738749e-04
1.137642567694652451e-04 6.633839525745344710e-04
1.146789393533553157e-04 6.656549005278596456e-04
1.156009761296168653e-04 6.679405775773141060e-04
1.165304262271173728e-04 6.702411362151073585e-04
1.174673492501299881e-04 6.725567308596394536e-04
1.184118052821555352e-04 6.748875178839148885e-04
1.193638548897757256e-04 6.772336556444346440e-04
1.203235591265371498e-04 6.795953045105732927e-04
1.212909795368663317e-04 6.819726268944510455e-04
1.222661781600169564e-04 6.843657872813146146e-04
1.232492175340480379e-04 6.867749522604280846e-04
1.242401606998344782e-04 6.892002905564891891e-04
1.252390712051097590e-04 6.916419730615825908e-04
1.262460131085409696e-04 6.941001728676713615e-04
1.272610509838372557e-04 6.965750652996498607e-04
1.282842499238904957e-04 6.990668279489569304e-04
1.293156755449496691e-04 7.015756407077680537e-04
1.303553939908289429e-04 7.041016858037713565e-04
1.314034719371487457e-04 7.066451478355455576e-04
1.324599765956124028e-04 7.092062138085460489e-04
1.335249757183158670e-04 7.117850731717109214e-04
1.345985376020926048e-04 7.143819178547034182e-04
1.356807310928935290e-04 7.169969423058002471e-04
1.367716255902014905e-04 7.196303435304338830e-04
1.378712910514825519e-04 7.222823211304118477e-04
1.389797979966716840e-04 7.249530773438158911e-04
1.400972175126952439e-04 7.276428170856016767e-04
1.412236212580298290e-04 7.303517479889068843e-04
1.423590814672972334e-04 7.330800804470867038e-04
1.435036709558972716e-04 7.358280276564885388e-04
1.446574631246769487e-04 7.385958056599791453e-04
1.458205319646377145e-04 7.413836333912407961e-04
1.469929520616805011e-04 7.441917327198543583e-04
1.481747986013881384e-04 7.470203284971763330e-04
1.493661473738479674e-04 7.498696486030368520e-04
1.505670747785113964e-04 7.527399239932658966e-04
1.517776578290934376e-04 7.556313887480690982e-04
1.529979741585117095e-04 7.585442801212669960e-04
1.542281020238643607e-04 7.614788385904169453e-04
1.554681203114493301e-04 7.644353079078382730e-04
1.567181085418227189e-04 7.674139351525505496e-04
1.579781468748984714e-04 7.704149707831519723e-04
1.592483161150890110e-04 7.734386686916514117e-04
1.605286977164865610e-04 7.764852862582751576e-04
1.618193737880876167e-04 7.795550844072713466e-04
1.631204270990576418e-04 7.826483276637236737e-04
1.644319410840394842e-04 7.857652842114045289e-04
1.657539998485036705e-04 7.889062259516838212e-04
1.670866881741416064e-04 7.920714285635138728e-04
1.684300915243033391e-04 7.952611715645184660e-04
1.697842960494775212e-04 7.984757383731979664e-04
1.711493885928166135e-04 8.017154163722882551e-04
1.725254566957051578e-04 8.049804969732813828e-04
1.739125886033747242e-04 8.082712756821461113e-04
1.753108732705624168e-04 8.115880521662615678e-04
1.767204003672153485e-04 8.149311303225966483e-04
1.781412602842413588e-04 8.183008183471608644e-04
1.795735441393050220e-04 8.216974288057433311e-04
1.810173437826717688e-04 8.251212787059868407e-04
1.824727518030974888e-04 8.285726895707991920e-04
1.839398615337663266e-04 8.320519875131511056e-04
1.854187670582760198e-04 8.355595033122825178e-04
1.869095632166709693e-04 8.390955724913400212e-04
1.884123456115248570e-04 8.426605353964883869e-04
1.899272106140709963e-04 8.462547372775161168e-04
1.914542553703826909e-04 8.498785283699768775e-04
1.929935778076031963e-04 8.535322639788864383e-04
1.945452766402248218e-04 8.572163045640233611e-04
1.961094513764206177e-04 8.609310158268549101e-04
1.976862023244248235e-04 8.646767687991319812e-04
1.992756305989657373e-04 8.684539399331823268e-04
2.008778381277501939e-04 8.722629111939419729e-04
2.024929276579993519e-04 8.761040701527600654e-04
2.041210027630388003e-04 8.799778100830231171e-04
2.057621678489398654e-04 8.838845300576223972e-04
2.074165281612150747e-04 8.878246350483225786e-04
2.090841897915677488e-04 8.917985360270572291e-04
2.107652596846947197e-04 8.958066500692049225e-04
2.124598456451455087e-04 8.998494004588830511e-04
2.141680563442351993e-04 9.039272167963033561e-04
2.158900013270132823e-04 9.080405351072377493e-04
2.176257910192889880e-04 9.121897979546385532e-04
2.193755367347118848e-04 9.163754545524594548e-04
2.211393506819114591e-04 9.205979608817300812e-04
2.229173459716920981e-04 9.248577798089283259e-04
2.247096366242868628e-04 9.291553812067084289e-04
2.265163375766697539e-04 9.334912420770288301e-04
2.283375646899255223e-04 9.378658466767383428e-04
2.301734347566809801e-04 9.422796866456798447e-04
2.320240655085939376e-04 9.467332611373571304e-04
2.338895756239032077e-04 9.512270769522301970e-04
2.357700847350396780e-04 9.557616486736986985e-04
2.376657134362971497e-04 9.603374988068247471e-04
2.395765832915673339e-04 9.649551579198759402e-04
2.415028168421345337e-04 9.696151647887259108e-04
2.434445376145343205e-04 9.743180665442056432e-04
2.454018701284753660e-04 9.790644188224489203e-04
2.473749399048237509e-04 9.838547859183151712e-04
2.493638734736538165e-04 9.886897409419571556e-04
2.513687983823614932e-04 9.935698659785975606e-04
2.533898432038438476e-04 9.984957522516022237e-04
2.554271375447447106e-04 1.003468000288913189e-03
2.574808120537647616e-04 1.008487220092923022e-03
2.595509984300420326e-04 1.013554031313880369e-03
2.616378294315957280e-04 1.018669063426888566e-03
2.637414388838407904e-04 1.023832955912602023e-03
2.658619616881696852e-04 1.029046358441687396e-03
2.679995338306028168e-04 1.034309931063156444e-03
2.701542923905102299e-04 1.039624344396647545e-03
2.723263755494015619e-04 1.044990279828750864e-03
2.745159225997876066e-04 1.050408429713480364e-03
2.767230739541131647e-04 1.055879497576983541e-03
2.789479711537605293e-04 1.061404198326582320e-03
2.811907568781278903e-04 1.066983258464273719e-03
2.834515749537778323e-04 1.072617416304761599e-03
2.857305703636614557e-04 1.078307422198157214e-03
2.880278892564157355e-04 1.084054038757440927e-03
2.903436789557352024e-04 1.089858041090811065e-03
2.926780879698207103e-04 1.095720217039032694e-03
2.950312660009023636e-04 1.101641367417904036e-03
2.974033639548400733e-04 1.107622306265970431e-03
2.997945339507998986e-04 1.113663861097607477e-03
3.022049293310106739e-04 1.119766873161611711e-03
3.046347046705969092e-04 1.125932197705415468e-03
3.070840157874913799e-04 1.132160704245093776e-03
3.095530197524279468e-04 1.138453276841267132e-03
3.120418748990131980e-04 1.144810814381075825e-03
3.145507408338815746e-04 1.151234230866363681e-03
3.170797784469299137e-04 1.157724455708219373e-03
3.196291499216352586e-04 1.164282434028039845e-03
3.221990187454555556e-04 1.170909126965280879e-03
3.247895497203130222e-04 1.177605511992039665e-03
3.274009089731640880e-04 1.184372583234679895e-03
3.300332639666518977e-04 1.191211351802629959e-03
3.326867835098456594e-04 1.198122846124565193e-03
3.353616377690664570e-04 1.205108112292150929e-03
3.380579982787986068e-04 1.212168214411525223e-03
3.407760379526916534e-04 1.219304234962748090e-03
3.435159310946476921e-04 1.226517275167374882e-03
3.462778534099999811e-04 1.233808455364399266e-03
3.490619820167805668e-04 1.241178915394760326e-03
3.518684954570775185e-04 1.248629814994627789e-03
3.546975737084863802e-04 1.256162334197709991e-03
3.575493981956507435e-04 1.263777673746799887e-03
3.604241518018969298e-04 1.271477055514793524e-03
3.633220188809624016e-04 1.279261722935444434e-03
3.662431852688167642e-04 1.287132941444089429e-03
3.691878382955811051e-04 1.295091998928610570e-03
3.721561667975401412e-04 1.303140206190898064e-03
3.751483611292519434e-04 1.311278897419096423e-03
3.781646131757556198e-04 1.319509430670897775e-03
3.812051163648752213e-04 1.327833188368187419e-03
3.842700656796263752e-04 1.336251577803350410e-03
3.873596576707181126e-04 1.344766031657508056e-03
3.904740904691585070e-04 1.353378008531045361e-03
3.936135637989606568e-04 1.362088993486729096e-03
3.967782789899488476e-04 1.370900498605750421e-03
3.999684389906723756e-04 1.379814063557056577e-03
4.031842483814181426e-04 1.388831256180313384e-03
4.064259133873312363e-04 1.397953673082850045e-03
4.096936418916396496e-04 1.407182940251006705e-03
4.129876434489843833e-04 1.416520713676215452e-03
4.163081292988595958e-04 1.425968679996268392e-03
4.196553123791584082e-04 1.435528557152146618e-03
4.230294073398278886e-04 1.445202095060850716e-03
4.264306305566350585e-04 1.454991076304671446e-03
4.298592001450411574e-04 1.464897316837330621e-03
4.333153359741913737e-04 1.474922666707496107e-03
4.367992596810127805e-04 1.485069010800096380e-03
4.403111946844288764e-04 1.495338269595975237e-03
4.438513661996865037e-04 1.505732399950361101e-03
4.474200012527978013e-04 1.516253395890686511e-03
4.510173286951008769e-04 1.526903289434305543e-03
4.546435792179342669e-04 1.537684151426646929e-03
4.582989853674315252e-04 1.548598092400387677e-03
4.619837815594340447e-04 1.559647263456233768e-03
4.656982040945224907e-04 1.570833857165915932e-03
4.694424911731725917e-04 1.582160108498047342e-03
4.732168829110292171e-04 1.593628295767445619e-03
4.770216213543052464e-04 1.605240741608647288e-03
4.808569504953021405e-04 1.616999813974250239e-03
4.847231162880592608e-04 1.628907927158836436e-03
4.886203666641246749e-04 1.640967542849177188e-03
4.925489515484555774e-04 1.653181171201499036e-03
4.965091228754452916e-04 1.665551371946585434e-03
5.005011346050784781e-04 1.678080755523510921e-03
5.045252427392191586e-04 1.690771984242855604e-03
5.085817053380267292e-04 1.703627773480252379e-03
5.126707825365045719e-04 1.716650892901142251e-03
5.167927365611834321e-04 1.729844167717677333e-03
5.209478317469347928e-04 1.743210479978686599e-03
5.251363345539263863e-04 1.756752769893708344e-03
5.293585135847067276e-04 1.770474037192081192e-03
5.336146396014313517e-04 1.784377342518136001e-03
5.379049855432268537e-04 1.798465808863566363e-03
5.422298265436920799e-04 1.812742623038082063e-03
5.465894399485446030e-04 1.827211037179511883e-03
5.509841053334051065e-04 1.841874370304513253e-03
5.554141045217265114e-04 1.856736009901130587e-03
5.598797216028669754e-04 1.871799413564471460e-03
5.643812429503067664e-04 1.887068110676782401e-03
5.689189572400152979e-04 1.902545704133327660e-03
5.734931554689621461e-04 1.918235872115402803e-03
5.781041309737782298e-04 1.934142369911977157e-03
5.827521794495681270e-04 1.950269031791450249e-03
5.874375989688697354e-04 1.966619772925041424e-03
5.921606900007732018e-04 1.983198591363441541e-03
5.969217554301867613e-04 2.000009570068363683e-03
6.017211005772613031e-04 2.017056879000697894e-03
6.065590332169704113e-04 2.034344777267048897e-03
6.114358635988454468e-04 2.051877615326474797e-03
6.163519044668745598e-04 2.069659837259330611e-03
6.213074710795563104e-04 2.087695983100163865e-03
6.263028812301177622e-04 2.105990691236694912e-03
6.313384552668935799e-04 2.124548700876973187e-03
6.364145161138685166e-04 2.143374854586887774e-03
6.415313892913884937e-04 2.162474100900284822e-03
6.466894029370342037e-04 2.181851497003999864e-03
6.518888878266637394e-04 2.201512211500225406e-03
6.571301773956263106e-04 2.221461527248726111e-03
6.624136077601420602e-04 2.241704844291447264e-03
6.677395177388606657e-04 2.262247682862234856e-03
6.731082488745860400e-04 2.283095686484419400e-03
6.785201454561806851e-04 2.304254625159125793e-03
6.839755545406442762e-04 2.325730398647325031e-03
6.894748259753678875e-04 2.347529039848664408e-03
6.950183124205725317e-04 2.369656718280314499e-03
7.006063693719222565e-04 2.392119743659142355e-03
7.062393551833229645e-04 2.414924569590606168e-03
7.119176310899028373e-04 2.438077797367998751e-03
7.176415612311753392e-04 2.461586179885669710e-03
7.234115126743954254e-04 2.485456625670131627e-03
7.292278554380958368e-04 2.509696203032940783e-03
7.350909625158168160e-04 2.534312144349537901e-03
7.410012099000264259e-04 2.559311850468305033e-03
7.469589766062291946e-04 2.584702895254243054e-03
7.529646446972763137e-04 2.610493030271962209e-03
7.590185993078638364e-04 2.636690189612647759e-03
7.651212286692316705e-04 2.663302494870054861e-03
7.712729241340610890e-04 2.690338260270629285e-03
7.774740802015680467e-04 2.717805997963118180e-03
7.837250945428070499e-04 2.745714423473220693e-03
7.900263680261697483e-04 2.774072461329045100e-03
7.963783047430931031e-04 2.802889250863329924e-03
8.027813120339735535e-04 2.832174152198694422e-03
8.092358005142865317e-04 2.861936752422337797e-03
8.157421841009232510e-04 2.892186871956923047e-03
8.223008800387304577e-04 2.922934571134603449e-03
8.289123089272710338e-04 2.954190156981460584e-03
8.355768947477919002e-04 2.985964190219862237e-03
8.422950648904186256e-04 3.018267492496585873e-03
8.490672501815602633e-04 3.051111153844874354e-03
8.558938849115376411e-04 3.084506540388852903e-03
8.627754068624357564e-04 3.118465302299115380e-03
8.697122573361739870e-04 3.152999382008684313e-03
8.767048811828111405e-04 3.188121022698847500e-03
8.837537268290699462e-04 3.223842777064746951e-03
8.908592463070951926e-04 3.260177516371132872e-03
8.980218952834416067e-04 3.297138439808904378e-03
9.052421330882928861e-04 3.334739084163700941e-03
9.125204227449225077e-04 3.372993333808158110e-03
9.198572309993831948e-04 3.411915431029918094e-03
9.272530283504392453e-04 3.451519986708016189e-03
9.347082890797406372e-04 3.491821991350826070e-03
9.422234912822342488e-04 3.532836826509135573e-03
9.497991168968276986e-04 3.574580276578795401e-03
9.574356517372933353e-04 3.617068541007596554e-03
9.651335855234223536e-04 3.660318246921981204e-03
9.728934119124318545e-04 3.704346462189677877e-03
9.807156285306178022e-04 3.749170708935092508e-03
9.886007370052730687e-04 3.794808977524974369e-03
9.965492429968518095e-04 3.841279741042672932e-03
1.004561656231398601e-03 3.888601970270004309e-03
1.012638490533236809e-03 3.936795149196664449e-03
1.020780263857914896e-03 3.985879291077879145e-03
1.028987498325429619e-03 4.035874955062058143e-03
1.037260720253703168e-03 4.086803263410867734e-03
1.045600460192337190e-03 4.138685919335477123e-03
1.054007252956636791e-03 4.191545225473472872e-03
1.062481637661904068e-03 4.245404103032156956e-03
1.071024157758015483e-03 4.300286111625225074e-03
1.079635361064269859e-03 4.356215469830516593e-03
1.088315799804519127e-03 4.413217076498478220e-03
1.097066030642584013e-03 4.471316532841701670e-03
1.105886614717946402e-03 4.530540165337536632e-03
1.114778117681741601e-03 4.590915049477265267e-03
1.123741109733028152e-03 4.652469034396644609e-03
1.132776165655355154e-03 4.715230768424354471e-03
1.141883864853623400e-03 4.779229725586614519e-03
1.151064791391237085e-03 4.844496233107654926e-03
1.160319534027565809e-03 4.911061499948115444e-03
1.169648686255696278e-03 4.978957646424711503e-03
1.179052846340493009e-03 5.048217734957184330e-03
1.188532617356966069e-03 5.118875801990109033e-03
1.198088607228940455e-03 5.190966891139786946e-03
1.207721428768047467e-03 5.264527087618672482e-03
1.217431699713020319e-03 5.339593553991982613e-03
1.227220042769308498e-03 5.416204567324345472e-03
1.237087085649013051e-03 5.494399557776347316e-03
1.247033461111136075e-03 5.574219148714257971e-03
1.257059807002165221e-03 5.655705198399120504e-03
1.267166766296973267e-03 5.738900843324193368e-03
1.277354987140052935e-03 5.823850543273759520e-03
1.287625122887081945e-03 5.910600128179175836e-03
1.297977832146817020e-03 5.999196846852103242e-03
1.308413778823337009e-03 6.089689417678826114e-03
1.318933632158613431e-03 6.182128081363345157e-03
1.329538066775429704e-03 6.276564655811577888e-03
1.340227762720639293e-03 6.373052593253386230e-03
1.351003405508783813e-03 6.471647039704156272e-03
1.361865686166048540e-03 6.572404896872414450e-03
1.372815301274578305e-03 6.675384886625619629e-03
1.383852953017149223e-03 6.780647618131732321e-03
1.394979349222195183e-03 6.888255657800220789e-03
1.406195203409204468e-03 6.998273602152333371e-03
1.417501234834475481e-03 7.110768153757171875e-03
1.428898168537238913e-03 7.225808200377015558e-03
1.440386735386157881e-03 7.343464897472897282e-03
1.451967672126190396e-03 7.463811754228900572e-03
1.463641721425844311e-03 7.586924723262366763e-03
1.475409631924798305e-03 7.712882294195348536e-03
1.487272158281912520e-03 7.841765591272238309e-03
1.499230061223623661e-03 7.973658475218130259e-03
1.511284107592726720e-03 8.108647649542544827e-03
1.523435070397556991e-03 8.246822771504371680e-03
1.535683728861556973e-03 8.388276567964926891e-03
1.548030868473249631e-03 8.533104956368645425e-03
1.560477281036610001e-03 8.681407171103343659e-03
1.573023764721839021e-03 8.833285895505879268e-03
1.585671124116555877e-03 8.988847399793572709e-03
1.598420170277388896e-03 9.148201685216423434e-03
1.611271720781991441e-03 9.311462634742077860e-03
1.624226599781469814e-03 9.478748170602050230e-03
1.637285638053232687e-03 9.650180419046073405e-03
1.650449673054273352e-03 9.825885882670944496e-03
1.663719548974870906e-03 1.000599562070987950e-02
1.677096116792727064e-03 1.019064543769098233e-02
1.690580234327540132e-03 1.037997608089557752e-02
1.704172766296010262e-03 1.057413344707204550e-02
1.717874584367300086e-03 1.077326879888635888e-02
1.731686567218928803e-03 1.097753899161789046e-02
1.745609600593122073e-03 1.118710671063858839e-02
1.759644577353613147e-03 1.140214072024415236e-02
1.773792397542897420e-03 1.162281612443877635e-02
1.788053968439957519e-03 1.184931464031048140e-02
1.802430204618441813e-03 1.208182488467026382e-02
1.816922028005314325e-03 1.232054267466875346e-02
1.831530367939979099e-03 1.256567134314547085e-02
1.846256161233871635e-03 1.281742206951068386e-02
1.861100352230543641e-03 1.307601422700762663e-02
1.876063892866215938e-03 1.334167574725299288e-02
1.891147742730827285e-03 1.361464350300798688e-02
1.906352869129573045e-03 1.389516371018975106e-02
1.921680247144929568e-03 1.418349235019345997e-02
1.937130859699195528e-03 1.447989561366177722e-02
1.952705697617518115e-03 1.478465036690649465e-02
1.968405759691435088e-03 1.509804464226278953e-02
1.984232052742928350e-03 1.542037815373445420e-02
2.000185591688980608e-03 1.575196283937338460e-02
2.016267399606674546e-03 1.609312343192714420e-02
2.032478507798791186e-03 1.644419805938340112e-02
2.048819955859949252e-03 1.680553887714391487e-02
2.065292791743272762e-03 1.717751273367019993e-02
2.081898071827591179e-03 1.756050187155976106e-02
2.098636860985189905e-03 1.795490466613797187e-02
2.115510232650095069e-03 1.836113640378413819e-02
2.132519268886910822e-03 1.877963010235381147e-02
2.149665060460214348e-03 1.921083737621345072e-02
2.166948706904496449e-03 1.965522934856683834e-02
2.184371316594683685e-03 2.011329761392940951e-02
2.201934006817210868e-03 2.058555525379447693e-02
2.219637903841672512e-03 2.107253790873729951e-02
2.237484142993048479e-03 2.157480491041989176e-02
2.255473868724507287e-03 2.209294047719004978e-02
2.273608234690805731e-03 2.262755497721855025e-02
2.291888403822266596e-03 2.317928626338380121e-02
2.310315548399355726e-03 2.374880108440093757e-02
2.328890850127855391e-03 2.433679657699880372e-02
2.347615500214653497e-03 2.494400184427995187e-02
2.366490699444127790e-03 2.557117962575194275e-02
2.385517658255151534e-03 2.621912806490132863e-02
2.404697596818720657e-03 2.688868258059055535e-02
2.424031745116191506e-03 2.758071784899996520e-02
2.443521343018170873e-03 2.829614990331159874e-02
2.463167640364019671e-03 2.903593835884086052e-02
2.482971897042003662e-03 2.980108877187530314e-02
2.502935383070091675e-03 3.059265514106829925e-02
2.523059378677391332e-03 3.141174256087712890e-02
2.543345174386260447e-03 3.225951003722196675e-02
2.563794071095058542e-03 3.313717347628371279e-02
2.584407380161572298e-03 3.404600885816041339e-02
2.605186423487116255e-03 3.498735560796571720e-02
2.626132533601291397e-03 3.596262017788541543e-02
2.647247053747454979e-03 3.697327985471737799e-02
2.668531337968849983e-03 3.802088680850600200e-02
2.689986751195441901e-03 3.910707239906240085e-02
2.711614669331449852e-03 4.023355175843304488e-02
2.733416479343572878e-03 4.140212866875502690e-02
2.755393579349950037e-03 4.261470075643172817e-02
2.777547378709806138e-03 4.387326502516811222e-02
2.799879298113839080e-03 4.517992375216066392e-02
2.822390769675324484e-03 4.653689077362681281e-02
2.845083237021949363e-03 4.794649818791438256e-02
2.867958155388400376e-03 4.941120350665711980e-02
2.891016991709681114e-03 5.093359728686194798e-02
2.914261224715182248e-03 5.251641127943478676e-02
2.937692345023514961e-03 5.416252713250420403e-02
2.961311855238092476e-03 5.587498569099470791e-02
2.985121270043503052e-03 5.765699693727427411e-02
3.009122116302637585e-03 5.951195062135111041e-02
3.033315933154603038e-03 6.144342763313344336e-02
3.057704272113432546e-03 6.345521217323113472e-02
3.082288697167568769e-03 6.555130478477282086e-02
3.107070784880175147e-03 6.773593631132036885e-02
3.132052124490230377e-03 7.001358285473634202e-02
3.157234318014444721e-03 7.238898181044828295e-02
3.182618980349999002e-03 7.486714906549096771e-02
3.208207739378094153e-03 7.745339745163054568e-02
3.234002236068358582e-03 8.015335655388977631e-02
3.260004124584078237e-03 8.297299398347092458e-02
3.286215072388267138e-03 8.591863823360493257e-02
3.312636760350612213e-03 8.899700324723999745e-02
3.339270882855247327e-03 9.221521483687974974e-02
3.366119147909431980e-03 9.558083910934070393e-02
3.393183277253069598e-03 9.910191306186505455e-02
3.420465006469125720e-03 1.027869775309933620e-01
3.447966085094928291e-03 1.066451126920295728e-01
3.475688276734354397e-03 1.106859763249473383e-01
3.503633359170941607e-03 1.149198450823901707e-01
3.531803124481886196e-03 1.193576590171349927e-01
3.560199379152968573e-03 1.240110696503064769e-01
3.588823944194400716e-03 1.288924918879046921e-01
3.617678655257597787e-03 1.340151601221216404e-01
3.646765362752909471e-03 1.393931888857909140e-01
3.676085931968274198e-03 1.450416384633690658e-01
3.705642243188843506e-03 1.509765859005498534e-01
3.735436191817547488e-03 1.572152018972625687e-01
3.765469688496666384e-03 1.637758341158834230e-01
3.795744659230341090e-03 1.706780974884908875e-01
3.826263045508091539e-03 1.779429721644460449e-01
3.857026804429322143e-03 1.855929098031042779e-01
3.888037908828816027e-03 1.936519489867470911e-01
3.919298347403268358e-03 2.021458406066315439e-01
