2.497382406435652939e-25 9.768325619515944397e-18
1.592405960127358361e-24 3.089015920155193588e-17
1.015365822756892167e-23 9.768326876420302874e-17
6.474277161963938908e-23 3.089016721595150065e-16
4.128193389070159467e-22 9.768331986641967382e-16
2.632259977636328568e-21 3.089019980025807047e-15
1.678407946733001633e-20 9.768352763373603653e-15
1.070203270037972128e-19 3.089033227893325649e-14
6.823937180644061677e-19 9.768437235752100315e-14
4.351147109064984495e-18 3.089087090016611440e-13
1.915297948882004416e-17 7.759322488683919743e-13
8.060281057525431301e-17 1.949163039787816667e-12
3.231548868885900942e-16 4.896382250613372468e-12
4.345363206717196250e-16 6.163781780305984805e-12
1.185699981296668146e-15 1.229732179640797847e-11
3.167099671296256822e-15 2.454290871984140256e-11
8.312293945536222779e-15 4.898397135859626299e-11
2.151611673377367987e-14 9.773430848120292535e-11
5.516190296262407946e-14 1.950308160666369755e-10
7.219962673568143336e-14 2.455395918119563429e-10
1.345996703506809824e-13 3.892770603306517574e-10
2.502777173064534741e-13 6.169465998965407740e-10
3.411676113431318569e-13 7.768626451909397954e-10
4.161104603351930561e-13 9.006720410829545173e-10
5.668224300832851639e-13 1.192414995932578561e-09
1.051017683769589897e-12 1.890432911212288601e-09
1.946696275912857264e-12 3.094630240399093478e-09
3.604197434436283020e-12 4.906521065391501087e-09
4.678350727597027810e-12 5.964785761620009416e-09
6.363945126095426008e-12 7.510858710852283575e-09
8.659328086403540721e-12 9.798092857573101657e-09
1.177437263656969924e-11 1.233578754396143564e-08
1.601314678573479096e-11 1.553407705195085344e-08
2.068158225216417963e-11 1.881943995759334440e-08
2.812629084553211013e-11 2.462793118627416045e-08
3.823985723652250255e-11 3.101071367919697201e-08
4.915490723856361436e-11 3.744047090307774978e-08
6.683712298751739095e-11 4.918310976261355027e-08
9.088989403667837668e-11 6.194746997419662658e-08
1.198094057756214983e-10 7.622496704508910767e-08
1.235276287134856064e-10 8.111821537560480725e-08
1.679810496150610554e-10 1.052041443179145334e-07
2.145827771029579730e-10 1.264403182978826954e-07
2.389577941400671919e-10 1.370814666799720085e-07
2.718434103460653354e-10 1.558050328926489486e-07
3.695913600236930604e-10 2.029070399259184632e-07
4.805596579248377059e-10 2.471473550088626382e-07
6.228436556804378813e-10 3.112918511513913844e-07
6.449051117784316288e-10 3.195404339442749206e-07
6.519284217721749412e-10 3.221516175955882510e-07
6.901021772675798839e-10 3.362246542759246589e-07
7.517420508597271333e-10 3.585491157042282318e-07
7.842145311837404764e-10 3.701260768930860222e-07
8.123077711587138292e-10 3.800461204279264704e-07
8.948523203792971162e-10 4.248355205313744057e-07
1.780367769825735293e-09 1.571243743291283042e-06
2.831798589477310162e-09 2.360915204371286954e-06
4.352717025416528164e-09 3.331634749736530039e-06
6.442936706730940560e-09 4.497300351158025239e-06
9.210451352971400048e-09 5.875749191388290656e-06
1.726412223638507203e-08 9.359364509061765243e-06
2.961440629244172500e-08 1.399035730184682620e-05
4.760234259406434222e-08 2.000744564924680080e-05
7.280858902572716169e-08 2.762541866450402925e-05
1.069774052811704485e-07 3.692082460755834189e-05
1.786399553702715184e-07 5.352425790188030335e-05
3.179080611873818725e-07 7.810458603098302793e-05
4.169532575344421554e-07 9.195064971249766836e-05
4.437988271458211392e-07 9.546604737380116803e-05
8.192319285407806845e-07 1.258634192745901824e-04
1.345077519584908144e-06 1.502403360181796689e-04
1.355892155183851501e-06 1.507479063957327598e-04
1.366793742160269374e-06 1.512565946638928110e-04
1.377782979616963499e-06 1.517664008892646388e-04
1.388860572277631851e-06 1.522773251396318582e-04
1.400027230532062933e-06 1.527893674840756033e-04
1.411283670481690902e-06 1.533025279930933557e-04
1.422630613985518732e-06 1.538168067387184505e-04
1.434068788706409411e-06 1.543322037946398811e-04
1.445598928157750466e-06 1.548487192363228078e-04
1.457221771750492884e-06 1.553663531411292298e-04
1.468938064840568010e-06 1.558851055884393345e-04
1.480748558776687316e-06 1.564049766597732532e-04
1.492654010948523750e-06 1.569259664389131153e-04
1.504655184835282934e-06 1.574480750120258615e-04
1.516752850054664636e-06 1.579713024677861376e-04
1.528947782412215351e-06 1.584956488974998941e-04
1.541240763951080904e-06 1.590211143952283915e-04
1.553632583002158421e-06 1.595476990579125314e-04
1.566124034234648528e-06 1.600754029854976749e-04
1.578715918707017931e-06 1.606042262810590852e-04
1.591409043918371124e-06 1.611341690509274238e-04
1.604204223860231412e-06 1.616652314048150059e-04
1.617102279068743344e-06 1.621974134559424352e-04
1.630104036677290822e-06 1.627307153211654284e-04
1.643210330469541479e-06 1.632651371211024530e-04
1.656422000932914578e-06 1.638006789802624733e-04
1.669739895312481953e-06 1.643373410271732117e-04
1.683164867665298605e-06 1.648751233945099245e-04
1.696697778915173127e-06 1.654140262192244494e-04
1.710339496907877944e-06 1.659540496426748489e-04
1.724090896466801918e-06 1.664951938107552974e-04
1.737952859449052945e-06 1.670374588740264571e-04
1.751926274802008621e-06 1.675808449878462864e-04
1.766012038620323683e-06 1.681253523125012829e-04
1.780211054203395682e-06 1.686709810133381056e-04
1.794524232113291666e-06 1.692177312608954677e-04
1.808952490233141784e-06 1.697656032310368164e-04
1.823496753826001507e-06 1.703145971050829303e-04
1.838157955594186714e-06 1.708647130699453580e-04
1.852937035739087345e-06 1.714159513182600186e-04
1.867834942021461960e-06 1.719683120485213177e-04
1.882852629822213409e-06 1.725217954652165614e-04
1.897991062203659813e-06 1.730764017789608036e-04
1.913251209971290458e-06 1.736321312066323446e-04
1.928634051736025478e-06 1.741889839715081748e-04
1.944140573976971035e-06 1.747469603034001778e-04
1.959771771104679770e-06 1.753060604387916583e-04
1.975528645524924122e-06 1.758662846209741414e-04
1.991412207702975541e-06 1.764276331001848495e-04
2.007423476228406744e-06 1.769901061337441793e-04
2.023563477880411507e-06 1.775537039861940184e-04
2.039833247693649199e-06 1.781184269294360629e-04
2.056233829024622086e-06 1.786842752428707847e-04
2.072766273618584169e-06 1.792512492135368873e-04
2.089431641676985749e-06 1.798193491362508150e-04
2.106231001925466040e-06 1.803885753137469408e-04
2.123165431682384905e-06 1.809589280568180516e-04
2.140236016927913218e-06 1.815304076844563217e-04
2.157443852373674644e-06 1.821030145239945571e-04
2.174790041532944340e-06 1.826767489112479279e-04
2.192275696791421944e-06 1.832516111906561346e-04
2.209901939478561494e-06 1.838276017154258715e-04
2.227669899939482828e-06 1.844047208476737526e-04
2.245580717607459818e-06 1.849829689585696696e-04
2.263635541076989244e-06 1.855623464284805301e-04
2.281835528177450048e-06 1.861428536471143754e-04
2.300181846047350009e-06 1.867244910136649856e-04
2.318675671209176772e-06 1.873072589369567567e-04
2.337318189644843922e-06 1.878911578355900642e-04
2.356110596871745647e-06 1.884761881380871704e-04
2.375054098019426772e-06 1.890623502830382388e-04
2.394149907906863081e-06 1.896496447192481082e-04
2.413399251120365480e-06 1.902380719058831206e-04
2.432803362092113502e-06 1.908276323126187357e-04
2.452363485179316888e-06 1.914183264197872258e-04
2.472080874744011598e-06 1.920101547185261307e-04
2.491956795233504222e-06 1.926031177109266575e-04
2.511992521261456753e-06 1.931972159101831652e-04
2.532189337689625687e-06 1.937924498407423508e-04
2.552548539710260543e-06 1.943888200384534927e-04
2.573071432929158831e-06 1.949863270507185855e-04
2.593759333449395682e-06 1.955849714366433964e-04
2.614613567955723904e-06 1.961847537671886305e-04
2.635635473799648704e-06 1.967856746253215288e-04
2.656826399085194853e-06 1.973877346061681990e-04
2.678187702755355717e-06 1.979909343171659458e-04
2.699720754679238969e-06 1.985952743782165228e-04
2.721426935739919156e-06 1.992007554218394117e-04
2.743307637922986521e-06 1.998073780933258060e-04
2.765364264405815805e-06 2.004151430508930014e-04
2.787598229647550370e-06 2.010240509658391659e-04
2.810010959479806722e-06 2.016341025226985972e-04
2.832603891198113409e-06 2.022452984193974957e-04
2.855378473654082186e-06 2.028576393674101164e-04
2.878336167348320326e-06 2.034711260919154908e-04
2.901478444524090868e-06 2.040857593319545275e-04
2.924806789261723753e-06 2.047015398405876280e-04
2.948322697573790563e-06 2.053184683850527907e-04
2.972027677501039479e-06 2.059365457469241483e-04
2.995923249209104836e-06 2.065557727222709931e-04
3.020010945085991726e-06 2.071761501218174258e-04
3.044292309840348338e-06 2.077976787711023024e-04
3.068768900600520952e-06 2.084203595106398860e-04
3.093442287014418277e-06 2.090441931960807420e-04
3.118314051350162685e-06 2.096691806983732849e-04
3.143385788597561792e-06 2.102953229039259742e-04
3.168659106570395731e-06 2.109226207147698370e-04
3.194135626009518852e-06 2.115510750487215584e-04
3.219816980686798288e-06 2.121806868395468713e-04
3.245704817509886421e-06 2.128114570371251926e-04
3.271800796627830652e-06 2.134433866076137706e-04
3.298106591537541619e-06 2.140764765336133522e-04
3.324623889191106356e-06 2.147107278143337125e-04
3.351354390103975140e-06 2.153461414657598637e-04
3.378299808464010215e-06 2.159827185208192926e-04
3.405461872241414147e-06 2.166204600295490370e-04
3.432842323299545032e-06 2.172593670592639801e-04
3.460442917506615146e-06 2.178994406947251466e-04
3.488265424848293396e-06 2.185406820383091085e-04
3.516311629541217047e-06 2.191830922101775821e-04
3.544583330147402582e-06 2.198266723484477829e-04
3.573082339689590835e-06 2.204714236093632687e-04
3.601810485767511584e-06 2.211173471674658132e-04
3.630769610675085802e-06 2.217644442157670618e-04
3.659961571518566427e-06 2.224127159659216246e-04
3.689388240335634157e-06 2.230621636484004405e-04
3.719051504215451244e-06 2.237127885126645476e-04
3.748953265419671581e-06 2.243645918273400193e-04
3.779095441504433780e-06 2.250175748803931442e-04
3.809479965443329178e-06 2.256717389793062021e-04
3.840108785751364685e-06 2.263270854512544064e-04
3.870983866609914967e-06 2.269836156432829808e-04
3.902107187992681327e-06 2.276413309224849962e-04
3.933480745792667452e-06 2.283002326761801820e-04
3.965106551950171170e-06 2.289603223120941454e-04
3.996986634581807051e-06 2.296216012585384028e-04
4.029123038110570859e-06 2.302840709645912517e-04
4.061517823396939074e-06 2.309477329002786975e-04
4.094173067871032291e-06 2.316125885567571951e-04
4.127090865665836560e-06 2.322786394464963647e-04
4.160273327751499616e-06 2.329458871034622484e-04
4.193722582070699448e-06 2.336143330833021132e-04
4.227440773675114858e-06 2.342839789635294424e-04
4.261430064862971755e-06 2.349548263437096867e-04
4.295692635317718541e-06 2.356268768456470724e-04
4.330230682247804336e-06 2.363001321135719786e-04
4.365046420527576130e-06 2.369745938143292088e-04
4.400142082839326213e-06 2.376502636375669943e-04
4.435519919816460219e-06 2.383271432959269739e-04
4.471182200187834935e-06 2.390052345252344983e-04
4.507131210923242978e-06 2.396845390846906150e-04
4.543369257380075711e-06 2.403650587570641895e-04
4.579898663451161825e-06 2.410467953488849195e-04
4.616721771713796864e-06 2.417297506906377876e-04
4.653840943579967053e-06 2.424139266369575391e-04
4.691258559447781005e-06 2.430993250668250316e-04
4.728977018854127080e-06 2.437859478837635027e-04
4.766998740628546237e-06 2.444737970160362739e-04
4.805326163048355954e-06 2.451628744168455123e-04
4.843961743995002346e-06 2.458531820645313984e-04
4.882907961111689608e-06 2.465447219627728390e-04
4.922167311962262220e-06 2.472374961407884241e-04
4.961742314191373795e-06 2.479315066535389559e-04
5.001635505685940878e-06 2.486267555819310078e-04
5.041849444737887618e-06 2.493232450330207001e-04
5.082386710208209275e-06 2.500209771402192647e-04
5.123249901692352865e-06 2.507199540634992606e-04
5.164441639686920014e-06 2.514201779896017104e-04
5.205964565757723382e-06 2.521216511322451346e-04
5.247821342709178006e-06 2.528243757323339353e-04
5.290014654755069066e-06 2.535283540581695447e-04
5.332547207690679998e-06 2.542335884056617359e-04
5.375421729066321588e-06 2.549400810985412349e-04
5.418640968362234962e-06 2.556478344885737422e-04
5.462207697164920124e-06 2.563568509557741714e-04
5.506124709344865497e-06 2.570671329086230555e-04
5.550394821235725031e-06 2.577786827842837671e-04
5.595020871814914105e-06 2.584915030488202804e-04
5.640005722885678405e-06 2.592055961974171555e-04
5.685352259260613780e-06 2.599209647545999572e-04
5.731063388946660780e-06 2.606376112744569198e-04
5.777142043331600132e-06 2.613555383408621845e-04
5.823591177372028833e-06 2.620747485677001748e-04
5.870413769782862601e-06 2.627952445990908940e-04
5.917612823228356196e-06 2.635170291096167400e-04
5.965191364514659428e-06 2.642401048045509471e-04
6.013152444783920681e-06 2.649644744200865690e-04
6.061499139709952372e-06 2.656901407235670890e-04
6.110234549695468504e-06 2.664171065137187103e-04
6.159361800070912940e-06 2.671453746208836758e-04
6.208884041294880110e-06 2.678749479072549443e-04
6.258804449156145918e-06 2.686058292671117875e-04
6.309126224977332578e-06 2.693380216270584225e-04
6.359852595820199757e-06 2.700715279462616151e-04
6.410986814692589969e-06 2.708063512166918605e-04
6.462532160757051942e-06 2.715424944633647265e-04
6.514491939541108929e-06 2.722799607445845825e-04
6.566869483149252410e-06 2.730187531521883820e-04
6.619668150476617176e-06 2.737588748117929151e-04
6.672891327424386881e-06 2.745003288830420067e-04
6.726542427116926706e-06 2.752431185598558285e-04
6.780624890120658369e-06 2.759872470706817293e-04
6.835142184664701191e-06 2.767327176787468543e-04
6.890097806863284318e-06 2.774795336823118481e-04
6.945495280939945328e-06 2.782276984149266181e-04
7.001338159453538104e-06 2.789772152456876700e-04
7.057630023526051664e-06 2.797280875794970153e-04
7.114374483072257729e-06 2.804803188573224337e-04
7.171575177031214151e-06 2.812339125564603383e-04
7.229235773599622485e-06 2.819888721907990738e-04
7.287359970467064289e-06 2.827452013110853596e-04
7.345951495053133075e-06 2.835029035051913823e-04
7.405014104746461930e-06 2.842619823983840040e-04
7.464551587145679821e-06 2.850224416535961374e-04
7.524567760302306767e-06 2.857842849716994769e-04
7.585066472965603953e-06 2.865475160917793445e-04
7.646051604829378809e-06 2.873121387914113231e-04
7.707527066780793312e-06 2.880781568869395719e-04
7.769496801151159427e-06 2.888455742337575258e-04
7.831964781968752190e-06 2.896143947265902223e-04
7.894935015213665823e-06 2.903846222997784701e-04
7.958411539074700195e-06 2.911562609275653501e-04
8.022398424208339451e-06 2.919293146243845047e-04
8.086899773999780460e-06 2.927037874451505410e-04
8.151919724826090706e-06 2.934796834855511695e-04
8.217462446321458351e-06 2.942570068823424320e-04
8.283532141644588676e-06 2.950357618136446348e-04
8.350133047748250294e-06 2.958159524992413176e-04
8.417269435650977908e-06 2.965975832008802275e-04
8.484945610710972275e-06 2.973806582225765709e-04
8.553165912902187205e-06 2.981651819109181075e-04
8.621934717092659506e-06 2.989511586553727390e-04
8.691256433325051379e-06 2.997385928885986988e-04
8.761135507099469634e-06 3.005274890867560980e-04
8.831576419658534633e-06 3.013178517698219942e-04
8.902583688274771790e-06 3.021096855019066532e-04
8.974161866540290061e-06 3.029029948915731179e-04
9.046315544658794862e-06 3.036977845921587827e-04
9.119049349739955735e-06 3.044940593020991357e-04
9.192367946096137232e-06 3.052918237652545923e-04
9.266276035541506581e-06 3.060910827712393870e-04
9.340778357693563862e-06 3.068918411557527981e-04
9.415879690277074369e-06 3.076941038009140027e-04
9.491584849430476003e-06 3.084978756355977463e-04
9.567898690014712564e-06 3.093031616357742397e-04
9.644826105924579350e-06 3.101099668248512254e-04
9.722372030402552247e-06 3.109182962740180485e-04
9.800541436355163010e-06 3.117281551025933065e-04
9.879339336671890225e-06 3.125395484783750465e-04
9.958770784546647274e-06 3.133524816179933479e-04
1.003884087380180802e-05 3.141669597872660488e-04
1.011955473921489384e-05 3.149829883015573461e-04
1.020091755684784756e-05 3.158005725261392688e-04
1.028293454437895682e-05 3.166197178765555354e-04
1.036561096143748295e-05 3.174404298189892619e-04
1.044895210994091560e-05 3.182627138706329998e-04
1.053296333443501915e-05 3.190865756000620264e-04
1.061765002243654233e-05 3.199120206276107265e-04
1.070301760477870933e-05 3.207390546257515200e-04
1.078907155595951470e-05 3.215676833194782368e-04
1.087581739449277276e-05 3.223979124866906826e-04
1.096326068326201813e-05 3.232297479585845182e-04
1.105140702987726584e-05 3.240631956200431445e-04
1.114026208703456836e-05 3.248982614100323521e-04
1.122983155287857956e-05 3.257349513220002832e-04
1.132012117136790884e-05 3.265732714042783699e-04
1.141113673264351777e-05 3.274132277604873136e-04
1.150288407340001528e-05 3.282548265499462084e-04
1.159536907725993952e-05 3.290980739880842673e-04
1.168859767515110594e-05 3.299429763468573725e-04
1.178257584568689968e-05 3.307895399551671195e-04
1.187730961554972059e-05 3.316377711992840897e-04
1.197280505987745222e-05 3.324876765232742670e-04
1.206906830265301390e-05 3.333392624294297915e-04
1.216610551709715539e-05 3.341925354787028029e-04
1.226392292606426181e-05 3.350475022911432953e-04
1.236252680244147382e-05 3.359041695463410929e-04
1.246192346955091316e-05 3.367625439838710225e-04
1.256211930155522840e-05 3.376226324037430752e-04
1.266312072386634089e-05 3.384844416668548973e-04
1.276493421355747884e-05 3.393479786954500289e-04
1.286756629977858600e-05 3.402132504735785813e-04
1.297102356417498464e-05 3.410802640475639859e-04
1.307531264130947407e-05 3.419490265264715323e-04
1.318044021908778685e-05 3.428195450825829776e-04
1.328641303918746188e-05 3.436918269518744089e-04
1.339323789749020728e-05 3.445658794344987671e-04
1.350092164451767513e-05 3.454417098952729248e-04
1.360947118587080055e-05 3.463193257641681796e-04
1.371889348267265081e-05 3.471987345368068184e-04
1.382919555201479983e-05 3.480799437749613383e-04
1.394038446740737039e-05 3.489629611070596852e-04
1.405246735923259482e-05 3.498477942286946116e-04
1.416545141520212810e-05 3.507344509031372088e-04
1.427934388081796082e-05 3.516229389618558609e-04
1.439415205983704052e-05 3.525132663050395345e-04
1.450988331473970457e-05 3.534054409021264356e-04
1.462654506720176215e-05 3.542994707923361906e-04
1.474414479857049456e-05 3.551953640852091826e-04
1.486269005034439103e-05 3.560931289611488689e-04
1.498218842465676376e-05 3.569927736719696832e-04
1.510264758476329513e-05 3.578943065414512252e-04
1.522407525553343359e-05 3.587977359658957028e-04
1.534647922394583009e-05 3.597030704146923687e-04
1.546986733958762667e-05 3.606103184308858582e-04
1.559424751515792274e-05 3.615194886317508712e-04
1.571962772697516639e-05 3.624305897093720030e-04
1.584601601548863526e-05 3.633436304312288347e-04
1.597342048579412379e-05 3.642586196407864431e-04
1.610184930815364529e-05 3.651755662580924715e-04
1.623131071851943369e-05 3.660944792803787532e-04
1.636181301906207194e-05 3.670153677826691152e-04
1.649336457870288951e-05 3.679382409183934162e-04
1.662597383365069662e-05 3.688631079200068428e-04
1.675964928794271652e-05 3.697899780996153317e-04
1.689439951399000344e-05 3.707188608496075509e-04
1.703023315312713996e-05 3.716497656432920312e-04
1.716715891616639304e-05 3.725827020355412366e-04
1.730518558395635932e-05 3.735176796634418145e-04
1.744432200794501168e-05 3.744547082469503211e-04
1.758457711074739088e-05 3.753937975895568074e-04
1.772595988671776614e-05 3.763349575789537720e-04
1.786847940252641036e-05 3.772781981877112935e-04
1.801214479774109503e-05 3.782235294739606205e-04
1.815696528541312860e-05 3.791709615820822057e-04
1.830295015266821280e-05 3.801205047434024148e-04
1.845010876130202874e-05 3.810721692768956554e-04
1.859845054838053259e-05 3.820259655898942041e-04
1.874798502684522496e-05 3.829819041788052984e-04
1.889872178612311628e-05 3.839399956298347326e-04
1.905067049274175405e-05 3.849002506197175019e-04
1.920384089094908490e-05 3.858626799164565236e-04
1.935824280333833455e-05 3.868272943800682429e-04
1.951388613147795299e-05 3.877941049633356653e-04
1.967078085654653340e-05 3.887631227125690333e-04
1.982893703997294884e-05 3.897343587683737122e-04
1.998836482408154069e-05 3.907078243664270211e-04
2.014907443274252467e-05 3.916835308382611352e-04
2.031107617202766895e-05 3.926614896120554209e-04
2.047438043087115937e-05 3.936417122134357096e-04
2.063899768173588914e-05 3.946242102662823534e-04
2.080493848128496623e-05 3.956089954935461416e-04
2.097221347105876035e-05 3.965960797180724572e-04
2.114083337815730995e-05 3.975854748634344857e-04
2.131080901592821125e-05 3.985771929547732013e-04
2.148215128466010783e-05 3.995712461196484111e-04
2.165487117228164863e-05 4.005676465888964133e-04
2.182897975506619908e-05 4.015664066974973046e-04
2.200448819834209855e-05 4.025675388854512869e-04
2.218140775720868097e-05 4.035710556986637013e-04
2.235974977725806894e-05 4.045769697898394406e-04
2.253952569530272076e-05 4.055852939193858734e-04
2.272074704010887969e-05 4.065960409563263377e-04
2.290342543313591173e-05 4.076092238792221475e-04
2.308757258928150825e-05 4.086248557771040841e-04
2.327320031763302456e-05 4.096429498504147314e-04
2.346032052222471381e-05 4.106635194119584529e-04
2.364894520280116455e-05 4.116865778878636760e-04
2.383908645558680648e-05 4.127121388185540115e-04
2.403075647406160284e-05 4.137402158597288607e-04
2.422396754974305498e-05 4.147708227833561104e-04
2.441873207297435297e-05 4.158039734786734480e-04
2.461506253371905512e-05 4.168396819532011149e-04
2.481297152236197794e-05 4.178779623337651765e-04
2.501247173051660493e-05 4.189188288675315796e-04
2.521357595183902763e-05 4.199622959230511613e-04
2.541629708284831395e-05 4.210083779913152821e-04
2.562064812375361553e-05 4.220570896868227890e-04
2.582664217928778706e-05 4.231084457486596648e-04
2.603429245954783612e-05 4.241624610415873492e-04
2.624361228084201708e-05 4.252191505571453192e-04
2.645461506654379956e-05 4.262785294147636967e-04
2.666731434795271142e-05 4.273406128628889217e-04
2.688172376516204606e-05 4.284054162801204297e-04
2.709785706793361708e-05 4.294729551763596894e-04
2.731572811657949926e-05 4.305432451939727382e-04
2.753535088285082358e-05 4.316163021089631808e-04
2.775673945083386698e-05 4.326921418321597154e-04
2.797990801785312157e-05 4.337707804104145031e-04
2.820487089538185169e-05 4.348522340278173650e-04
2.843164250995982361e-05 4.359365190069192510e-04
2.866023740411843490e-05 4.370236518099720243e-04
2.889067023731336549e-05 4.381136490401803902e-04
2.912295578686458771e-05 4.392065274429677560e-04
2.935710894890410471e-05 4.403023039072554269e-04
2.959314473933115624e-05 4.414009954667561680e-04
2.983107829477516640e-05 4.425026193012811010e-04
3.007092487356648406e-05 4.436071927380625399e-04
3.031269985671479735e-05 4.447147332530882640e-04
3.055641874889558152e-05 4.458252584724548191e-04
3.080209717944433598e-05 4.469387861737307392e-04
3.104975090335886827e-05 4.480553342873379828e-04
3.129939580230969593e-05 4.491749208979480055e-04
3.155104788565841388e-05 4.502975642458921990e-04
3.180472329148446777e-05 4.514232827285884837e-04
3.206043828761999783e-05 4.525520949019840034e-04
3.231820927269304466e-05 4.536840194820132132e-04
3.257805277717926601e-05 4.548190753460719079e-04
3.283998546446190023e-05 4.559572815345085410e-04
3.310402413190045081e-05 4.570986572521308871e-04
3.337018571190784123e-05 4.582432218697304839e-04
3.363848727303623670e-05 4.593909949256232833e-04
3.390894602107170203e-05 4.605419961272078132e-04
3.418157930013749940e-05 4.616962453525407396e-04
3.445640459380642552e-05 4.628537626519298848e-04
3.473343952622189024e-05 4.640145682495454608e-04
3.501270186322826510e-05 4.651786825450478354e-04
3.529420951351010195e-05 4.663461261152366047e-04
3.557798052974056737e-05 4.675169197157149508e-04
3.586403310973922825e-05 4.686910842825743845e-04
3.615238559763892439e-05 4.698686409340983514e-04
3.644305648506227017e-05 4.710496109724849755e-04
3.673606441230746001e-05 4.722340158855887755e-04
3.703142816954355381e-05 4.734218773486826562e-04
3.732916669801562869e-05 4.746132172262398485e-04
3.762929909125926838e-05 4.758080575737357455e-04
3.793184459632517629e-05 4.770064206394701209e-04
3.823682261501335682e-05 4.782083288664104354e-04
3.854425270511731858e-05 4.794138048940563930e-04
3.885415458167836760e-05 4.806228715603242307e-04
3.916654811824979383e-05 4.818355519034549141e-04
3.948145334817145923e-05 4.830518691639421741e-04
3.979889046585441468e-05 4.842718467864834744e-04
4.011887982807591852e-05 4.854955084219528803e-04
4.044144195528503278e-05 4.867228779293972913e-04
4.076659753291834320e-05 4.879539793780549549e-04
4.109436741272671096e-05 4.891888370493979949e-04
4.142477261411235147e-05 4.904274754391971117e-04
4.175783432547672806e-05 4.916699192596117075e-04
4.209357390557949097e-05 4.929161934413028336e-04
4.243201288490798734e-05 4.941663231355714536e-04
4.277317296705817565e-05 4.954203337165216442e-04
4.311707603012628049e-05 4.966782507832474304e-04
4.346374412811191958e-05 4.979401001620472689e-04
4.381319949233235066e-05 4.992059079086622747e-04
4.416546453284808215e-05 5.004757003105416617e-04
4.452056183990011864e-05 5.017495038891343125e-04
4.487851418535847531e-05 5.030273454022072361e-04
4.523934452418268637e-05 5.043092518461902637e-04
4.560307599589376537e-05 5.055952504585502346e-04
4.596973192605807815e-05 5.068853687201907692e-04
4.633933582778327758e-05 5.081796343578820745e-04
4.671191140322608995e-05 5.094780753467175296e-04
4.708748254511231223e-05 5.107807199126005197e-04
4.746607333826910143e-05 5.120875965347613037e-04
4.784770806116931221e-05 5.133987339483000100e-04
4.823241118748866185e-05 5.147141611467659535e-04
4.862020738767499099e-05 5.160339073847597206e-04
4.901112153053049404e-05 5.173580021805735275e-04
4.940517868480648572e-05 5.186864753188571639e-04
4.980240412081090695e-05 5.200193568533197173e-04
5.020282331202905124e-05 5.213566771094607860e-04
5.060646193675698984e-05 5.226984666873354122e-04
5.101334587974840025e-05 5.240447564643525152e-04
5.142350123387446622e-05 5.253955775981049856e-04
5.183695430179709987e-05 5.267509615292360978e-04
5.225373159765588570e-05 5.281109399843370413e-04
5.267385984876815029e-05 5.294755449788839151e-04
5.309736599734315364e-05 5.308448088202041056e-04
5.352427720220979252e-05 5.322187641104842966e-04
5.395462084055811368e-05 5.335974437498098135e-04
5.438842450969525388e-05 5.349808809392439740e-04
5.482571602881490519e-05 5.363691091839434353e-04
5.526652344078157982e-05 5.377621622963099689e-04
5.571087501392881354e-05 5.391600743991835452e-04
5.615879924387195857e-05 5.405628799290706533e-04
5.661032485533569437e-05 5.419706136394141470e-04
5.706548080399595165e-05 5.433833106039026627e-04
5.752429627833692706e-05 5.448010062198189616e-04
5.798680070152276172e-05 5.462237362114301213e-04
5.845302373328455445e-05 5.476515366334206618e-04
5.892299527182232342e-05 5.490844438743627516e-04
5.939674545572225510e-05 5.505224946602359616e-04
5.987430466588961986e-05 5.519657260579835566e-04
6.035570352749688674e-05 5.534141754791168169e-04
6.084097291194779641e-05 5.548678806833614273e-04
6.133014393885706007e-05 5.563268797823503779e-04
6.182324797804592844e-05 5.577912112433606670e-04
6.232031665155408472e-05 5.592609138930973835e-04
6.282138183566726534e-05 5.607360269215239763e-04
6.332647566296166540e-05 5.622165898857412044e-04
6.383563052436449202e-05 5.637026427139116237e-04
6.434887907123101110e-05 5.651942257092353560e-04
6.486625421743865674e-05 5.666913795539741056e-04
6.538778914149752559e-05 5.681941453135248322e-04
6.591351728867824561e-05 5.697025644405456822e-04
6.644347237315674482e-05 5.712166787791323353e-04
6.697768838017608263e-05 5.727365305690455257e-04
6.751619956822622480e-05 5.742621624499949420e-04
6.805904047124066412e-05 5.757936174659729995e-04
6.860624590081125572e-05 5.773309390696441251e-04
6.915785094842052158e-05 5.788741711267923707e-04
6.971389098769200700e-05 5.804233579208179254e-04
7.027440167665887879e-05 5.819785441572999799e-04
7.083941896005035857e-05 5.835397749686075134e-04
7.140897907159714317e-05 5.851070959185745903e-04
7.198311853635468724e-05 5.866805530072337696e-04
7.256187417304575758e-05 5.882601926756066526e-04
7.314528309642145953e-05 5.898460618105589399e-04
7.373338271964130475e-05 5.914382077497151204e-04
7.432621075667252344e-05 5.930366782864357174e-04
7.492380522470862129e-05 5.946415216748588296e-04
7.552620444660734355e-05 5.962527866350054214e-04
7.613344705334824968e-05 5.978705223579502091e-04
7.674557198651014241e-05 5.994947785110581401e-04
7.736261850076808018e-05 6.011256052432878763e-04
7.798462616641105728e-05 6.027630531905654255e-04
7.861163487187942988e-05 6.044071734812239086e-04
7.924368482632287427e-05 6.060580177415146683e-04
7.988081656217908041e-05 6.077156381011911265e-04
8.052307093777266581e-05 6.093800871991591041e-04
8.117048913993590907e-05 6.110514181892080223e-04
8.182311268664962240e-05 6.127296847458112757e-04
8.248098342970572175e-05 6.144149410700010900e-04
8.314414355739122356e-05 6.161072418953226354e-04
8.381263559719342397e-05 6.178066424938650093e-04
8.448650241852753468e-05 6.195131986823681136e-04
8.516578723548556915e-05 6.212269668284119313e-04
8.585053360960765822e-05 6.229480038566852750e-04
8.654078545267567316e-05 6.246763672553379103e-04
8.723658702952889873e-05 6.264121150824125857e-04
8.793798296090316567e-05 6.281553059723657493e-04
8.864501822629196532e-05 6.299059991426692560e-04
8.935773816683106440e-05 6.316642544005043403e-04
9.007618848820611839e-05 6.334301321495373373e-04
9.080041526358356816e-05 6.352036933967895134e-04
9.153046493656553809e-05 6.369849997595965598e-04
9.226638432416804463e-05 6.387741134726588341e-04
9.300822061982320628e-05 6.405710973951852768e-04
9.375602139640595661e-05 6.423760150181340384e-04
9.450983460928440638e-05 6.441889304715458066e-04
9.526970859939554897e-05 6.460099085319781801e-04
9.603569209634515698e-05 6.478390146300359951e-04
9.680783422153269686e-05 6.496763148580049756e-04
9.758618449130151897e-05 6.515218759775846975e-04
9.837079282011393009e-05 6.533757654277258520e-04
9.916170952375266624e-05 6.552380513325743033e-04
9.995898532254720735e-05 6.571088025095187966e-04
1.007626713446264786e-04 6.589880884773483861e-04
1.015728191291977487e-04 6.608759794645201278e-04
1.023894806298513463e-04 6.627725464175357331e-04
1.032127082178929548e-04 6.646778610094345591e-04
1.040425546857017664e-04 6.665919956483993538e-04
1.048790732501159710e-04 6.685150234864772542e-04
1.057223175558456483e-04 6.704470184284230805e-04
1.065723416789125891e-04 6.723880551406570148e-04
1.074292001301185634e-04 6.743382090603499985e-04
1.082929478585407062e-04 6.762975564046277413e-04
1.091636402550555412e-04 6.782661741799038586e-04
1.100413331558906371e-04 6.802441401913363918e-04
1.109260828462059440e-04 6.822315330524195273e-04
1.118179460637029675e-04 6.842284321947008675e-04
1.127169800022631742e-04 6.862349178776346601e-04
1.136232423156160516e-04 6.882510711985702270e-04
1.145367911210358442e-04 6.902769741028773288e-04
1.154576850030691491e-04 6.923127093942114995e-04
1.163859830172914731e-04 6.943583607449208689e-04
1.173217446940944729e-04 6.964140127065945830e-04
1.182650300425036480e-04 6.984797507207627949e-04
1.192158995540262552e-04 7.005556611297369517e-04
1.201744142065310855e-04 7.026418311876087008e-04
1.211406354681585583e-04 7.047383490713948371e-04
1.221146253012626360e-04 7.068453038923415204e-04
1.230964461663844659e-04 7.089627857073858104e-04
1.240861610262575178e-04 7.110908855307741935e-04
1.250838333498458714e-04 7.132296953458463432e-04
1.260895271164140399e-04 7.153793081169847624e-04
1.271033068196298894e-04 7.175398178017282488e-04
1.281252374717006533e-04 7.197113193630585081e-04
1.291553846075416351e-04 7.218939087818588294e-04
1.301938142889795796e-04 7.240876830695482927e-04
1.312405931089886230e-04 7.262927402808942202e-04
1.322957881959609117e-04 7.285091795270046047e-04
1.333594672180116159e-04 7.307371009885078872e-04
1.344316983873177992e-04 7.329766059289135813e-04
1.355125504644936346e-04 7.352277967081690280e-04
1.366020927629993398e-04 7.374907767964054535e-04
1.377003951535862977e-04 7.397656507878786402e-04
1.388075280687778475e-04 7.420525244151126697e-04
1.399235625073856366e-04 7.443515045632404480e-04
1.410485700390632974e-04 7.466626992845536983e-04
1.421826228088956309e-04 7.489862178132604712e-04
1.433257935420253581e-04 7.513221705804514709e-04
1.444781555483168973e-04 7.536706692292854991e-04
1.456397827270572475e-04 7.560318266303909813e-04
1.468107495716956324e-04 7.584057568974917046e-04
1.479911311746203329e-04 7.607925754032539506e-04
1.491810032319741707e-04 7.631923987953700928e-04
1.503804420485091594e-04 7.656053450128660811e-04
1.515895245424791018e-04 7.680315333026533058e-04
1.528083282505730898e-04 7.704710842363170350e-04
1.540369313328873301e-04 7.729241197271499893e-04
1.552754125779375733e-04 7.753907630474343076e-04
1.565238514077117401e-04 7.778711388459758069e-04
1.577823278827627173e-04 7.803653731658943306e-04
1.590509227073432744e-04 7.828735934626760394e-04
1.603297172345809337e-04 7.853959286224872129e-04
1.616187934716952596e-04 7.879325089807628956e-04
1.629182340852569166e-04 7.904834663410621482e-04
1.642281224064884694e-04 7.930489339942057344e-04
1.655485424366090388e-04 7.956290467376954823e-04
1.668795788522206721e-04 7.982239408954212856e-04
1.682213170107387055e-04 8.008337543376575860e-04
1.695738429558657110e-04 8.034586265013594214e-04
1.709372434231086761e-04 8.060986984107571711e-04
1.723116058453423431e-04 8.087541126982613834e-04
1.736970183584153203e-04 8.114250136256762752e-04
1.750935698068025706e-04 8.141115471057301439e-04
1.765013497493021072e-04 8.168138607239275708e-04
1.779204484647793952e-04 8.195321037607336068e-04
1.793509569579559884e-04 8.222664272140837614e-04
1.807929669652458434e-04 8.250169838222343221e-04
1.822465709606382010e-04 8.277839280869617872e-04
1.837118621616274945e-04 8.305674162971047984e-04
1.851889345351918025e-04 8.333676065524657029e-04
1.866778828038184658e-04 8.361846587880727207e-04
1.881788024515786552e-04 8.390187347988093325e-04
1.896917897302505653e-04 8.418699982644184746e-04
1.912169416654915344e-04 8.447386147748842545e-04
1.927543560630608493e-04 8.476247518562045205e-04
1.943041315150914486e-04 8.505285789965519013e-04
1.958663674064126375e-04 8.534502676728376262e-04
1.974411639209235699e-04 8.563899913776779104e-04
1.990286220480171737e-04 8.593479256467801428e-04
2.006288435890576894e-04 8.623242480867424802e-04
2.022419311639080553e-04 8.653191384032860381e-04
2.038679882175113397e-04 8.683327784299188111e-04
2.055071190265242420e-04 8.713653521570434652e-04
2.071594287060037748e-04 8.744170457615129061e-04
2.088250232161492116e-04 8.774880476366491268e-04
2.105040093690963216e-04 8.805785484227175285e-04
2.121964948357672775e-04 8.836887410378851211e-04
2.139025881527757222e-04 8.868188207096544713e-04
2.156223987293861817e-04 8.899689850067848918e-04
2.173560368545314817e-04 8.931394338717221206e-04
2.191036137038848632e-04 8.963303696535246737e-04
2.208652413469892894e-04 8.995419971413113735e-04
2.226410327544448931e-04 9.027745235982307043e-04
2.244311018051526121e-04 9.060281587959684736e-04
2.262355632936184060e-04 9.093031150497942134e-04
2.280545329373138768e-04 9.125996072541609589e-04
2.298881273840973620e-04 9.159178529188734741e-04
2.317364642196947401e-04 9.192580722058186354e-04
2.335996619752388908e-04 9.226204879662844305e-04
2.354778401348724733e-04 9.260053257788743988e-04
2.373711191434092782e-04 9.294128139880175176e-04
2.392796204140583275e-04 9.328431837430964076e-04
2.412034663362103441e-04 9.362966690382005814e-04
2.431427802832853151e-04 9.397735067525122155e-04
2.450976866206457582e-04 9.432739366913429858e-04
2.470683107135711104e-04 9.467982016278250019e-04
2.490547789352973032e-04 9.503465473452758988e-04
2.510572186751214188e-04 9.539192226802425305e-04
2.530757583465699056e-04 9.575164795662410465e-04
2.551105273956347751e-04 9.611385730782040851e-04
2.571616563090741987e-04 9.647857614776453837e-04
2.592292766227803809e-04 9.684583062585594773e-04
2.613135209302151394e-04 9.721564721940665699e-04
2.634145228909119479e-04 9.758805273838099502e-04
2.655324172390486682e-04 9.796307433021388036e-04
2.676673397920871240e-04 9.834073948470662286e-04
2.698194274594828217e-04 9.872107603900331409e-04
2.719888182514653080e-04 9.910411218264905328e-04
2.741756512878872651e-04 9.948987646273030165e-04
2.763800668071477655e-04 9.987839778910095369e-04
2.786022061751845368e-04 1.002697054396935834e-03
2.808422118945396806e-04 1.006638290659189446e-03
2.831002276134985752e-04 1.010607986981545275e-03
2.853763981353006607e-04 1.014606447513237550e-03
2.876708694274270951e-04 1.018633980305684410e-03
2.899837886309603453e-04 1.022690897370150554e-03
2.923153040700203790e-04 1.026777514736372434e-03
2.946655652612768035e-04 1.030894152512160100e-03
2.970347229235360863e-04 1.035041134943995213e-03
2.994229289874084099e-04 1.039218790478649724e-03
3.018303366050499332e-04 1.043427451825828904e-03
3.042571001599844163e-04 1.047667456021876033e-03
3.067033752770027995e-04 1.051939144494543716e-03
3.091693188321446937e-04 1.056242863128861124e-03
3.116550889627576625e-04 1.060578962334116212e-03
3.141608450776383612e-04 1.064947797111966826e-03
3.166867478672556421e-04 1.069349727125712543e-03
3.192329593140544319e-04 1.073785116770739623e-03
3.217996427028446118e-04 1.078254335246171380e-03
3.243869626312717537e-04 1.082757756627734371e-03
3.269950850203722620e-04 1.087295759941873377e-03
3.296241771252142764e-04 1.091868729241137273e-03
3.322744075456221654e-04 1.096477053680852080e-03
3.349459462369903050e-04 1.101121127597120414e-03
3.376389645211811535e-04 1.105801350586157333e-03
3.403536350975119060e-04 1.110518127584996396e-03
3.430901320538297275e-04 1.115271868953597589e-03
3.458486308776748076e-04 1.120062990558359740e-03
3.486293084675357880e-04 1.124891913857107651e-03
3.514323431441924691e-04 1.129759065985535323e-03
3.542579146621523535e-04 1.134664879845161643e-03
3.571062042211774505e-04 1.139609794192826932e-03
3.599773944779037786e-04 1.144594253731743812e-03
3.628716695575563331e-04 1.149618709204152907e-03
3.657892150657558847e-04 1.154683617485597691e-03
3.687302181004213511e-04 1.159789441680864237e-03
3.716948672637692048e-04 1.164936651221603649e-03
3.746833526744061216e-04 1.170125721965680323e-03
3.776958659795235989e-04 1.175357136298286380e-03
3.807326003671864662e-04 1.180631383234833753e-03
3.837937505787221166e-04 1.185948958525684209e-03
3.868795129212092157e-04 1.191310364762739439e-03
3.899900852800652342e-04 1.196716111487926325e-03
3.931256671317389316e-04 1.202166715303632904e-03
3.962864595565005811e-04 1.207662699985105658e-03
3.994726652513376866e-04 1.213204596594875994e-03
4.026844885429540794e-04 1.218792943599230445e-03
4.059221354008709834e-04 1.224428286986787478e-03
4.091858134506387232e-04 1.230111180389210392e-03
4.124757319871491003e-04 1.235842185204100120e-03
4.157921019880579249e-04 1.241621870720118013e-03
4.191351361273153164e-04 1.247450814244372439e-03
4.225050487888020942e-04 1.253329601232131647e-03
4.259020560800804421e-04 1.259258825418893037e-03
4.293263758462513677e-04 1.265239088954865209e-03
4.327782276839245391e-04 1.271271002541912243e-03
4.362578329553016914e-04 1.277355185573007248e-03
4.397654148023704052e-04 1.283492266274245067e-03
4.433011981612161177e-04 1.289682881849475281e-03
4.468654097764454265e-04 1.295927678627599097e-03
4.504582782157276802e-04 1.302227312212584330e-03
4.540800338844524706e-04 1.308582447636269389e-03
4.577309090405041634e-04 1.314993759513990957e-03
4.614111378091580781e-04 1.321461932203114734e-03
4.651209561980934886e-04 1.327987659964516721e-03
4.688606021125287068e-04 1.334571647127083364e-03
4.726303153704779214e-04 1.341214608255277821e-03
4.764303377181287077e-04 1.347917268319869487e-03
4.802609128453473662e-04 1.354680362871846970e-03
4.841222864013049860e-04 1.361504638219629632e-03
4.880147060102310108e-04 1.368390851609605245e-03
4.919384212872915428e-04 1.375339771410084193e-03
4.958936838545994303e-04 1.382352177298750004e-03
4.998807473573482806e-04 1.389428860453658255e-03
5.038998674800794497e-04 1.396570623747873854e-03
5.079513019630786490e-04 1.403778281947818014e-03
5.120353106189029805e-04 1.411052661915406913e-03
5.161521553490445828e-04 1.418394602814062244e-03
5.203021001607247053e-04 1.425804956318677593e-03
5.244854111838243927e-04 1.433284586829610026e-03
5.287023566879511284e-04 1.440834371690813106e-03
5.329532070996412197e-04 1.448455201412174233e-03
5.372382350197044305e-04 1.456147979896155837e-03
5.415577152407034887e-04 1.463913624668832566e-03
5.459119247645768166e-04 1.471753067115423369e-03
5.503011428204023165e-04 1.479667252720409752e-03
5.547256508823029692e-04 1.487657141312338869e-03
5.591857326874988005e-04 1.495723707313425946e-03
5.636816742545019618e-04 1.503867939994046454e-03
5.682137639014583951e-04 1.512090843732222549e-03
5.727822922646379255e-04 1.520393438278238012e-03
5.773875523170705036e-04 1.528776759024451934e-03
5.820298393873367306e-04 1.537241857280481801e-03
5.867094511785054005e-04 1.545789800553815617e-03
5.914266877872247823e-04 1.554421672836009839e-03
5.961818517229682934e-04 1.563138574894590641e-03
6.009752479274315263e-04 1.571941624570779737e-03
6.058071837940909310e-04 1.580831957083173771e-03
6.106779691879148271e-04 1.589810725337513454e-03
6.155879164652345529e-04 1.598879100242678840e-03
6.205373404937764015e-04 1.608038271033052991e-03
6.255265586728508747e-04 1.617289445597380228e-03
6.305558909537111812e-04 1.626633850814290924e-03
6.356256598600680758e-04 1.636072732894625764e-03
6.407361905087742690e-04 1.645607357730715162e-03
6.458878106306736346e-04 1.655239011252780147e-03
6.510808505916161918e-04 1.664968999792595895e-03
6.563156434136472109e-04 1.674798650454616946e-03
6.615925247963610079e-04 1.684729311494702906e-03
6.669118331384299480e-04 1.694762352706628492e-03
6.722739095593056186e-04 1.704899165816569848e-03
6.776790979210918497e-04 1.715141164885720416e-03
6.831277448506003136e-04 1.725489786721265363e-03
6.886201997615759096e-04 1.735946491295865032e-03
6.941568148771054894e-04 1.746512762175871222e-03
6.997379452522056904e-04 1.757190106958473382e-03
7.053639487965896642e-04 1.767980057717971187e-03
7.110351862976228886e-04 1.778884171461407896e-03
7.167520214434576573e-04 1.789904030593757276e-03
7.225148208463567619e-04 1.801041243392915818e-03
7.283239540662036571e-04 1.812297444494701719e-03
7.341797936341997594e-04 1.823674295388109327e-03
7.400827150767583110e-04 1.835173484921085330e-03
7.460330969395832096e-04 1.846796729817019259e-03
7.520313208119458123e-04 1.858545775202253593e-03
7.580777713511563549e-04 1.870422395144859164e-03
7.641728363072279248e-04 1.882428393204928696e-03
7.703169065477475166e-04 1.894565602996684667e-03
7.765103760829381247e-04 1.906835888762682110e-03
7.827536420909275922e-04 1.919241145960372177e-03
7.890471049432191226e-04 1.931783301861363230e-03
7.953911682303634522e-04 1.944464316163647477e-03
8.017862387878461287e-04 1.957286181617135315e-03
8.082327267221723309e-04 1.970250924662806172e-03
8.147310454371695055e-04 1.983360606085806093e-03
8.212816116604969774e-04 1.996617321682833159e-03
8.278848454703682802e-04 2.010023202944162448e-03
8.345411703224946652e-04 2.023580417750673113e-03
8.412510130772366673e-04 2.037291171086236859e-03
8.480148040269811860e-04 2.051157705765847307e-03
8.548329769237306358e-04 2.065182303179869706e-03
8.617059690069250920e-04 2.079367284054852057e-03
8.686342210314775903e-04 2.093715009231242406e-03
8.756181772960400364e-04 2.108227880458481140e-03
8.826582856714969066e-04 2.122908341207892409e-03
8.897549976296828360e-04 2.137758877503798810e-03
8.969087682723391646e-04 2.152782018773344644e-03
9.041200563602966485e-04 2.167980338715478315e-03
9.113893243428960447e-04 2.183356456189573108e-03
9.187170383876435342e-04 2.198913036124214120e-03
9.261036684101039106e-04 2.214652790446601516e-03
9.335496881040398825e-04 2.230578479033166420e-03
9.410555749717855641e-04 2.246692910681881254e-03
9.486218103548692228e-04 2.262998944106844358e-03
9.562488794648820335e-04 2.279499488955705720e-03
9.639372714145905607e-04 2.296197506850506699e-03
9.716874792493072812e-04 2.313096012452568219e-03
9.794999999785064613e-04 2.330198074551999461e-03
9.873753346076965566e-04 2.347506817182509233e-03
9.953139881705508688e-04 2.365025420762147113e-03
1.003316469761290171e-03 2.382757123260643983e-03
1.011383292567335406e-03 2.400705221394097873e-03
1.019514973902215177e-03 2.418873071847629612e-03
1.027712035238740164e-03 2.437264092526826229e-03
1.035975002242445989e-03 2.455881763838685047e-03
1.044304404805298896e-03 2.474729630002820042e-03
1.052700777079683316e-03 2.493811300393802138e-03
1.061164657512652255e-03 2.513130450915353805e-03
1.069696588880457823e-03 2.532690825407335998e-03
1.078297118323359987e-03 2.552496237086352305e-03
1.086966797380710045e-03 2.572550570020869318e-03
1.095706182026325330e-03 2.592857780641801696e-03
1.104515832704139723e-03 2.613421899289495188e-03
1.113396314364144312e-03 2.634247031798079078e-03
1.122348196498619251e-03 2.655337361118236678e-03
1.131372053178648614e-03 2.676697148979358381e-03
1.140468463090942063e-03 2.698330737592258190e-03
1.149638009574940585e-03 2.720242551393435571e-03
1.158881280660226457e-03 2.742437098832114280e-03
1.168198869104233742e-03 2.764918974201171446e-03
1.177591372430256524e-03 2.787692859513172042e-03
1.187059392965773711e-03 2.810763526422789017e-03
1.196603537881071357e-03 2.834135838196837238e-03
1.206224419228180264e-03 2.857814751733258295e-03
1.215922653980127353e-03 2.881805319630430066e-03
1.225698864070496686e-03 2.906112692308183629e-03
1.235553676433319859e-03 2.930742120181989430e-03
1.245487723043276060e-03 2.955698955891772079e-03
1.255501640956220620e-03 2.980988656586928444e-03
1.265596072350039713e-03 3.006616786269092519e-03
1.275771664565827478e-03 3.032589018194290290e-03
1.286029070149406414e-03 3.058911137336204136e-03
1.296368946893168474e-03 3.085589042912227284e-03
1.306791957878261591e-03 3.112628750974111118e-03
1.317298771517111215e-03 3.140036397065095776e-03
1.327890061596280133e-03 3.167818238945343742e-03
1.338566507319686278e-03 3.195980659387758979e-03
1.349328793352152101e-03 3.224530169046100226e-03
1.360177609863314971e-03 3.253473409397542558e-03
1.371113652571881274e-03 3.282817155761837830e-03
1.382137622790249572e-03 3.312568320399315695e-03
1.393250227469479624e-03 3.342733955689985558e-03
1.404452179244628516e-03 3.373321257396152007e-03
1.415744196480453682e-03 3.404337568010957615e-03
1.427127003317475024e-03 3.435790380195428290e-03
1.438601329718419523e-03 3.467687340306597685e-03
1.450167911515029290e-03 3.500036252019412923e-03
1.461827490455249292e-03 3.532845080045223657e-03
1.473580814250796287e-03 3.566121953949718485e-03
1.485428636625103988e-03 3.599875172073277278e-03
1.497371717361664590e-03 3.634113205556819843e-03
1.509410822352749140e-03 3.668844702476346288e-03
1.521546723648522538e-03 3.704078492089348841e-03
1.533780199506556453e-03 3.739823589196634816e-03
1.546112034441732980e-03 3.776089198622905284e-03
1.558543019276560941e-03 3.812884719819840777e-03
1.571073951191885977e-03 3.850219751595318311e-03
1.583705633778013282e-03 3.888104096972695364e-03
1.596438877086242547e-03 3.926547768184161097e-03
1.609274497680809922e-03 3.965560991802189773e-03
1.622213318691260835e-03 4.005154214013536412e-03
1.635256169865230251e-03 4.045338106040024737e-03
1.648403887621656405e-03 4.086123569710773881e-03
1.661657315104418014e-03 4.127521743190626542e-03
1.675017302236399752e-03 4.169544006869549055e-03
1.688484705774005289e-03 4.212201989418236196e-03
1.702060389362093163e-03 4.255507574014936664e-03
1.715745223589362593e-03 4.299472904749147492e-03
1.729540086044185345e-03 4.344110393207554176e-03
1.743445861370877988e-03 4.389432725248223859e-03
1.757463441326440794e-03 4.435452867968894992e-03
1.771593724837740086e-03 4.482184076875685673e-03
1.785837618059156126e-03 4.529639903258590554e-03
1.800196034430694841e-03 4.577834201780470180e-03
1.814669894736559239e-03 4.626781138286380560e-03
1.829260127164207203e-03 4.676495197840531415e-03
1.843967667363869637e-03 4.726991192998034053e-03
1.858793458508552167e-03 4.778284272319348325e-03
1.873738451354521909e-03 4.830389929135231464e-03
1.888803604302272381e-03 4.883324010570488580e-03
1.903989883457992121e-03 4.937102726834988534e-03
1.919298262695515135e-03 4.991742660790889421e-03
1.934729723718774195e-03 5.047260777805134997e-03
1.950285256124758941e-03 5.103674435896770820e-03
1.965965857466969897e-03 5.161001396188927282e-03
1.981772533319399628e-03 5.219259833675702655e-03
1.997706297341013491e-03 5.278468348314493269e-03
2.013768171340754500e-03 5.338645976454741218e-03
2.029959185343072937e-03 5.399812202614623358e-03
2.046280377653972044e-03 5.461986971617262612e-03
2.062732794927606226e-03 5.525190701098992366e-03
2.079317492233390997e-03 5.589444294402187360e-03
2.096035533123667607e-03 5.654769153865951692e-03
2.112887989701907592e-03 5.721187194528397704e-03
2.129875942691458138e-03 5.788720858254595668e-03
2.147000481504858158e-03 5.857393128305183119e-03
2.164262704313693435e-03 5.927227544360760651e-03
2.181663718119023366e-03 5.998248218018085651e-03
2.199204638822371913e-03 6.070479848774545592e-03
2.216886591297281047e-03 6.143947740518171385e-03
2.234710709461460495e-03 6.218677818540948275e-03
2.252678136349495642e-03 6.294696647093932923e-03
2.270790024186149572e-03 6.372031447503480675e-03
2.289047534460256217e-03 6.450710116868608665e-03
2.307451837999197237e-03 6.530761247360196073e-03
2.326004115043998205e-03 6.612214146143731604e-03
2.344705555325005911e-03 6.695098855948000000e-03
2.363557358138188881e-03 6.779446176303152369e-03
2.382560732422039397e-03 6.865287685472242635e-03
2.401716896835111303e-03 6.952655763101932632e-03
2.421027079834164094e-03 7.041583613618040624e-03
2.440492519752942777e-03 7.132105290393781633e-03
2.460114464881593948e-03 7.224255720718879281e-03
2.479894173546707669e-03 7.318070731599177377e-03
2.499832914192024608e-03 7.413587076417604144e-03
2.519931965459771585e-03 7.510842462488507773e-03
2.540192616272660218e-03 7.609875579538730693e-03
2.560616165916546495e-03 7.710726129150096211e-03
2.581203924123743471e-03 7.813434855199663867e-03
2.601957211157025253e-03 7.918043575335265150e-03
2.622877357894284975e-03 8.024595213525585052e-03
2.643965705913883628e-03 8.133133833725721129e-03
2.665223607580687569e-03 8.243704674700784094e-03
2.686652426132781716e-03 8.356354186051875160e-03
2.708253535768907847e-03 8.471130065490852651e-03
2.730028321736581182e-03 8.588081297411833889e-03
2.751978180420924271e-03 8.707258192809919778e-03
2.774104519434219922e-03 8.828712430599485600e-03
2.796408757706167134e-03 8.952497100386586429e-03
2.818892325574893793e-03 9.078666746752690059e-03
2.841556664878666736e-03 9.207277415108898466e-03
2.864403229048362049e-03 9.338386699182972539e-03
2.887433483200670895e-03 9.472053790203615459e-03
2.910648904232046932e-03 9.608339527849840689e-03
2.934050980913431323e-03 9.747306453035672197e-03
2.957641213985717169e-03 9.889018862603942556e-03
2.981421116255990669e-03 1.003354286600589666e-02
3.005392212694548999e-03 1.018094644404702112e-02
3.029556040532682334e-03 1.033129950978264530e-02
3.053914149361271202e-03 1.048467397165132181e-02
3.078468101230150133e-03 1.064114379893679047e-02
3.103219470748278842e-03 1.080078508965480813e-02
3.128169845184726114e-03 1.096367614096414173e-02
3.153320824570446032e-03 1.112989752220656589e-02
3.178674021800902052e-03 1.129953215068485797e-02
3.204231062739488177e-03 1.147266537029283107e-02
3.229993586321798851e-03 1.164938503311699521e-02
3.255963244660730217e-03 1.182978158413458374e-02
3.282141703152420108e-03 1.201394814913840647e-02
3.308530640583060619e-03 1.220198062602582956e-02
3.335131749236550265e-03 1.239397777959394195e-02
3.361946735003013085e-03 1.259004133999163527e-02
3.388977317488205913e-03 1.279027610498454162e-02
3.416225230123775668e-03 1.299479004619752062e-02
3.443692220278443857e-03 1.320369441950626846e-02
3.471380049370048886e-03 1.341710387975811672e-02
3.499290492978506494e-03 1.363513660001074157e-02
3.527425340959677857e-03 1.385791439548630932e-02
3.555786397560140207e-03 1.408556285244821557e-02
3.584375481532905451e-03 1.431821146221761570e-02
3.613194426254044342e-03 1.455599376055718985e-02
3.642245079840262124e-03 1.479904747266097900e-02
3.671529305267414844e-03 1.504751466400050530e-02
3.701048980489971083e-03 1.530154189728981373e-02
3.730805998561458146e-03 1.556128039584510694e-02
3.760802267755849766e-03 1.582688621362771456e-02
3.791039711689946946e-03 1.609852041227419900e-02
3.821520269446722871e-03 1.637634924543192663e-02
3.852245895699696072e-03 1.666054435073503065e-02
3.883218560838261595e-03 1.695128294977127359e-02
3.914440251094060408e-03 1.724874805640965944e-02
3.945912968668350597e-03 1.755312869387590236e-02
3.977638731860394690e-03 1.786462012098333565e-02
4.009619575196909057e-03 1.818342406794760946e-02
