2.497382406435652939e-25 9.768325619515944397e-18
1.592405960127358361e-24 3.089015920155193588e-17
1.015365822756892167e-23 9.768326876420302874e-17
6.474277161963938908e-23 3.089016721595150065e-16
4.128193389070159467e-22 9.768331986641967382e-16
2.632259977636328568e-21 3.089019980025807047e-15
1.678407946733001633e-20 9.768352763373603653e-15
1.070203270037972128e-19 3.089033227893325649e-14
6.823937180644061677e-19 9.768437235752100315e-14
4.351147109064984495e-18 3.089087090016611440e-13
1.915297948882004416e-17 7.759322488683919743e-13
8.060281057525431301e-17 1.949163039787816667e-12
3.231548868885900942e-16 4.896382250613372468e-12
4.345363206717196250e-16 6.163781780305984805e-12
1.185699981296668146e-15 1.229732179640797847e-11
3.167099671296256822e-15 2.454290871984140256e-11
8.312293945536222779e-15 4.898397135859626299e-11
2.151611673377367987e-14 9.773430848120292535e-11
5.516190296262407946e-14 1.950308160666369755e-10
7.219962673568143336e-14 2.455395918119563429e-10
1.345996703506809824e-13 3.892770603306517574e-10
2.502777173064534741e-13 6.169465998965407740e-10
3.411676113431318569e-13 7.768626451909397954e-10
4.161104603351930561e-13 9.006720410829545173e-10
5.668224300832851639e-13 1.192414995932578561e-09
1.051017683769589897e-12 1.890432911212288601e-09
1.946696275912857264e-12 3.094630240399093478e-09
3.604197434436283020e-12 4.906521065391501087e-09
4.678350727597027810e-12 5.964785761620009416e-09
6.363945126095426008e-12 7.510858710852283575e-09
8.659328086403540721e-12 9.798092857573101657e-09
1.177437263656969924e-11 1.233578754396143564e-08
1.601314678573479096e-11 1.553407705195085344e-08
2.068158225216417963e-11 1.881943995759334440e-08
2.812629084553211013e-11 2.462793118627416045e-08
3.823985723652250255e-11 3.101071367919697201e-08
4.915490723856361436e-11 3.744047090307774978e-08
6.683712298751739095e-11 4.918310976261355027e-08
9.088989403667837668e-11 6.194746997419662658e-08
1.198094057756214983e-10 7.622496704508910767e-08
1.235276287134856064e-10 8.111821537560480725e-08
1.679810496150610554e-10 1.052041443179145334e-07
2.145827771029579730e-10 1.264403182978826954e-07
2.389577941400671919e-10 1.370814666799720085e-07
2.718434103460653354e-10 1.558050328926489486e-07
3.695913600236930604e-10 2.029070399259184632e-07
4.805596579248377059e-10 2.471473550088626382e-07
6.228436556804378813e-10 3.112918511513913844e-07
6.449051117784316288e-10 3.195404339442749206e-07
6.519284217721749412e-10 3.221516175955882510e-07
6.901021772675798839e-10 3.362246542759246589e-07
7.517420508597271333e-10 3.585491157042282318e-07
7.842145311837404764e-10 3.701260768930860222e-07
8.123077711587138292e-10 3.800461204279264704e-07
8.948523203792971162e-10 4.248355205313744057e-07
1.780367769825735293e-09 1.571243743291283042e-06
2.831798589477310162e-09 2.360915204371286954e-06
4.352717025416528164e-09 3.331634749736530039e-06
6.442936706730940560e-09 4.497300351158025239e-06
9.210451352971400048e-09 5.875749191388290656e-06
1.726412223638507203e-08 9.359364509061765243e-06
2.961440629244172500e-08 1.399035730184682620e-05
4.760234259406434222e-08 2.000744564924680080e-05
7.280858902572716169e-08 2.762541866450402925e-05
1.069774052811704485e-07 3.692082460755834189e-05
1.786399553702715184e-07 5.352425790188030335e-05
3.179080611873818725e-07 7.810458603098302793e-05
4.169532575344421554e-07 9.195064971249766836e-05
4.437988271458211392e-07 9.546604737380116803e-05
8.192319285407806845e-07 1.258634192745901824e-04
1.335951169875616498e-06 1.508796600195356922e-04
1.346692428182160381e-06 1.513556808670018746e-04
1.357520047901164183e-06 1.518325663112710631e-04
1.368434723392017607e-06 1.523103159171907469e-04
1.379437154596869359e-06 1.527889292574927604e-04
1.390528047085513542e-06 1.532684059129416022e-04
1.401708112100636888e-06 1.537487454724822933e-04
1.412978066603429782e-06 1.542299475333892378e-04
1.424338633319563004e-06 1.547120117014145417e-04
1.435790540785537159e-06 1.551949375909368199e-04
1.447334523395399929e-06 1.556787248251103011e-04
1.458971321447843440e-06 1.561633730360136886e-04
1.470701681193679183e-06 1.566488818647996447e-04
1.482526354883691776e-06 1.571352509618440310e-04
1.494446100816881306e-06 1.576224799868955831e-04
1.506461683389091700e-06 1.581105686092257464e-04
1.518573873142030000e-06 1.585995165077784595e-04
1.530783446812679733e-06 1.590893233713202887e-04
1.543091187383113849e-06 1.595799888985907796e-04
1.555497884130702821e-06 1.600715127984526464e-04
1.568004332678733115e-06 1.605638947900425847e-04
1.580611335047427799e-06 1.610571346029218394e-04
1.593319699705378806e-06 1.615512319772271805e-04
1.606130241621393611e-06 1.620461866638219048e-04
1.619043782316757161e-06 1.625419984244471370e-04
1.632061149917915209e-06 1.630386670318732377e-04
1.645183179209581160e-06 1.635361922700512673e-04
1.658410711688269403e-06 1.640345739342648006e-04
1.671744595616258932e-06 1.645338118312817972e-04
1.685185686075990858e-06 1.650339057795066329e-04
1.698734845024905116e-06 1.655348556091324039e-04
1.712392941350714651e-06 1.660366611622933919e-04
1.726160850927127701e-06 1.665393222932173953e-04
1.740039456670014544e-06 1.670428388683787636e-04
1.754029648594028478e-06 1.675472107666512703e-04
1.768132323869681656e-06 1.680524378794610938e-04
1.782348386880878733e-06 1.685585201109402321e-04
1.796678749282913008e-06 1.690654573780800798e-04
1.811124330060931174e-06 1.695732496108848426e-04
1.825686055588865002e-06 1.700818967525256030e-04
1.840364859688838844e-06 1.705913987594942494e-04
1.855161683691055073e-06 1.711017556017579207e-04
1.870077476494158522e-06 1.716129672629129906e-04
1.885113194626089872e-06 1.721250337403402975e-04
1.900269802305424813e-06 1.726379550453594543e-04
1.915548271503208296e-06 1.731517312033842412e-04
1.930949582005287267e-06 1.736663622540776468e-04
1.946474721475139755e-06 1.741818482515074512e-04
1.962124685517215574e-06 1.746981892643018357e-04
1.977900477740781220e-06 1.752153853758052374e-04
1.993803109824278705e-06 1.757334366842346366e-04
2.009833601580206588e-06 1.762523433028356551e-04
2.025992981020515574e-06 1.767721053600393043e-04
2.042282284422534360e-06 1.772927229996187611e-04
2.058702556395426571e-06 1.778141963808463604e-04
2.075254849947176665e-06 1.783365256786509129e-04
2.091940226552121330e-06 1.788597110837751851e-04
2.108759756219016204e-06 1.793837528029337868e-04
2.125714517559658671e-06 1.799086510589711658e-04
2.142805597858054035e-06 1.804344060910198749e-04
2.160034093140141149e-06 1.809610181546591633e-04
2.177401108244083871e-06 1.814884875220738934e-04
2.194907756891116901e-06 1.820168144822135125e-04
2.212555161756969288e-06 1.825459993409516194e-04
2.230344454543861812e-06 1.830760424212454513e-04
2.248276776053078225e-06 1.836069440632961285e-04
2.266353276258125602e-06 1.841387046247087099e-04
2.284575114378479147e-06 1.846713244806529259e-04
2.302943458953922044e-06 1.852048040240239382e-04
2.321459487919481610e-06 1.857391436656037783e-04
2.340124388680968117e-06 1.862743438342226215e-04
2.358939358191122634e-06 1.868104049769209033e-04
2.377905603026375998e-06 1.873473275591114610e-04
2.397024339464222306e-06 1.878851120647418934e-04
2.416296793561219643e-06 1.884237589964578416e-04
2.435724201231615066e-06 1.889632688757658359e-04
2.455307808326599781e-06 1.895036422431973903e-04
2.475048870714205953e-06 1.900448796584726081e-04
2.494948654359843867e-06 1.905869817006646829e-04
2.515008435407483258e-06 1.911299489683649408e-04
2.535229500261495757e-06 1.916737820798475312e-04
2.555613145669145307e-06 1.922184816732354991e-04
2.576160678803748590e-06 1.927640484066663431e-04
2.596873417348503335e-06 1.933104829584587111e-04
2.617752689580986634e-06 1.938577860272792052e-04
2.638799834458338076e-06 1.944059583323095111e-04
2.660016201703124328e-06 1.949550006134143413e-04
2.681403151889892772e-06 1.955049136313092965e-04
2.702962056532426910e-06 1.960556981677298929e-04
2.724694298171696757e-06 1.966073550256003453e-04
2.746601270464519478e-06 1.971598850292034344e-04
2.768684378272934490e-06 1.977132890243503741e-04
2.790945037754292194e-06 1.982675678785515195e-04
2.813384676452072421e-06 1.988227224811875079e-04
2.836004733387430488e-06 1.993787537436807525e-04
2.858806659151476773e-06 1.999356625996677765e-04
2.881791915998307192e-06 2.004934500051716822e-04
2.904961977938767210e-06 2.010521169387757324e-04
2.928318330834984098e-06 2.016116644017967407e-04
2.951862472495651372e-06 2.021720934184598997e-04
2.975595912772081050e-06 2.027334050360733643e-04
2.999520173655027149e-06 2.032956003252041636e-04
3.023636789372290555e-06 2.038586803798541399e-04
3.047947306487104025e-06 2.044226463176368090e-04
3.072453283997315926e-06 2.049874992799547628e-04
3.097156293435360880e-06 2.055532404321778583e-04
3.122057918969042707e-06 2.061198709638218122e-04
3.147159757503126285e-06 2.066873920887275285e-04
3.172463418781740873e-06 2.072558050452413196e-04
3.197970525491612669e-06 2.078251110963956700e-04
3.223682713366127470e-06 2.083953115300903524e-04
3.249601631290222997e-06 2.089664076592751701e-04
3.275728941406134604e-06 2.095384008221323193e-04
3.302066319219981672e-06 2.101112923822602433e-04
3.328615453709217967e-06 2.106850837288581088e-04
3.355378047430943023e-06 2.112597762769108801e-04
3.382355816631083833e-06 2.118353714673751776e-04
3.409550491354456199e-06 2.124118707673662218e-04
3.436963815555708679e-06 2.129892756703451564e-04
3.464597547211158892e-06 2.135675876963075907e-04
3.492453458431535718e-06 2.141468083919727662e-04
3.520533335575614700e-06 2.147269393309734001e-04
3.548838979364778823e-06 2.153079821140471283e-04
3.577372204998495368e-06 2.158899383692277046e-04
3.606134842270722794e-06 2.164728097520382056e-04
3.635128735687249377e-06 2.170565979456842080e-04
3.664355744583982621e-06 2.176413046612488372e-04
3.693817743246186516e-06 2.182269316378878689e-04
3.723516621028670852e-06 2.188134806430262140e-04
3.753454282476957587e-06 2.194009534725555955e-04
3.783632647449415379e-06 2.199893519510327138e-04
3.814053651240377091e-06 2.205786779318787399e-04
3.844719244704249176e-06 2.211689332975798653e-04
3.875631394380614213e-06 2.217601199598886661e-04
3.906792082620340978e-06 2.223522398600267125e-04
3.938203307712717317e-06 2.229452949688881286e-04
3.969867084013586748e-06 2.235392872872444517e-04
4.001785442074537925e-06 2.241342188459504684e-04
4.033960428773110545e-06 2.247300917061507823e-04
4.066394107444063429e-06 2.253269079594885768e-04
4.099088558011692083e-06 2.259246697283144058e-04
4.132045877123215208e-06 2.265233791658966369e-04
4.165268178283220007e-06 2.271230384566334673e-04
4.198757591989211175e-06 2.277236498162655632e-04
4.232516265868226296e-06 2.283252154920901078e-04
4.266546364814560865e-06 2.289277377631763956e-04
4.300850071128607998e-06 2.295312189405824014e-04
4.335429584656792508e-06 2.301356613675725965e-04
4.370287122932662032e-06 2.307410674198375812e-04
4.405424921319075063e-06 2.313474395057144213e-04
4.440845233151565512e-06 2.319547800664086663e-04
4.476550329882838058e-06 2.325630915762178029e-04
4.512542501228436640e-06 2.331723765427559561e-04
4.548824055313579310e-06 2.337826375071801893e-04
4.585397318821176397e-06 2.343938770444181055e-04
4.622264637141035358e-06 2.350060977633967494e-04
4.659428374520267573e-06 2.356193023072735695e-04
4.696890914214905546e-06 2.362334933536682207e-04
4.734654658642733065e-06 2.368486736148964537e-04
4.772722029537357946e-06 2.374648458382050886e-04
4.811095468103504520e-06 2.380820128060089677e-04
4.849777435173569883e-06 2.387001773361293168e-04
4.888770411365429518e-06 2.393193422820336254e-04
4.928076897241520256e-06 2.399395105330774506e-04
4.967699413469199696e-06 2.405606850147479019e-04
5.007640500982381275e-06 2.411828686889083185e-04
5.047902721144493241e-06 2.418060645540452778e-04
5.088488655912728502e-06 2.424302756455172026e-04
5.129400908003622632e-06 2.430555050358042973e-04
5.170642101059965944e-06 2.436817558347611394e-04
5.212214879819047953e-06 2.443090311898700852e-04
5.254121910282265558e-06 2.449373342864974933e-04
5.296365879886086478e-06 2.455666683481511417e-04
5.338949497674391660e-06 2.461970366367397314e-04
5.381875494472202578e-06 2.468284424528345588e-04
5.425146623060807843e-06 2.474608891359328681e-04
5.468765658354287405e-06 2.480943800647233727e-04
5.512735397577473329e-06 2.487289186573536735e-04
5.557058660445322578e-06 2.493645083716996289e-04
5.601738289343747529e-06 2.500011527056370561e-04
5.646777149511893236e-06 2.506388551973156003e-04
5.692178129225878352e-06 2.512776194254341764e-04
5.737944139984017518e-06 2.519174490095191753e-04
5.784078116693530299e-06 2.525583476102046757e-04
5.830583017858756136e-06 2.532003189295144456e-04
5.877461825770873633e-06 2.538433667111471411e-04
5.924717546699157209e-06 2.544874947407627531e-04
5.972353211083757564e-06 2.551327068462721972e-04
6.020371873730044066e-06 2.557790068981286935e-04
6.068776614004501454e-06 2.564263988096215853e-04
6.117570536032207943e-06 2.570748865371730849e-04
6.166756768895899827e-06 2.577244740806367007e-04
6.216338466836631043e-06 2.583751654835989703e-04
6.266318809456050565e-06 2.590269648336826578e-04
6.316701001920307804e-06 2.596798762628539084e-04
6.367488275165591076e-06 2.603339039477301615e-04
6.418683886105332195e-06 2.609890521098925638e-04
6.470291117839055147e-06 2.616453250161997917e-04
6.522313279862923920e-06 2.623027269791046922e-04
6.574753708281974230e-06 2.629612623569745023e-04
6.627615766024053715e-06 2.636209355544124775e-04
6.680902843055480763e-06 2.642817510225835861e-04
6.734618356598438050e-06 2.649437132595420467e-04
6.788765751350112678e-06 2.656068268105623892e-04
6.843348499703602363e-06 2.662710962684734436e-04
6.898370101970591925e-06 2.669365262739941715e-04
6.953834086605826343e-06 2.676031215160744304e-04
7.009744010433384588e-06 2.682708867322371486e-04
7.066103458874771199e-06 2.689398267089234806e-04
7.122916046178845074e-06 2.696099462818428959e-04
7.180185415653597323e-06 2.702812503363241897e-04
7.237915239899788374e-06 2.709537438076709925e-04
7.296109221046473948e-06 2.716274316815203704e-04
7.354771090988408071e-06 2.723023189942040808e-04
7.413904611625367144e-06 2.729784108331141114e-04
7.473513575103395097e-06 2.736557123370703332e-04
7.533601804057993322e-06 2.743342286966928153e-04
7.594173151859249467e-06 2.750139651547768506e-04
7.655231502858960145e-06 2.756949270066716678e-04
7.716780772639724690e-06 2.763771196006622869e-04
7.778824908266037907e-06 2.770605483383558210e-04
7.841367888537421638e-06 2.777452186750705419e-04
7.904413724243572259e-06 2.784311361202291201e-04
7.967966458421570701e-06 2.791183062377554434e-04
8.032030166615152468e-06 2.798067346464748494e-04
8.096608957136066420e-06 2.804964270205190756e-04
8.161706971327537598e-06 2.811873890897340815e-04
8.227328383829844244e-06 2.818796266400922087e-04
8.293477402848036111e-06 2.825731455141089477e-04
8.360158270421789000e-06 2.832679516112618194e-04
8.427375262697451409e-06 2.839640508884160876e-04
8.495132690202259596e-06 2.846614493602519884e-04
8.563434898120773556e-06 2.853601530996978147e-04
8.632286266573523754e-06 2.860601682383662539e-04
8.701691210897895723e-06 2.867615009669959285e-04
8.771654181931291483e-06 2.874641575358960824e-04
8.842179666296542373e-06 2.881681442553971203e-04
8.913272186689637677e-06 2.888734674963040218e-04
8.984936302169755479e-06 2.895801336903556090e-04
9.057176608451634719e-06 2.902881493306876093e-04
9.129997738200278283e-06 2.909975209723004346e-04
9.203404361328054896e-06 2.917082552325320015e-04
9.277401185294160841e-06 2.924203587915346183e-04
9.351992955406504193e-06 2.931338383927576709e-04
9.427184455126028518e-06 2.938487008434340509e-04
9.502980506373450600e-06 2.945649530150725457e-04
9.579385969838491845e-06 2.952826018439540234e-04
9.656405745291584712e-06 2.960016543316341779e-04
9.734044771898096526e-06 2.967221175454497423e-04
9.812308028535052034e-06 2.974439986190315337e-04
9.891200534110451277e-06 2.981673047528212383e-04
9.970727347885086206e-06 2.988920432145944299e-04
1.005089356979701867e-05 2.996182213399890110e-04
1.013170434078861477e-05 3.003458465330379888e-04
1.021316484313622190e-05 3.010749262667098422e-04
1.029528030078251914e-05 3.018054680834518153e-04
1.037805597967149499e-05 3.025374795957413965e-04
1.046149718808617129e-05 3.032709684866418645e-04
1.054560927698900379e-05 3.040059425103643380e-04
1.063039764036501510e-05 3.047424094928353555e-04
1.071586771556773999e-05 3.054803773322710154e-04
1.080202498366787931e-05 3.062198539997559930e-04
1.088887496980481025e-05 3.069608475398302033e-04
1.097642324354091374e-05 3.077033660710803411e-04
1.106467541921871238e-05 3.084474177867384151e-04
1.115363715632094748e-05 3.091930109552859735e-04
1.124331415983347852e-05 3.099401539210656486e-04
1.133371218061116576e-05 3.106888551048983928e-04
1.142483701574664979e-05 3.114391230047078166e-04
1.151669450894209395e-05 3.121909661961506520e-04
1.160929055088397606e-05 3.129443933332546430e-04
1.170263107962079570e-05 3.136994131490629411e-04
1.179672208094391711e-05 3.144560344562851145e-04
1.189156958877141578e-05 3.152142661479557465e-04
1.198717968553499964e-05 3.159741171980997025e-04
1.208355850257011527e-05 3.167355966624050396e-04
1.218071222050908965e-05 3.174987136789025844e-04
1.227864706967752812e-05 3.182634774686533721e-04
1.237736933049382083e-05 3.190298973364434566e-04
1.247688533387192722e-05 3.197979826714859863e-04
1.257720146162735384e-05 3.205677429481321151e-04
1.267832414688639324e-05 3.213391877265871178e-04
1.278025987449871371e-05 3.221123266536375651e-04
1.288301518145317962e-05 3.228871694633841352e-04
1.298659665729708870e-05 3.236637259779835880e-04
1.309101094455873977e-05 3.244420061083983279e-04
1.319626473917339555e-05 3.252220198551544783e-04
1.330236479091271132e-05 3.260037773091086833e-04
1.340931790381755697e-05 3.267872886522229332e-04
1.351713093663437445e-05 3.275725641583478458e-04
1.362581080325501320e-05 3.283596141940153270e-04
1.373536447316009093e-05 3.291484492192390914e-04
1.384579897186596946e-05 3.299390797883256453e-04
1.395712138137524418e-05 3.307315165506918841e-04
1.406933884063095356e-05 3.315257702516950485e-04
1.418245854597436320e-05 3.323218517334686445e-04
1.429648775160643956e-05 3.331197719357702897e-04
1.441143377005309297e-05 3.339195418968377450e-04
1.452730397263407470e-05 3.347211727542549753e-04
1.464410578993572644e-05 3.355246757458282933e-04
1.476184671228748033e-05 3.363300622104716106e-04
1.488053429024217917e-05 3.371373435891024221e-04
1.500017613506032517e-05 3.379465314255479828e-04
1.512077991919813692e-05 3.387576373674605905e-04
1.524235337679961289e-05 3.395706731672453924e-04
1.536490430419246579e-05 3.403856506829965392e-04
1.548844056038813292e-05 3.412025818794454826e-04
1.561297006758574722e-05 3.420214788289195726e-04
1.573850081168014865e-05 3.428423537123114970e-04
1.586504084277406303e-05 3.436652188200604841e-04
1.599259827569428726e-05 3.444900865531436976e-04
1.612118129051211995e-05 3.453169694240798820e-04
1.625079813306792888e-05 3.461458800579449353e-04
1.638145711549992325e-05 3.469768311933972929e-04
1.651316661677723887e-05 3.478098356837175148e-04
1.664593508323721459e-05 3.486449064978585526e-04
1.677977102912710713e-05 3.494820567215081047e-04
1.691468303715005126e-05 3.503212995581639821e-04
1.705067975901545838e-05 3.511626483302215094e-04
1.718776991599388075e-05 3.520061164800737728e-04
1.732596229947621922e-05 3.528517175712243370e-04
1.746526577153758293e-05 3.536994652894135684e-04
1.760568926550555010e-05 3.545493734437577525e-04
1.774724178653305716e-05 3.554014559679013292e-04
1.788993241217590573e-05 3.562557269211829528e-04
1.803377029297485726e-05 3.571122004898151579e-04
1.817876465304248793e-05 3.579708909880781743e-04
1.832492479065469211e-05 3.588318128595272948e-04
1.847226007884694948e-05 3.596949806782145541e-04
1.862077996601545755e-05 3.605604091499254780e-04
1.877049397652297367e-05 3.614281131134293857e-04
1.892141171130966130e-05 3.622981075417457380e-04
1.907354284850876441e-05 3.631704075434245252e-04
1.922689714406721154e-05 3.640450283638417268e-04
1.938148443237132921e-05 3.649219853865119548e-04
1.953731462687741731e-05 3.658012941344138905e-04
1.969439772074756592e-05 3.666829702713344250e-04
1.985274378749045602e-05 3.675670296032269467e-04
2.001236298160734750e-05 3.684534880795861103e-04
2.017326553924333232e-05 3.693423617948400606e-04
2.033546177884367658e-05 3.702336669897585944e-04
2.049896210181562773e-05 3.711274200528780188e-04
2.066377699319534117e-05 3.720236375219438990e-04
2.082991702232034993e-05 3.729223360853707744e-04
2.099739284350732985e-05 3.738235325837197085e-04
2.116621519673531646e-05 3.747272440111927539e-04
2.133639490833451208e-05 3.756334875171476366e-04
2.150794289168047682e-05 3.765422804076275112e-04
2.168087014789406915e-05 3.774536401469136466e-04
2.185518776654689558e-05 3.783675843590928031e-04
2.203090692637243888e-05 3.792841308296456969e-04
2.220803889598299696e-05 3.802032975070554683e-04
2.238659503459226627e-05 3.811251025044336055e-04
2.256658679274382411e-05 3.820495641011685279e-04
2.274802571304543837e-05 3.829767007445917344e-04
2.293092343090923543e-05 3.839065310516661766e-04
2.311529167529792264e-05 3.848390738106942030e-04
2.330114226947689935e-05 3.857743479830474573e-04
2.348848713177248355e-05 3.867123727049179196e-04
2.367733827633624393e-05 3.876531672890894922e-04
2.386770781391538983e-05 3.885967512267326260e-04
2.405960795262949037e-05 3.895431441892209545e-04
2.425305099875326836e-05 3.904923660299702642e-04
2.444804935750588933e-05 3.914444367862997981e-04
2.464461553384642036e-05 3.923993766813177377e-04
2.484276213327576358e-05 3.933572061258289653e-04
2.504250186264506104e-05 3.943179457202676541e-04
2.524384753097050989e-05 3.952816162566532773e-04
2.544681205025486239e-05 3.962482387205713374e-04
2.565140843631536673e-05 3.972178342931785978e-04
2.585764980961853494e-05 3.981904243532339020e-04
2.606554939612148715e-05 3.991660304791542547e-04
2.627512052812010942e-05 4.001446744510965439e-04
2.648637664510407926e-05 4.011263782530657181e-04
2.669933129461867088e-05 4.021111640750489841e-04
2.691399813313357715e-05 4.030990543151785730e-04
2.713039092691866378e-05 4.040900715819195524e-04
2.734852355292674369e-05 4.050842386962865316e-04
2.756840999968358834e-05 4.060815786940892070e-04
2.779006436818485439e-05 4.070821148282047415e-04
2.801350087280046747e-05 4.080858705708802301e-04
2.823873384218614151e-05 4.090928696160642773e-04
2.846577772020220616e-05 4.101031358817677384e-04
2.869464706683995254e-05 4.111166935124555780e-04
2.892535655915525324e-05 4.121335668814682732e-04
2.915792099220986330e-05 4.131537805934749289e-04
2.939235528002016827e-05 4.141773594869576193e-04
2.962867445651356905e-05 4.152043286367278750e-04
2.986689367649265618e-05 4.162347133564747747e-04
3.010702821660698697e-05 4.172685392013470275e-04
3.034909347633282141e-05 4.183058319705677429e-04
3.059310497896064744e-05 4.193466177100821607e-04
3.083907837259061062e-05 4.203909227152415398e-04
3.108702943113610589e-05 4.214387735335202770e-04
3.133697405533524336e-05 4.224901969672688047e-04
3.158892827377060477e-05 4.235452200765019420e-04
3.184290824389710787e-05 4.246038701817246509e-04
3.209893025307811062e-05 4.256661748667931377e-04
3.235701071963001293e-05 4.267321619818139006e-04
3.261716619387501013e-05 4.278018596460813217e-04
3.287941335920254051e-05 4.288752962510530430e-04
3.314376903313912177e-05 4.299525004633641566e-04
3.341025016842681374e-05 4.310335012278813482e-04
3.367887385411042915e-05 4.321183277707978609e-04
3.394965731663337750e-05 4.332070096027673266e-04
3.422261792094241959e-05 4.342995765220820513e-04
3.449777317160118381e-05 4.353960586178887040e-04
3.477514071391279651e-05 4.364964862734523618e-04
3.505473833505140286e-05 4.376008901694581764e-04
3.533658396520279488e-05 4.387093012873611252e-04
3.562069567871435703e-05 4.398217509127773958e-04
3.590709169525400370e-05 4.409382706389227704e-04
3.619579038097870527e-05 4.420588923700964385e-04
3.648681024971225012e-05 4.431836483252100749e-04
3.678016996413241890e-05 4.443125710413664119e-04
3.707588833696795732e-05 4.454456933774835641e-04
3.737398433220483234e-05 4.465830485179693899e-04
3.767447706630251729e-05 4.477246699764440450e-04
3.797738580941983829e-05 4.488705915995144704e-04
3.828272998665068009e-05 4.500208475705978848e-04
3.859052917926980895e-05 4.511754724137972115e-04
3.890080312598849391e-05 4.523345009978300643e-04
3.921357172422038062e-05 4.534979685400097210e-04
3.952885503135746855e-05 4.546659106102814455e-04
3.984667326605631352e-05 4.558383631353110144e-04
4.016704680953473361e-05 4.570153624026324947e-04
4.048999620687865212e-05 4.581969450648490936e-04
4.081554216835983021e-05 4.593831481438935853e-04
4.114370557076384513e-05 4.605740090353470134e-04
4.147450745872888336e-05 4.617695655128139349e-04
4.180796904609541649e-05 4.629698557323615768e-04
4.214411171726647516e-05 4.641749182370156980e-04
4.248295702857913766e-05 4.653847919613228034e-04
4.282452670968675220e-05 4.665995162359709591e-04
4.316884266495258396e-05 4.678191307924777203e-04
4.351592697485441249e-05 4.690436757679404003e-04
4.386580189740052016e-05 4.702731917098532349e-04
4.421848986955713234e-05 4.715077195809921472e-04
4.457401350868715371e-05 4.727473007643657023e-04
4.493239561400074269e-05 4.739919770682352344e-04
4.529365916801727674e-05 4.752417907312066940e-04
4.565782733803918969e-05 4.764967844273904746e-04
4.602492347763771494e-05 4.777570012716369162e-04
4.639497112815045332e-05 4.790224848248414696e-04
4.676799402019110423e-05 4.802932790993276512e-04
4.714401607517127216e-05 4.815694285643027490e-04
4.752306140683441627e-05 4.828509781513919152e-04
4.790515432280236988e-05 4.841379732602507559e-04
4.829031932613401666e-05 4.854304597642544652e-04
4.867858111689675357e-05 4.867284840162705508e-04
4.906996459375042891e-05 4.880320928545113035e-04
4.946449485554398588e-05 4.893413336084699670e-04
4.986219720292513690e-05 4.906562541049415286e-04
5.026309713996272984e-05 4.919769026741272660e-04
5.066722037578241610e-05 4.933033281558302577e-04
5.107459282621528839e-05 4.946355799057344316e-04
5.148524061545970521e-05 4.959737078017776137e-04
5.189919007775683720e-05 4.973177622506131561e-04
5.231646775907920359e-05 4.986677941941658910e-04
5.273710041883318810e-05 5.000238551162807833e-04
5.316111503157505995e-05 5.013859970494689454e-04
5.358853878874066253e-05 5.027542725817496028e-04
5.401939910038942719e-05 5.041287348635922413e-04
5.445372359696183781e-05 5.055094376149565482e-04
5.489154013105159992e-05 5.068964351324389307e-04
5.533287677919163338e-05 5.082897822965169385e-04
5.577776184365457987e-05 5.096895345789038403e-04
5.622622385426786568e-05 5.110957480500096699e-04
5.667829157024319804e-05 5.125084793865070055e-04
5.713399398202093532e-05 5.139277858790129759e-04
5.759336031312908041e-05 5.153537254398795784e-04
5.805642002205748677e-05 5.167863566111009820e-04
5.852320280414689780e-05 5.182257385723346719e-04
5.899373859349323952e-05 5.196719311490423984e-04
5.946805756486736312e-05 5.211249948207496291e-04
5.994619013564996641e-05 5.225849907294283832e-04
6.042816696778234456e-05 5.240519806880042071e-04
6.091401896973265849e-05 5.255260271889858814e-04
6.140377729847795133e-05 5.270071934132281597e-04
6.189747336150237366e-05 5.284955432388213593e-04
6.239513881881112974e-05 5.299911412501139832e-04
6.289680558496089674e-05 5.314940527468706502e-04
6.340250583110646648e-05 5.330043437535665271e-04
6.391227198706369748e-05 5.345220810288203207e-04
6.442613674338939426e-05 5.360473320749700602e-04
6.494413305347749026e-05 5.375801651477909093e-04
6.546629413567249664e-05 5.391206492663612980e-04
6.599265347539967500e-05 5.406688542230757462e-04
6.652324482731224555e-05 5.422248505938105602e-04
6.705810221745636267e-05 5.437887097482422931e-04
6.759725994545278717e-05 5.453605038603223307e-04
6.814075258669677316e-05 5.469403059189120470e-04
6.868861499457518018e-05 5.485281897385779889e-04
6.924088230270152890e-05 5.501242299705527260e-04
6.979758992716927131e-05 5.517285021138622347e-04
7.035877356882267938e-05 5.533410825266233931e-04
7.092446921554662576e-05 5.549620484375147314e-04
7.149471314457407775e-05 5.565914779574239078e-04
7.206954192481280868e-05 5.582294500912734266e-04
7.264899241919039173e-05 5.598760447500279605e-04
7.323310178701807234e-05 5.615313427628872882e-04
7.382190748637384461e-05 5.631954258896695095e-04
7.441544727650459604e-05 5.648683768333826946e-04
7.501375922024751050e-05 5.665502792529933168e-04
7.561688168647102742e-05 5.682412177763942855e-04
7.622485335253531666e-05 5.699412780135725822e-04
7.683771320677252649e-05 5.716505465699822435e-04
7.745550055098729262e-05 5.733691110601281133e-04
7.807825500297691196e-05 5.750970601213623154e-04
7.870601649907204840e-05 5.768344834278949645e-04
7.933882529669780811e-05 5.785814717050246454e-04
7.997672197695515715e-05 5.803381167435963566e-04
8.061974744722371136e-05 5.821045114146842104e-04
8.126794294378484164e-05 5.838807496845074526e-04
8.192135003446609717e-05 5.856669266295820792e-04
8.258001062130701465e-05 5.874631384521122792e-04
8.324396694324590680e-05 5.892694824956277739e-04
8.391326157882905321e-05 5.910860572608673787e-04
8.458793744894091112e-05 5.929129624219195210e-04
8.526803781955656593e-05 5.947502988426167864e-04
8.595360630451651628e-05 5.965981685931956609e-04
8.664468686832315671e-05 5.984566749672208183e-04
8.734132382896063842e-05 6.003259224987840363e-04
8.804356186073667161e-05 6.022060169799770902e-04
8.875144599714743481e-05 6.040970654786492495e-04
8.946502163376555072e-05 6.059991763564485110e-04
9.018433453115106053e-05 6.079124592871570833e-04
9.090943081778631865e-05 6.098370252753232933e-04
9.164035699303391298e-05 6.117729866751965258e-04
9.237715993011857334e-05 6.137204572099695362e-04
9.311988687913331164e-05 6.156795519913359389e-04
9.386858547006911649e-05 6.176503875393645013e-04
9.462330371586978768e-05 6.196330818027035760e-04
9.538409001551074508e-05 6.216277541791104689e-04
9.615099315710282839e-05 6.236345255363253673e-04
9.692406232102102005e-05 6.256535182332812611e-04
9.770334708305805052e-05 6.276848561416705679e-04
9.848889741760413286e-05 6.297286646678632548e-04
9.928076370085134935e-05 6.317850707751914222e-04
1.000789967140243165e-04 6.338542030066013225e-04
1.008836476466368301e-04 6.359361915076821399e-04
1.016947680997741657e-04 6.380311680500789021e-04
1.025124100894027405e-04 6.401392660552975488e-04
1.033366260497054997e-04 6.422606206189047581e-04
1.041674688364444332e-04 6.443953685351354321e-04
1.050049917303503340e-04 6.465436483219132646e-04
1.058492484405392143e-04 6.487056002462910026e-04
1.067002931079571136e-04 6.508813663503199443e-04
1.075581803088517414e-04 6.530710904773575623e-04
1.084229650582725391e-04 6.552749182988180238e-04
1.092947028135983625e-04 6.574929973413768834e-04
1.101734494780943829e-04 6.597254770146392718e-04
1.110592614044968662e-04 6.619725086392772191e-04
1.119521953986268457e-04 6.642342454756480384e-04
1.128523087230332993e-04 6.665108427529012509e-04
1.137596591006648130e-04 6.688024576985828352e-04
1.146743047185719289e-04 6.711092495687501344e-04
1.155963042316380873e-04 6.734313796786013271e-04
1.165257167663413075e-04 6.757690114336351809e-04
1.174626019245459134e-04 6.781223103613474856e-04
1.184070197873243329e-04 6.804914441434736002e-04
1.193590309188105960e-04 6.828765826487945669e-04
1.203186963700838121e-04 6.852778979665092880e-04
1.212860776830834670e-04 6.876955644401879430e-04
1.222612368945559470e-04 6.901297587023179228e-04
1.232442365400326792e-04 6.925806597094540974e-04
1.242351396578408667e-04 6.950484487779822005e-04
1.252340097931457872e-04 6.975333096205140870e-04
1.262409110020257805e-04 7.000354283829173570e-04
1.272559078555803448e-04 7.025549936820007059e-04
1.282790654440704877e-04 7.050921966438643230e-04
1.293104493810934741e-04 7.076472309429277007e-04
1.303501258077901809e-04 7.102202928416501398e-04
1.313981613970866859e-04 7.128115812309564203e-04
1.324546233579700354e-04 7.154212976713818402e-04
1.335195794397977588e-04 7.180496464349520177e-04
1.345930979366433231e-04 7.206968345478096012e-04
1.356752476916751719e-04 7.233630718336082682e-04
1.367660981015717046e-04 7.260485709576804114e-04
1.378657191209716826e-04 7.287535474720043156e-04
1.389741812669598718e-04 7.314782198609775469e-04
1.400915556235898731e-04 7.342228095880215999e-04
1.412179138464421358e-04 7.369875411430260427e-04
1.423533281672193754e-04 7.397726420906580724e-04
1.434978713983786375e-04 7.425783431195448524e-04
1.446516169378003064e-04 7.454048780923560637e-04
1.458146387734956834e-04 7.482524840967988118e-04
1.469870114883512120e-04 7.511214014975495018e-04
1.481688102649114896e-04 7.540118739891303774e-04
1.493601108902008505e-04 7.569241486497652049e-04
1.505609897605827594e-04 7.598584759962220131e-04
1.517715238866600266e-04 7.628151100396723819e-04
1.529917908982126977e-04 7.657943083425787717e-04
1.542218690491764120e-04 7.687963320766409009e-04
1.554618372226610661e-04 7.718214460818161341e-04
1.567117749360086981e-04 7.748699189264374090e-04
1.579717623458938461e-04 7.779420229684587320e-04
1.592418802534631536e-04 7.810380344178383290e-04
1.605222101095172334e-04 7.841582334000960939e-04
1.618128340197341904e-04 7.873029040210646366e-04
1.631138347499342907e-04 7.904723344328529015e-04
1.644252957313884866e-04 7.936668169010657270e-04
1.657473010661681138e-04 7.968866478732830301e-04
1.670799355325385536e-04 8.001321280488435037e-04
1.684232845903959371e-04 8.034035624499512567e-04
1.697774343867469477e-04 8.067012604941347807e-04
1.711424717612343210e-04 8.100255360680920676e-04
1.725184842517049828e-04 8.133767076029438901e-04
1.739055600998242910e-04 8.167550981509315647e-04
1.753037882567338372e-04 8.201610354635835909e-04
1.767132583887570869e-04 8.235948520713970303e-04
1.781340608831486871e-04 8.270568853650419727e-04
1.795662868538910450e-04 8.305474776781494785e-04
1.810100281475375268e-04 8.340669763716961191e-04
1.824653773491018984e-04 8.376157339200288043e-04
1.839324277879964193e-04 8.411941079985700174e-04
1.854112735440164217e-04 8.448024615732281726e-04
1.869020094533737600e-04 8.484411629915598278e-04
1.884047311147783992e-04 8.521105860757179030e-04
1.899195348955686835e-04 8.558111102172297072e-04
1.914465179378919122e-04 8.595431204736378407e-04
1.929857781649335147e-04 8.633070076670503780e-04
1.945374142871967498e-04 8.671031684846434821e-04
1.961015258088331990e-04 8.709320055811554809e-04
1.976782130340228093e-04 8.747939276834155575e-04
1.992675770734076562e-04 8.786893496969638666e-04
2.008697198505750672e-04 8.826186928147935432e-04
2.024847441085941672e-04 8.865823846282735836e-04
2.041127534166046846e-04 8.905808592402969428e-04
2.057538521764580954e-04 8.946145573807062160e-04
2.074081456294137916e-04 8.986839265240452587e-04
2.090757398628873183e-04 9.027894210096936659e-04
2.107567418172537148e-04 9.069315021644305157e-04
2.124512592927058259e-04 9.111106384274947042e-04
2.141594009561664151e-04 9.153273054781812298e-04
2.158812763482579862e-04 9.195819863660552838e-04
2.176169958903269763e-04 9.238751716438180824e-04
2.193666708915245720e-04 9.282073595029015269e-04
2.211304135559454757e-04 9.325790559118550104e-04
2.229083369898224548e-04 9.369907747575744600e-04
2.247005552087807923e-04 9.414430379894580744e-04
2.265071831451491706e-04 9.459363757665452442e-04
2.283283366553303490e-04 9.504713266077022965e-04
2.301641325272311197e-04 9.550484375449462462e-04
2.320146884877507837e-04 9.596682642799546923e-04
2.338801232103321587e-04 9.643313713438597624e-04
2.357605563225710784e-04 9.690383322603847611e-04
2.376561084138881263e-04 9.737897297124110171e-04
2.395669010432620869e-04 9.785861557120589544e-04
2.414930567470243566e-04 9.834282117743525613e-04
2.434346990467186776e-04 9.883165090945700369e-04
2.453919524570210989e-04 9.932516687293567285e-04
2.473649424937253427e-04 9.982343217816887215e-04
2.493537956817921107e-04 1.003265109589788562e-03
2.513586395634623315e-04 1.008344683920075948e-03
2.533796027064370328e-04 1.013473707164262889e-03
2.554168147121218310e-04 1.018652852540679428e-03
2.574704062239379916e-04 1.023882804299943534e-03
2.595405089357009812e-04 1.029164257935072987e-03
2.616272556000642335e-04 1.034497920396148943e-03
2.637307800370345279e-04 1.039884510309644402e-03
2.658512171425522026e-04 1.045324758202524238e-03
2.679887028971423830e-04 1.050819406731246268e-03
2.701433743746351661e-04 1.056369210915763515e-03
2.723153697509553012e-04 1.061974938378670375e-03
2.745048283129844047e-04 1.067637369589608887e-03
2.767118904674924001e-04 1.073357298115066314e-03
2.789366977501418722e-04 1.079135530873697162e-03
2.811793928345646815e-04 1.084972888397308429e-03
2.834401195415103543e-04 1.090870205097644674e-03
2.857190228480709624e-04 1.096828329539132740e-03
2.880162488969766933e-04 1.102848124717703635e-03
2.903319450059686150e-04 1.108930468345880249e-03
2.926662596772459262e-04 1.115076253144267919e-03
2.950193426069880158e-04 1.121286387139601827e-03
2.973913446949560490e-04 1.127561793969547674e-03
2.997824180541689841e-04 1.133903413194392671e-03
3.021927160206584642e-04 1.140312200615817674e-03
3.046223931633014470e-04 1.146789128602936731e-03
3.070716052937336616e-04 1.153335186425777500e-03
3.095405094763409651e-04 1.159951380596399443e-03
3.120292640383314723e-04 1.166638735217846246e-03
3.145380285798893803e-04 1.173398292341130012e-03
3.170669639844088611e-04 1.180231112330461241e-03
3.196162324288125763e-04 1.187138274236931249e-03
3.221859973939510732e-04 1.194120876180872984e-03
3.247764236750868031e-04 1.201180035743119011e-03
3.273876773924623822e-04 1.208316890365402577e-03
3.300199260019525522e-04 1.215532597760111662e-03
3.326733383058045582e-04 1.222828336329690683e-03
3.353480844634620104e-04 1.230205305595889363e-03
3.380443360024775411e-04 1.237664726639156696e-03
3.407622658295123615e-04 1.245207842548436313e-03
3.435020482414239090e-04 1.252835918881634947e-03
3.462638589364447307e-04 1.260550244137057614e-03
3.490478750254483197e-04 1.268352130236095930e-03
3.518542750433079763e-04 1.276242913017471654e-03
3.546832389603455488e-04 1.284223952743351145e-03
3.575349481938718986e-04 1.292296634617637590e-03
3.604095856198226118e-04 1.300462369316792485e-03
3.633073355844843510e-04 1.308722593533497968e-03
3.662283839163169952e-04 1.317078770533534936e-03
3.691729179378710275e-04 1.325532390726217149e-03
3.721411264777987069e-04 1.334084972248761889e-03
3.751331998829653645e-04 1.342738061564980982e-03
3.781493300306550814e-04 1.351493234078679452e-03
3.811897103408754613e-04 1.360352094762166432e-03
3.842545357887618791e-04 1.369316278800307473e-03
3.873440029170794165e-04 1.378387452250529142e-03
3.904583098488293141e-04 1.387567312719251893e-03
3.935976562999523513e-04 1.396857590055167100e-03
3.967622435921372859e-04 1.406260047059866526e-03
3.999522746657313164e-04 1.415776480216291312e-03
4.031679540927527307e-04 1.425408720435503976e-03
4.064094880900127340e-04 1.435158633822315776e-03
4.096770845323373486e-04 1.445028122460277273e-03
4.129709529658993602e-04 1.455019125216607803e-03
4.162913046216561359e-04 1.465133618567608133e-03
4.196383524288942375e-04 1.475373617445163016e-03
4.230123110288861398e-04 1.485741176104927140e-03
4.264133967886541234e-04 1.496238389016818103e-03
4.298418278148450266e-04 1.506867391778455873e-03
4.332978239677182423e-04 1.517630362052227021e-03
4.367816068752431108e-04 1.528529520526633774e-03
4.402933999473140577e-04 1.539567131902673395e-03
4.438334283900757229e-04 1.550745505905926601e-03
4.474019192203659975e-04 1.562066998325158411e-03
4.509991012802740942e-04 1.573534012078174962e-03
4.546252052518148985e-04 1.585148998305758138e-03
4.582804636717239372e-04 1.596914457494497640e-03
4.619651109463686280e-04 1.608832940629382254e-03
4.656793833667805253e-04 1.620907050377038685e-03
4.694235191238088894e-04 1.633139442300512653e-03
4.731977583233935706e-04 1.645532826106567382e-03
4.770023430019654513e-04 1.658089966926449893e-03
4.808375171419662034e-04 1.670813686631148799e-03
4.847035266874950604e-04 1.683706865182165151e-03
4.886006195600794055e-04 1.696772442018899818e-03
4.925290456745764394e-04 1.710013417483749638e-03
4.964890569551972006e-04 1.723432854286075693e-03
5.004809073516638344e-04 1.737033879006218747e-03
5.045048528554943630e-04 1.750819683640801117e-03
5.085611515164179409e-04 1.764793527190593224e-03
5.126500634589253088e-04 1.778958737292237651e-03
5.167718508989490277e-04 1.793318711895215646e-03
5.209267781606790205e-04 1.807876920985440616e-03
5.251151116935139649e-04 1.822636908356956150e-03
5.293371200891461509e-04 1.837602293433207015e-03
5.335930740987892369e-04 1.852776773139496857e-03
5.378832466505386028e-04 1.868164123828188654e-03
5.422079128668747102e-04 1.883768203258345559e-03
5.465673500823066498e-04 1.899592952631536449e-03
5.509618378611555499e-04 1.915642398685575174e-03
5.553916580154846794e-04 1.931920655848079569e-03
5.598570946231710369e-04 1.948431928451719837e-03
5.643584340461220081e-04 1.965180513013178778e-03
5.688959649486405572e-04 1.982170800577856724e-03
5.734699783159350524e-04 1.999407279132444076e-03
5.780807674727819626e-04 2.016894536087594000e-03
5.827286281023350304e-04 2.034637260832950888e-03
5.874138582650869928e-04 2.052640247366890967e-03
5.921367584179847154e-04 2.070908397003480214e-03
5.968976314336947066e-04 2.089446721159104233e-03
6.016967826200290926e-04 2.108260344221501818e-03
6.065345197395226231e-04 2.127354506503825998e-03
6.114111530291690532e-04 2.146734567286671599e-03
6.163269952203175549e-04 2.166406007950896512e-03
6.212823615587248190e-04 2.186374435204350031e-03
6.262775698247746671e-04 2.206645584405649008e-03
6.313129403538551973e-04 2.227225322988239664e-03
6.363887960569013800e-04 2.248119653988181130e-03
6.415054624411036443e-04 2.269334719679151364e-03
6.466632676307799629e-04 2.290876805318312753e-03
6.518625423884214084e-04 2.312752343006878493e-03
6.571036201359009912e-04 2.334967915669248616e-03
6.623868369758560779e-04 2.357530261154856463e-03
6.677125317132433062e-04 2.380446276466921009e-03
6.730810458770626354e-04 2.403723022122530775e-03
6.784927237422627841e-04 2.427367726648650692e-03
6.839479123518168871e-04 2.451387791218727873e-03
6.894469615389785646e-04 2.475790794434901826e-03
6.949902239497163410e-04 2.500584497260901866e-03
7.005780550653264169e-04 2.525776848110949935e-03
7.062108132252322475e-04 2.551375988100225162e-03
7.118888596499623649e-04 2.577390256462593066e-03
7.176125584643157666e-04 2.603828196141606734e-03
7.233822767207124865e-04 2.630698559560980775e-03
7.291983844227299975e-04 2.658010314580946942e-03
7.350612545488349877e-04 2.685772650647291152e-03
7.409712630762995593e-04 2.713994985139945703e-03
7.469287890053118249e-04 2.742686969928461154e-03
7.529342143832827442e-04 2.771858498141896096e-03
7.589879243293419378e-04 2.801519711160938009e-03
7.650903070590399325e-04 2.831681005840493842e-03
7.712417539092411177e-04 2.862353041971173705e-03
7.774426593632197732e-04 2.893546749988602784e-03
7.836934210759589512e-04 2.925273338939682680e-03
7.899944398996480927e-04 2.957544304715471490e-03
7.963461199093939055e-04 2.990371438560623929e-03
8.027488684291297612e-04 3.023766835869810647e-03
8.092030960577381365e-04 3.057742905281930594e-03
8.157092166953818727e-04 3.092312378083424650e-03
8.222676475700441438e-04 3.127488317932402510e-03
8.288788092642896017e-04 3.163284130915914108e-03
8.355431257422316288e-04 3.199713575953038597e-03
8.422610243767234776e-04 3.236790775557162134e-03
8.490329359767610469e-04 3.274530226971274563e-03
8.558592948151148589e-04 3.312946813690816755e-03
8.627405386561763818e-04 3.352055817389063171e-03
8.696771087840316026e-04 3.391872930260887622e-03
8.766694500307616305e-04 3.432414267801215182e-03
8.837180108049648040e-04 3.473696382035353081e-03
8.908232431205177554e-04 3.515736275219071699e-03
8.979856026255596041e-04 3.558551414027028882e-03
9.052055486317123981e-04 3.602159744249065765e-03
9.124835441435363934e-04 3.646579706014642201e-03
9.198200558882198459e-04 3.691830249566664321e-03
9.272155543455135084e-04 3.737930851606886991e-03
9.346705137778988813e-04 3.784901532235971245e-03
9.421854122610020350e-04 3.832762872512433805e-03
9.497607317142543054e-04 3.881536032655755371e-03
9.573969579317923809e-04 3.931242770919987292e-03
9.650945806136168635e-04 3.981905463165607423e-03
9.728540933969931489e-04 4.033547123158266745e-03
9.806759938881077446e-04 4.086191423624776185e-03
9.885607836939811106e-04 4.139862718097821886e-03
9.965089684546299745e-04 4.194586063582352205e-03
1.004521057875499505e-03 4.250387244078266714e-03
1.012597565760146043e-03 4.307292794995443500e-03
1.020739010043187961e-03 4.365330028498964204e-03
1.028945912823520624e-03 4.424527059824041701e-03
1.037218800397793740e-03 4.484912834602119806e-03
1.045558203294168643e-03 4.546517157241599001e-03
1.053964656306335132e-03 4.609370720408392449e-03
1.062438698527809564e-03 4.673505135654134300e-03
1.070980873386505067e-03 4.738952965241778267e-03
1.079591728679579320e-03 4.805747755220762633e-03
1.088271816608567906e-03 4.873924069806697713e-03
1.097021693814792835e-03 4.943517527122720176e-03
1.105841921415060339e-03 5.014564836362866117e-03
1.114733065037645755e-03 5.087103836440520083e-03
1.123695694858561607e-03 5.161173536188041686e-03
1.132730385638128397e-03 5.236814156177204208e-03
1.141837716757830102e-03 5.314067172233084141e-03
1.151018272257468486e-03 5.392975360718026134e-03
1.160272640872619032e-03 5.473582845665899560e-03
1.169601416072380690e-03 5.555935147850877068e-03
1.179005196097441350e-03 5.640079235879403782e-03
1.188484583998436917e-03 5.726063579398085052e-03
1.198040187674625882e-03 5.813938204515360642e-03
1.207672619912873550e-03 5.903754751539473655e-03
1.217382498426945476e-03 5.995566535140623571e-03
1.227170445897126380e-03 6.089428607050749107e-03
1.237037090010147848e-03 6.185397821420044427e-03
1.246983063499441718e-03 6.283532902955733281e-03
1.257009004185718083e-03 6.383894517974846375e-03
1.267115555017861829e-03 6.486545348509894365e-03
1.277303364114173089e-03 6.591550169613475882e-03
1.287573084803923188e-03 6.698975930015411279e-03
1.297925375669254505e-03 6.808891836294392319e-03
1.308360900587415138e-03 6.921369440734545346e-03
1.318880328773327061e-03 7.036482733046330387e-03
1.329484334822509696e-03 7.154308236141126466e-03
1.340173598754335451e-03 7.274925106158564372e-03
1.350948806055641540e-03 7.398415236956874461e-03
1.361810647724683541e-03 7.524863369287605394e-03
1.372759820315455842e-03 7.654357204888452212e-03
1.383797025982356002e-03 7.786987525740305879e-03
1.394922972525212967e-03 7.922848318748662577e-03
1.406138373434680233e-03 8.062036906123556251e-03
1.417443947937984403e-03 8.204654081747472100e-03
1.428840421045056257e-03 8.350804253837202859e-03
1.440328523595020473e-03 8.500595594222001145e-03
1.451908992303062437e-03 8.654140194579376319e-03
1.463582569807676250e-03 8.811554229988685302e-03
1.475350004718282461e-03 8.972958130183159020e-03
1.487212051663242820e-03 9.138476758903078812e-03
1.499169471338250180e-03 9.308239601775505564e-03
1.511223030555109781e-03 9.482380963170656402e-03
1.523373502290916717e-03 9.661040172511421026e-03
1.535621665737619797e-03 9.844361800539439683e-03
1.547968306351998500e-03 1.003249588607165246e-02
1.560414215906026332e-03 1.022559817381150926e-02
1.572960192537649652e-03 1.042383036381335643e-02
1.585607040801970905e-03 1.062736037323320365e-02
1.598355571722838214e-03 1.083636261103715186e-02
1.611206602844864099e-03 1.105101826637937268e-02
1.624160958285846652e-03 1.127151561140352781e-02
1.637219468789622443e-03 1.149805031926766710e-02
1.650382971779339224e-03 1.173082579824150269e-02
1.663652311411156466e-03 1.197005354277583256e-02
1.677028338628385644e-03 1.221595350250072841e-02
1.690511911216056396e-03 1.246875447016598804e-02
1.704103893855924172e-03 1.272869448960234698e-02
1.717805158181924573e-03 1.299602128484751533e-02
1.731616582836063107e-03 1.327099271165357863e-02
1.745539053524769631e-03 1.355387723266880673e-02
1.759573463075692762e-03 1.384495441766810976e-02
1.773720711494956165e-03 1.414451547029439357e-02
1.787981706024875618e-03 1.445286378286643816e-02
1.802357361202134916e-03 1.477031552090798082e-02
1.816848598916440561e-03 1.509720023916104499e-02
1.831456348469637663e-03 1.543386153095909624e-02
1.846181546635303553e-03 1.578065771295921599e-02
1.861025137718825368e-03 1.613796254736332703e-02
1.875988073617949718e-03 1.650616600389792632e-02
1.891071313883835835e-03 1.688567506397381512e-02
1.906275825782584700e-03 1.727691456960611660e-02
1.921602584357269073e-03 1.768032811985018743e-02
1.937052572490463543e-03 1.809637901769203458e-02
1.952626780967268777e-03 1.852555127053227835e-02
1.968326208538859635e-03 1.896835064761534864e-02
1.984151861986525964e-03 1.942530579798444276e-02
2.000104756186237703e-03 1.989696943278913832e-02
2.016185914173730404e-03 2.038391957603750276e-02
2.032396367210102285e-03 2.088676088816671106e-02
2.048737154847959669e-03 2.140612606711467247e-02
2.065209324998073734e-03 2.194267733190007411e-02
2.081813933996584133e-03 2.249710799407550477e-02
2.098552046672741249e-03 2.307014412279565635e-02
2.115424736417184908e-03 2.366254630965469730e-02
2.132433085250791220e-03 2.427511153988727924e-02
2.149578183894053276e-03 2.490867517700294520e-02
2.166861131837028234e-03 2.556411306843791795e-02
2.184283037409849929e-03 2.624234378035970872e-02
2.201845017853794849e-03 2.694433097035758493e-02
2.219548199392941835e-03 2.767108590739652749e-02
2.237393717306387312e-03 2.842367014910605894e-02
2.255382716001050336e-03 2.920319838722729155e-02
2.273516349085064406e-03 3.001084147285489057e-02
2.291795779441749108e-03 3.084782963398490646e-02
2.310222179304194986e-03 3.171545589883149885e-02
2.328796730330429544e-03 3.261507973940160066e-02
2.347520623679199940e-03 3.354813095092692987e-02
2.366395060086351563e-03 3.451611378395801066e-02
2.385421249941840644e-03 3.552061134722998836e-02
2.404600413367349258e-03 3.656329030081934689e-02
2.423933780294529154e-03 3.764590586064867073e-02
2.443422590543879204e-03 3.877030713705523213e-02
2.463068093904245172e-03 3.993844283194483008e-02
2.482871550212977386e-03 4.115236732101358597e-02
2.502834229436716809e-03 4.241424714964470155e-02
2.522957411752835104e-03 4.372636797340288817e-02
2.543242387631536056e-03 4.509114197656401146e-02
2.563690457918599720e-03 4.651111580485144809e-02
2.584302933918817841e-03 4.798897905152935128e-02
2.605081137480079381e-03 4.952757333924205640e-02
2.626026401078136903e-03 5.112990204352375889e-02
2.647140067902061661e-03 5.279914070774539836e-02
2.668423491940370880e-03 5.453864820346737696e-02
2.689878038067868449e-03 5.635197869474231624e-02
2.711505082133166059e-03 5.824289446990477820e-02
2.733306011046915136e-03 6.021537970984652821e-02
2.755282222870750457e-03 6.227365526773753768e-02
2.777435126906934153e-03 6.442219454166002446e-02
2.799766143788751278e-03 6.666574052876583778e-02
2.822276705571597107e-03 6.900932415734847836e-02
2.844968255824821199e-03 7.145828400177667294e-02
2.867842249724298753e-03 7.401828749457584067e-02
2.890900154145742678e-03 7.669535376020628070e-02
2.914143447758784592e-03 7.949587820632370017e-02
2.937573621121792201e-03 8.242665902064183481e-02
2.961192176777457333e-03 8.549492573506148330e-02
2.985000629349154194e-03 8.870837003360668160e-02
3.009000505638060891e-03 9.207517899704845132e-02
3.033193344721085011e-03 9.560407099508660966e-02
3.057580698049554638e-03 9.930433445672681714e-02
3.082164129548708650e-03 1.031858697712821904e-01
3.106945215717997130e-03 1.072592345964034077e-01
3.131925545732165434e-03 1.115356928759986543e-01
3.157106721543183076e-03 1.160272679000629442e-01
3.182490357982961909e-03 1.207467997706094531e-01
3.208078082866920849e-03 1.257080076734586327e-01
3.233871537098370694e-03 1.309255573948860940e-01
3.259872374773738549e-03 1.364151345655506553e-01
3.286082263288653098e-03 1.421935241621703483e-01
3.312502883444869064e-03 1.482786968505501457e-01
3.339135929558047309e-03 1.546899028124929520e-01
3.365983109566420516e-03 1.614477737643826294e-01
3.393046145140304545e-03 1.685744339476505649e-01
3.420326771792525731e-03 1.760936209516859308e-01
3.447826738989702954e-03 1.840308173190131902e-01
3.475547810264444787e-03 1.924133939817396222e-01
3.503491763328442192e-03 2.012707666886022762e-01
3.531660390186460666e-03 2.106345667046944925e-01
3.560055497251274348e-03 2.205388272026962415e-01
3.588678905459500440e-03 2.310201869167622379e-01
3.617532450388372123e-03 2.421181128001807237e-01
3.646617982373457321e-03 2.538751436175444298e-01
3.675937366627305119e-03 2.663371566139458579e-01
3.705492483359076189e-03 2.795536596404907259e-01
3.735285227895106946e-03 2.935781113801017028e-01
3.765317510800460753e-03 3.084682726140038911e-01
3.795591258001434522e-03 3.242865918012180493e-01
3.826108410909088379e-03 3.411006286155296996e-01
3.856870926543727249e-03 3.589835195018795666e-01
3.887880777660412870e-03 3.780144897828767725e-01
3.919139952875468937e-03 3.982794173728300136e-01
3.950650456794000190e-03 4.198714537489180443e-01
3.982414310138460145e-03 4.428917084958174932e-01
