2.497382406435652939e-25 9.768325619515944397e-18
1.592405960127358361e-24 3.089015920155193588e-17
1.015365822756892167e-23 9.768326876420302874e-17
6.474277161963938908e-23 3.089016721595150065e-16
4.128193389070159467e-22 9.768331986641967382e-16
2.632259977636328568e-21 3.089019980025807047e-15
1.678407946733001633e-20 9.768352763373603653e-15
1.070203270037972128e-19 3.089033227893325649e-14
6.823937180644061677e-19 9.768437235752100315e-14
4.351147109064984495e-18 3.089087090016611440e-13
1.915297948882004416e-17 7.759322488683919743e-13
8.060281057525431301e-17 1.949163039787816667e-12
3.231548868885900942e-16 4.896382250613372468e-12
4.345363206717196250e-16 6.163781780305984805e-12
1.185699981296668146e-15 1.229732179640797847e-11
3.167099671296256822e-15 2.454290871984140256e-11
8.312293945536222779e-15 4.898397135859626299e-11
2.151611673377367987e-14 9.773430848120292535e-11
5.516190296262407946e-14 1.950308160666369755e-10
7.219962673568143336e-14 2.455395918119563429e-10
1.345996703506809824e-13 3.892770603306517574e-10
2.502777173064534741e-13 6.169465998965407740e-10
3.411676113431318569e-13 7.768626451909397954e-10
4.161104603351930561e-13 9.006720410829545173e-10
5.668224300832851639e-13 1.192414995932578561e-09
1.051017683769589897e-12 1.890432911212288601e-09
1.946696275912857264e-12 3.094630240399093478e-09
3.604197434436283020e-12 4.906521065391501087e-09
4.678350727597027810e-12 5.964785761620009416e-09
6.363945126095426008e-12 7.510858710852283575e-09
8.659328086403540721e-12 9.798092857573101657e-09
1.177437263656969924e-11 1.233578754396143564e-08
1.601314678573479096e-11 1.553407705195085344e-08
2.068158225216417963e-11 1.881943995759334440e-08
2.812629084553211013e-11 2.462793118627416045e-08
3.823985723652250255e-11 3.101071367919697201e-08
4.915490723856361436e-11 3.744047090307774978e-08
6.683712298751739095e-11 4.918310976261355027e-08
9.088989403667837668e-11 6.194746997419662658e-08
1.198094057756214983e-10 7.622496704508910767e-08
1.235276287134856064e-10 8.111821537560480725e-08
1.679810496150610554e-10 1.052041443179145334e-07
2.145827771029579730e-10 1.264403182978826954e-07
2.389577941400671919e-10 1.370814666799720085e-07
2.718434103460653354e-10 1.558050328926489486e-07
3.695913600236930604e-10 2.029070399259184632e-07
4.805596579248377059e-10 2.471473550088626382e-07
6.228436556804378813e-10 3.112918511513913844e-07
6.449051117784316288e-10 3.195404339442749206e-07
6.519284217721749412e-10 3.221516175955882510e-07
6.901021772675798839e-10 3.362246542759246589e-07
7.517420508597271333e-10 3.585491157042282318e-07
7.842145311837404764e-10 3.701260768930860222e-07
8.123077711587138292e-10 3.800461204279264704e-07
8.948523203792971162e-10 4.248355205313744057e-07
1.780367769825735293e-09 1.571243743291283042e-06
2.831798589477310162e-09 2.360915204371286954e-06
4.352717025416528164e-09 3.331634749736530039e-06
6.442936706730940560e-09 4.497300351158025239e-06
9.210451352971400048e-09 5.875749191388290656e-06
1.726412223638507203e-08 9.359364509061765243e-06
2.961440629244172500e-08 1.399035730184682620e-05
4.760234259406434222e-08 2.000744564924680080e-05
7.280858902572716169e-08 2.762541866450402925e-05
1.069774052811704485e-07 3.692082460755834189e-05
1.786399553702715184e-07 5.352425790188030335e-05
3.179080611873818725e-07 7.810458603098302793e-05
4.169532575344421554e-07 9.195064971249766836e-05
4.437988271458211392e-07 9.546604737380116803e-05
8.192319285407806845e-07 1.258634192745901824e-04
1.323307838836285530e-06 1.521041701286429909e-04
1.333947442765326021e-06 1.525713198777568509e-04
1.344672590789583687e-06 1.530395618750748921e-04
1.355483970697088277e-06 1.535088953744621898e-04
1.366382275805794438e-06 1.539793196229880944e-04
1.377368205008041842e-06 1.544508338610670961e-04
1.388442462815375932e-06 1.549234373226008286e-04
1.399605759403725488e-06 1.553971292351212106e-04
1.410858810658945675e-06 1.558719088199342112e-04
1.422202338222728082e-06 1.563477752922651058e-04
1.433637069538876035e-06 1.568247278614042742e-04
1.445163737899956209e-06 1.573027657308543269e-04
1.456783082494324413e-06 1.577818880984778547e-04
1.468495848453526190e-06 1.582620941566465335e-04
1.480302786900082603e-06 1.587433830923907986e-04
1.492204654995659306e-06 1.592257540875506843e-04
1.504202215989619745e-06 1.597092063189276662e-04
1.516296239267973915e-06 1.601937389584370732e-04
1.528487500402716555e-06 1.606793511732619085e-04
1.540776781201563434e-06 1.611660421260071587e-04
1.553164869758087446e-06 1.616538109748552686e-04
1.565652560502259160e-06 1.621426568737224013e-04
1.578240654251390981e-06 1.626325789724156754e-04
1.590929958261493178e-06 1.631235764167909700e-04
1.603721286279040945e-06 1.636156483489122212e-04
1.616615458593160730e-06 1.641087939072108815e-04
1.629613302088232252e-06 1.646030122266466252e-04
1.642715650296916790e-06 1.650983024388689763e-04
1.655923343453609196e-06 1.655946636723794503e-04
1.669237228548322107e-06 1.660920950526947274e-04
1.682658159381000872e-06 1.665905957025107188e-04
1.696186996616277673e-06 1.670901647418671760e-04
1.709824607838664397e-06 1.675908012883134109e-04
1.723571867608188943e-06 1.680925044570746939e-04
1.737429657516480021e-06 1.685952733612191938e-04
1.751398866243302156e-06 1.690991071118261920e-04
1.765480389613545336e-06 1.696040048181546214e-04
1.779675130654673751e-06 1.701099655878125544e-04
1.793983999654634471e-06 1.706169885269275314e-04
1.808407914220232836e-06 1.711250727403174575e-04
1.822947799335978595e-06 1.716342173316623681e-04
1.837604587423402978e-06 1.721444214036768432e-04
1.852379218400852880e-06 1.726556840582831281e-04
1.867272639743767834e-06 1.731680043967850934e-04
1.882285806545438749e-06 1.736813815200429270e-04
1.897419681578257707e-06 1.741958145286481515e-04
1.912675235355459042e-06 1.747113025230998614e-04
1.928053446193356145e-06 1.752278446039812307e-04
1.943555300274080769e-06 1.757454398721369976e-04
1.959181791708823782e-06 1.762640874288513273e-04
1.974933922601587737e-06 1.767837863760266242e-04
1.990812703113449563e-06 1.773045358163626961e-04
2.006819151527339959e-06 1.778263348535368948e-04
2.022954294313345391e-06 1.783491825923845813e-04
2.039219166194534838e-06 1.788730781390805399e-04
2.055614810213312966e-06 1.793980206013205550e-04
2.072142277798309891e-06 1.799240090885042621e-04
2.088802628831809244e-06 1.804510427119178080e-04
2.105596931717714514e-06 1.809791205849180034e-04
2.122526263450065542e-06 1.815082418231162302e-04
2.139591709682103472e-06 1.820384055445634064e-04
2.156794364795893896e-06 1.825696108699357103e-04
2.174135331972507341e-06 1.831018569227201140e-04
2.191615723262762620e-06 1.836351428294013275e-04
2.209236659658544458e-06 1.841694677196489859e-04
2.226999271164687795e-06 1.847048307265050540e-04
2.244904696871446534e-06 1.852412309865723416e-04
2.262954085027538278e-06 1.857786676402032092e-04
2.281148593113782406e-06 1.863171398316888425e-04
2.299489387917327688e-06 1.868566467094492857e-04
2.317977645606473673e-06 1.873971874262235298e-04
2.336614551806100240e-06 1.879387611392606839e-04
2.355401301673698973e-06 1.884813670105112290e-04
2.374339099976014391e-06 1.890250042068189484e-04
2.393429161166307335e-06 1.895696719001133200e-04
2.412672709462234982e-06 1.901153692676024493e-04
2.432070978924355984e-06 1.906620954919664376e-04
2.451625213535272138e-06 1.912098497615511556e-04
2.471336667279401526e-06 1.917586312705627763e-04
2.491206604223393287e-06 1.923084392192624169e-04
2.511236298597195442e-06 1.928592728141614030e-04
2.531427034875762655e-06 1.934111312682171573e-04
2.551780107861432310e-06 1.939640138010291688e-04
2.572296822766957031e-06 1.945179196390358571e-04
2.592978495299205510e-06 1.950728480157114090e-04
2.613826451743538429e-06 1.956287981717636459e-04
2.634842029048859034e-06 1.961857693553314833e-04
2.656026574913351082e-06 1.967437608221838286e-04
2.677381447870905001e-06 1.973027718359180707e-04
2.698908017378237770e-06 1.978628016681594382e-04
2.720607663902714564e-06 1.984238495987606548e-04
2.742481779010875981e-06 1.989859149160019749e-04
2.764531765457677620e-06 1.995489969167917336e-04
2.786759037276445827e-06 2.001130949068670873e-04
2.809165019869558926e-06 2.006782082009955391e-04
2.831751150099853933e-06 2.012443361231764380e-04
2.854518876382774843e-06 2.018114780068432101e-04
2.877469658779251069e-06 2.023796331950656973e-04
2.900604969089333963e-06 2.029488010407531201e-04
2.923926290946579587e-06 2.035189809068575014e-04
2.947435119913192107e-06 2.040901721665769808e-04
2.971132963575932064e-06 2.046623742035600789e-04
2.995021341642795445e-06 2.052355864121101236e-04
3.019101786040468636e-06 2.058098081973900012e-04
3.043375841012573654e-06 2.063850389756271793e-04
3.067845063218693077e-06 2.069612781743195430e-04
3.092511021834197957e-06 2.075385252324410672e-04
3.117375298650878298e-06 2.081167796006482766e-04
3.142439488178379066e-06 2.086960407414866772e-04
3.167705197746454007e-06 2.092763081295980832e-04
3.193174047608043198e-06 2.098575812519276997e-04
3.218847671043174774e-06 2.104398596079321265e-04
3.244727714463707748e-06 2.110231427097874167e-04
3.270815837518910008e-06 2.116074300825974063e-04
3.297113713201893516e-06 2.121927212646027754e-04
3.323623027956898230e-06 2.127790158073900549e-04
3.350345481787442114e-06 2.133663132761014474e-04
3.377282788365340212e-06 2.139546132496445655e-04
3.404436675140599971e-06 2.145439153209027132e-04
3.431808883452195786e-06 2.151342190969456817e-04
3.459401168639748602e-06 2.157255241992408167e-04
3.487215300156081344e-06 2.163178302638640578e-04
3.515253061680700579e-06 2.169111369417121176e-04
3.543516251234176038e-06 2.175054438987143073e-04
3.572006681293447205e-06 2.181007508160451758e-04
3.600726178908054030e-06 2.186970573903372845e-04
3.629676585817301913e-06 2.192943633338944427e-04
3.658859758568374940e-06 2.198926683749052413e-04
3.688277568635386368e-06 2.204919722576571828e-04
3.717931902539396839e-06 2.210922747427508108e-04
3.747824661969394399e-06 2.216935756073145183e-04
3.777957763904247344e-06 2.222958746452196254e-04
3.808333140735637915e-06 2.228991716672958654e-04
3.838952740391980684e-06 2.235034665015473028e-04
3.869818526463340852e-06 2.241087589933684157e-04
3.900932478327361790e-06 2.247150490057608810e-04
3.932296591276191658e-06 2.253223364195503886e-04
3.963912876644444670e-06 2.259306211336044030e-04
3.995783361938183883e-06 2.265399030650496815e-04
4.027910090964938216e-06 2.271501821494906594e-04
4.060295123964772326e-06 2.277614583412279983e-04
4.092940537742408500e-06 2.283737316134777304e-04
4.125848425800403956e-06 2.289870019585905925e-04
4.159020898473409795e-06 2.296012693882720378e-04
4.192460083063500609e-06 2.302165339338025458e-04
4.226168123976591683e-06 2.308327956462581762e-04
4.260147182859965800e-06 2.314500545967320170e-04
4.294399438740884254e-06 2.320683108765556329e-04
4.328927088166340513e-06 2.326875645975212453e-04
4.363732345343905702e-06 2.333078158921040755e-04
4.398817442283731986e-06 2.339290649136856084e-04
4.434184628941684192e-06 2.345513118367766948e-04
4.469836173363628487e-06 2.351745568572418993e-04
4.505774361830878100e-06 2.357988001925234972e-04
4.542001499006807946e-06 2.364240420818665271e-04
4.578519908084652562e-06 2.370502827865443325e-04
4.615331930936483103e-06 2.376775225900841298e-04
4.652439928263394760e-06 2.383057617984936881e-04
4.689846279746890180e-06 2.389350007404879815e-04
4.727553384201491083e-06 2.395652397677168715e-04
4.765563659728561146e-06 2.401964792549928982e-04
4.803879543871385022e-06 2.408287196005197753e-04
4.842503493771477267e-06 2.414619612261215912e-04
4.881437986326157568e-06 2.420962045774722527e-04
4.920685518347397374e-06 2.427314501243258240e-04
4.960248606721922676e-06 2.433676983607470281e-04
5.000129788572630535e-06 2.440049498053429406e-04
5.040331621421284628e-06 2.446432050014947382e-04
5.080856683352527934e-06 2.452824645175899617e-04
5.121707573179212550e-06 2.459227289472563243e-04
5.162886910609055121e-06 2.465639989095948963e-04
5.204397336412634814e-06 2.472062750494148620e-04
5.246241512592743152e-06 2.478495580374684122e-04
5.288422122555095887e-06 2.484938485706866666e-04
5.330941871280412818e-06 2.491391473724158668e-04
5.373803485497888455e-06 2.497854551926545464e-04
5.417009713860046712e-06 2.504327728082914582e-04
5.460563327119015249e-06 2.510811010233437741e-04
5.504467118304203337e-06 2.517304406691965308e-04
5.548723902901417979e-06 2.523807926048425099e-04
5.593336519033419158e-06 2.530321577171227134e-04
5.638307827641919254e-06 2.536845369209682496e-04
5.683640712671055473e-06 2.543379311596421642e-04
5.729338081252328472e-06 2.549923414049825188e-04
5.775402863891037702e-06 2.556477686576462275e-04
5.821838014654206678e-06 2.563042139473538155e-04
5.868646511360025287e-06 2.569616783331345037e-04
5.915831355768810824e-06 2.576201629035728097e-04
5.963395573775508087e-06 2.582796687770557461e-04
6.011342215603732767e-06 2.589401971020202360e-04
6.059674356001381004e-06 2.596017490572029122e-04
6.108395094437809336e-06 2.602643258518892136e-04
6.157507555302596912e-06 2.609279287261643231e-04
6.207014888105904359e-06 2.615925589511648654e-04
6.256920267680457257e-06 2.622582178293317431e-04
6.307226894385129663e-06 2.629249066946632435e-04
6.357937994310196287e-06 2.635926269129697718e-04
6.409056819484199111e-06 2.642613798821298859e-04
6.460586648082505542e-06 2.649311670323462758e-04
6.512530784637529276e-06 2.656019898264035876e-04
6.564892560250647782e-06 2.662738497599272222e-04
6.617675332805819775e-06 2.669467483616432728e-04
6.670882487184919625e-06 2.676206871936390045e-04
6.724517435484808186e-06 2.682956678516249601e-04
6.778583617236140887e-06 2.689716919651983129e-04
6.833084499623945275e-06 2.696487611981069244e-04
6.888023577709960390e-06 2.703268772485147020e-04
6.943404374656780316e-06 2.710060418492686932e-04
6.999230441953775655e-06 2.716862567681661779e-04
7.055505359644855605e-06 2.723675238082246355e-04
7.112232736558045230e-06 2.730498448079514396e-04
7.169416210536917729e-06 2.737332216416157762e-04
7.227059448673884252e-06 2.744176562195214833e-04
7.285166147545358198e-06 2.751031504882814078e-04
7.343740033448809242e-06 2.757897064310929560e-04
7.402784862641724039e-06 2.764773260680148900e-04
7.462304421582499000e-06 2.771660114562459138e-04
7.522302527173247375e-06 2.778557646904043972e-04
7.582783027004583300e-06 2.785465879028096721e-04
7.643749799602354871e-06 2.792384832637644131e-04
7.705206754676369445e-06 2.799314529818389694e-04
7.767157833371118774e-06 2.806254993041571062e-04
7.829607008518516700e-06 2.813206245166831559e-04
7.892558284892677346e-06 2.820168309445110662e-04
7.956015699466728730e-06 2.827141209521538277e-04
8.019983321671699916e-06 2.834124969438367512e-04
8.084465253657485088e-06 2.841119613637902558e-04
8.149465630555913348e-06 2.848125166965451518e-04
8.214988620745931015e-06 2.855141654672299287e-04
8.281038426120903204e-06 2.862169102418695072e-04
8.347619282358083797e-06 2.869207536276854550e-04
8.414735459190238591e-06 2.876256982733981535e-04
8.482391260679458854e-06 2.883317468695310794e-04
8.550591025493177181e-06 2.890389021487164956e-04
8.619339127182394097e-06 2.897471668860035271e-04
8.688639974462154382e-06 2.904565438991673753e-04
8.758498011494264651e-06 2.911670360490209181e-04
8.828917718172296219e-06 2.918786462397288573e-04
8.899903610408864795e-06 2.925913774191222453e-04
8.971460240425247992e-06 2.933052325790168617e-04
9.043592197043294898e-06 2.940202147555321852e-04
9.116304105979705657e-06 2.947363270294136185e-04
9.189600630142674259e-06 2.954535725263558515e-04
9.263486469930913195e-06 2.961719544173289356e-04
9.337966363535083689e-06 2.968914759189063084e-04
9.413045087241645045e-06 2.976121402935954217e-04
9.488727455739157007e-06 2.983339508501698322e-04
9.565018322427030050e-06 2.990569109440043287e-04
9.641922579726779489e-06 2.997810239774125526e-04
9.719445159395752936e-06 3.005062933999854313e-04
9.797591032843419172e-06 3.012327227089344373e-04
9.876365211450145615e-06 3.019603154494348457e-04
9.955772746888604967e-06 3.026890752149732217e-04
1.003581873144771111e-05 3.034190056476963708e-04
1.011650829835917571e-05 3.041501104387635420e-04
1.019784662212672284e-05 3.048823933287007448e-04
1.027983891885787853e-05 3.056158581077576689e-04
1.036249044659851662e-05 3.063505086162673138e-04
1.044580650567002868e-05 3.070863487450090881e-04
1.052979243900921123e-05 3.078233824355731019e-04
1.061445363251093463e-05 3.085616136807286863e-04
1.069979551537350041e-05 3.093010465247949745e-04
1.078582356044682772e-05 3.100416850640141378e-04
1.087254328458341975e-05 3.107835334469287968e-04
1.095996024899212704e-05 3.115265958747605703e-04
1.104808005959481779e-05 3.122708766017930700e-04
1.113690836738583495e-05 3.130163799357571172e-04
1.122645086879442804e-05 3.137631102382194294e-04
1.131671330605003274e-05 3.145110719249744513e-04
1.140770146755050152e-05 3.152602694664389496e-04
1.149942118823334292e-05 3.160107073880499156e-04
1.159187834994985603e-05 3.167623902706665872e-04
1.168507888184237521e-05 3.175153227509744228e-04
1.177902876072447780e-05 3.182695095218932490e-04
1.187373401146423774e-05 3.190249553329889323e-04
1.196920070737065381e-05 3.197816649908877609e-04
1.206543497058306120e-05 3.205396433596952727e-04
1.216244297246378213e-05 3.212988953614177921e-04
1.226023093399384602e-05 3.220594259763881429e-04
1.235880512617196750e-05 3.228212402436946666e-04
1.245817187041668370e-05 3.235843432616145239e-04
1.255833753897171038e-05 3.243487401880491643e-04
1.265930855531463873e-05 3.251144362409665186e-04
1.276109139456881016e-05 3.258814366988434610e-04
1.286369258391859629e-05 3.266497469011156451e-04
1.296711870302795684e-05 3.274193722486284778e-04
1.307137638446238068e-05 3.281903182040938390e-04
1.317647231411424538e-05 3.289625902925508681e-04
1.328241323163153793e-05 3.297361941018293516e-04
1.338920593085009728e-05 3.305111352830193455e-04
1.349685726022927220e-05 3.312874195509437790e-04
1.360537412329109266e-05 3.320650526846356657e-04
1.371476347906301898e-05 3.328440405278195444e-04
1.382503234252416049e-05 3.336243889893980683e-04
1.393618778505518899e-05 3.344061040439421186e-04
1.404823693489179944e-05 3.351891917321863940e-04
1.416118697758179445e-05 3.359736581615285766e-04
1.427504515644595144e-05 3.367595095065345164e-04
1.438981877304245930e-05 3.375467520094467761e-04
1.450551518763521076e-05 3.383353919806995186e-04
1.462214181966577755e-05 3.391254357994365394e-04
1.473970614822920241e-05 3.399168899140356942e-04
1.485821571255364332e-05 3.407097608426381532e-04
1.497767811248383113e-05 3.415040551736815569e-04
1.509810100896847097e-05 3.422997795664400032e-04
1.521949212455147388e-05 3.430969407515682083e-04
1.534185924386724409e-05 3.438955455316510348e-04
1.546521021413988300e-05 3.446956007817590911e-04
1.558955294568637926e-05 3.454971134500088299e-04
1.571489541242396113e-05 3.463000905581292070e-04
1.584124565238136733e-05 3.471045392020324048e-04
1.596861176821439188e-05 3.479104665523926341e-04
1.609700192772544740e-05 3.487178798552280790e-04
1.622642436438735669e-05 3.495267864324903785e-04
1.635688737787138630e-05 3.503371936826598526e-04
1.648839933457944411e-05 3.511491090813452292e-04
1.662096866818065099e-05 3.519625401818921528e-04
1.675460388015215439e-05 3.527774946159953243e-04
1.688931354032430584e-05 3.535939800943180690e-04
1.702510628743027018e-05 3.544120044071179753e-04
1.716199082965996810e-05 3.552315754248790386e-04
1.729997594521855213e-05 3.560527010989506360e-04
1.743907048288933790e-05 3.568753894621920844e-04
1.757928336260123158e-05 3.576996486296247883e-04
1.772062357600080911e-05 3.585254867990910008e-04
1.786310018702887457e-05 3.593529122519189818e-04
1.800672233250175523e-05 3.601819333535957453e-04
1.815149922269724842e-05 3.610125585544462037e-04
1.829744014194519661e-05 3.618447963903201727e-04
1.844455444922295497e-05 3.626786554832854472e-04
1.859285157875551083e-05 3.635141445423300394e-04
1.874234104062052608e-05 3.643512723640696203e-04
1.889303242135818733e-05 3.651900478334647198e-04
1.904493538458595537e-05 3.660304799245431848e-04
1.919805967161834249e-05 3.668725777011331538e-04
1.935241510209151464e-05 3.677163503176005314e-04
1.950801157459310781e-05 3.685618070195981720e-04
1.966485906729695390e-05 3.694089571448196715e-04
1.982296763860295311e-05 3.702578101237634042e-04
1.998234742778217085e-05 3.711083754805038788e-04
2.014300865562696261e-05 3.719606628334722010e-04
2.030496162510652330e-05 3.728146818962445059e-04
2.046821672202749496e-05 3.736704424783385747e-04
2.063278441570007014e-05 3.745279544860203192e-04
2.079867525960936710e-05 3.753872279231182342e-04
2.096589989209214142e-05 3.762482728918467405e-04
2.113446903701910828e-05 3.771110995936392319e-04
2.130439350448254350e-05 3.779757183299894702e-04
2.147568419148962061e-05 3.788421395033036054e-04
2.164835208266114536e-05 3.797103736177595687e-04
2.182240825093600923e-05 3.805804312801783912e-04
2.199786385828128766e-05 3.814523232009032756e-04
2.217473015640802696e-05 3.823260601946896174e-04
2.235301848749280117e-05 3.832016531816046217e-04
2.253274028490510666e-05 3.840791131879368403e-04
2.271390707394049292e-05 3.849584513471159008e-04
2.289653047255973427e-05 3.858396789006436189e-04
2.308062219213382249e-05 3.867228071990336767e-04
2.326619403819503090e-05 3.876078477027638234e-04
2.345325791119399583e-05 3.884948119832377792e-04
2.364182580726281534e-05 3.893837117237579273e-04
2.383190981898442961e-05 3.902745587205103659e-04
2.402352213616799827e-05 3.911673648835594470e-04
2.421667504663071858e-05 3.920621422378550540e-04
2.441138093698576599e-05 3.929589029242505052e-04
2.460765229343662806e-05 3.938576592005326544e-04
2.480550170257785896e-05 3.947584234424638089e-04
2.500494185220219679e-05 3.956612081448350861e-04
2.520598553211426070e-05 3.965660259225329979e-04
2.540864563495068889e-05 3.974728895116166048e-04
2.561293515700698842e-05 3.983818117704095792e-04
2.581886719907091737e-05 3.992928056806020797e-04
2.602645496726261619e-05 4.002058843483681299e-04
2.623571177388155256e-05 4.011210610054945442e-04
2.644665103826015435e-05 4.020383490105224294e-04
2.665928628762441214e-05 4.029577618499036499e-04
2.687363115796136622e-05 4.038793131391702471e-04
2.708969939489349539e-05 4.048030166241164377e-04
2.730750485456031896e-05 4.057288861819961139e-04
2.752706150450684287e-05 4.066569358227335187e-04
2.774838342457937494e-05 4.075871796901483395e-04
2.797148480782842472e-05 4.085196320631953311e-04
2.819637996141882686e-05 4.094543073572187372e-04
2.842308330754731154e-05 4.103912201252214579e-04
2.865160938436732218e-05 4.113303850591484736e-04
2.888197284692137169e-05 4.122718169911879422e-04
2.911418846808083569e-05 4.132155308950842217e-04
2.934827113949327080e-05 4.141615418874701384e-04
2.958423587253747471e-05 4.151098652292125354e-04
2.982209779928605791e-05 4.160605163267747358e-04
3.006187217347592311e-05 4.170135107335966773e-04
3.030357437148641222e-05 4.179688641514894679e-04
3.054721989332535425e-05 4.189265924320476672e-04
3.079282436362314662e-05 4.198867115780792946e-04
3.104040353263461555e-05 4.208492377450518849e-04
3.128997327724917740e-05 4.218141872425567565e-04
3.154154960200893158e-05 4.227815765357904117e-04
3.179514864013498670e-05 4.237514222470551806e-04
3.205078665456215535e-05 4.247237411572762911e-04
3.230848003898176003e-05 4.256985502075385629e-04
3.256824531889302473e-05 4.266758665006415330e-04
3.283009915266278764e-05 4.276557073026742589e-04
3.309405833259375878e-05 4.286380900446074157e-04
3.336013978600146479e-05 4.296230323239072935e-04
3.362836057629967084e-05 4.306105519061673593e-04
3.389873790409472689e-05 4.316006667267625321e-04
3.417128910828851296e-05 4.325933948925203185e-04
3.444603166719049177e-05 4.335887546834156915e-04
3.472298319963844853e-05 4.345867645542851598e-04
3.500216146612839901e-05 4.355874431365626301e-04
3.528358436995358458e-05 4.365908092400363019e-04
3.556726995835251355e-05 4.375968818546278980e-04
3.585323642366636054e-05 4.386056801521933616e-04
3.614150210450562902e-05 4.396172234883467009e-04
3.643208548692605667e-05 4.406315314043050845e-04
3.672500520561428527e-05 4.416486236287599579e-04
3.702028004508269899e-05 4.426685200797670239e-04
3.731792894087418303e-05 4.436912408666640888e-04
3.761797098077636906e-05 4.447168062920108618e-04
3.792042540604567241e-05 4.457452368535527710e-04
3.822531161264131061e-05 4.467765532462106368e-04
3.853264915246900528e-05 4.478107763640945234e-04
3.884245773463494326e-05 4.488479273025441528e-04
3.915475722670963782e-05 4.498880273601927379e-04
3.946956765600193403e-05 4.509310980410590592e-04
3.978690921084350370e-05 4.519771610566656705e-04
4.010680224188330146e-05 4.530262383281828545e-04
4.042926726339276123e-05 4.540783519886012012e-04
4.075432495458131967e-05 4.551335243849302073e-04
4.108199616092244292e-05 4.561917780804270166e-04
4.141230189549057660e-05 4.572531358568508015e-04
4.174526334030853803e-05 4.583176207167485318e-04
4.208090184770601485e-05 4.593852558857690967e-04
4.241923894168872933e-05 4.604560648150057226e-04
4.276029631931885141e-05 4.615300711833706477e-04
4.310409585210636885e-05 4.626072988999988520e-04
4.345065958741161120e-05 4.636877721066822540e-04
4.380000974985921882e-05 4.647715151803377882e-04
4.415216874276325210e-05 4.658585527355039438e-04
4.450715914956403040e-05 4.669489096268726472e-04
4.486500373527628732e-05 4.680426109518509613e-04
4.522572544794900828e-05 4.691396820531589418e-04
4.558934742013718075e-05 4.702401485214588819e-04
4.595589297038513870e-05 4.713440361980199018e-04
4.632538560472200940e-05 4.724513711774170699e-04
4.669784901816916104e-05 4.735621798102651104e-04
4.707330709625957653e-05 4.746764887059883769e-04
4.745178391656977021e-05 4.757943247356275266e-04
4.783330375026370525e-05 4.769157150346816482e-04
4.821789106364940988e-05 4.780406870059884989e-04
4.860557051974785854e-05 4.791692683226422009e-04
4.899636697987458568e-05 4.803014869309498065e-04
4.939030550523405930e-05 4.814373710534267862e-04
4.978741135852674638e-05 4.825769491918307347e-04
5.018771000556926327e-05 4.837202501302370356e-04
5.059122711692742137e-05 4.848673029381538285e-04
5.099798856956234413e-05 4.860181369736791515e-04
5.140802044849012315e-05 4.871727818866989582e-04
5.182134904845439648e-05 4.883312676221286111e-04
5.223800087561273703e-05 4.894936244231970924e-04
5.265800264923646475e-05 4.906598828347751799e-04
5.308138130342392321e-05 4.918300737067468273e-04
5.350816398882801347e-05 4.930042281974288468e-04
5.393837807439702975e-05 4.941823777770311399e-04
5.437205114913003695e-05 4.953645542311692958e-04
5.480921102384597688e-05 4.965507896644192568e-04
5.524988573296712665e-05 4.977411165039229406e-04
5.569410353631700400e-05 4.989355675030415684e-04
5.614189292093251638e-05 5.001341757450568056e-04
5.659328260289089581e-05 5.013369746469252455e-04
5.704830152915110785e-05 5.025439979630794054e-04
5.750697887941029035e-05 5.037552797892841253e-04
5.796934406797496438e-05 5.049708545665430566e-04
5.843542674564723434e-05 5.061907570850578434e-04
5.890525680162643111e-05 5.074150224882440071e-04
5.937886436542569692e-05 5.086436862767977889e-04
5.985627980880424366e-05 5.098767843128214306e-04
6.033753374771506109e-05 5.111143528240039667e-04
6.082265704426813595e-05 5.123564284078579610e-04
6.131168080870981886e-05 5.136030480360169589e-04
6.180463640141761403e-05 5.148542490585894266e-04
6.230155543491152335e-05 5.161100692085739475e-04
6.280246977588115889e-05 5.173705466063354590e-04
6.330741154722932843e-05 5.186357197641409044e-04
6.381641313013210095e-05 5.199056275907624298e-04
6.432950716611521638e-05 5.211803093961380438e-04
6.484672655914754450e-05 5.224598048961022088e-04
6.536810447775103720e-05 5.237441542171789900e-04
6.589367435712771635e-05 5.250333979014426425e-04
6.642346990130400882e-05 5.263275769114474784e-04
6.695752508529196798e-05 5.276267326352227860e-04
6.749587415726812710e-05 5.289309068913416925e-04
6.803855164076979471e-05 5.302401419340580044e-04
6.858559233690890065e-05 5.315544804585165591e-04
6.913703132660392104e-05 5.328739656060356737e-04
6.969290397282929970e-05 5.341986409694646221e-04
7.025324592288354484e-05 5.355285505986167888e-04
7.081809311067491697e-05 5.368637390057781752e-04
7.138748175902606327e-05 5.382042511712935339e-04
7.196144838199688011e-05 5.395501325492355537e-04
7.254002978722596954e-05 5.409014290731467946e-04
7.312326307829117788e-05 5.422581871618710686e-04
7.371118565708902645e-05 5.436204537254626674e-04
7.430383522623315649e-05 5.449882761711808072e-04
7.490124979147220845e-05 5.463617024095704855e-04
7.550346766412704069e-05 5.477407808606299649e-04
7.611052746354746385e-05 5.491255604600638008e-04
7.672246811958907361e-05 5.505160906656308452e-04
7.733932887510965330e-05 5.519124214635776852e-04
7.796114928848570200e-05 5.533146033751680341e-04
7.858796923614944053e-05 5.547226874633046046e-04
7.921982891514561765e-05 5.561367253392472589e-04
7.985676884570985128e-05 5.575567691694278700e-04
8.049882987386672924e-05 5.589828716823629778e-04
8.114605317404935013e-05 5.604150861756681439e-04
8.179848025173978930e-05 5.618534665231725940e-04
8.245615294613059835e-05 5.632980671821379449e-04
8.311911343280820551e-05 5.647489432005823153e-04
8.378740422645737662e-05 5.662061502247099296e-04
8.446106818358759059e-05 5.676697445064517438e-04
8.514014850528160033e-05 5.691397829111130829e-04
8.582468873996537955e-05 5.706163229251357688e-04
8.651473278620136638e-05 5.720994226639738740e-04
8.721032489550330973e-05 5.735891408800839657e-04
8.791150967517414130e-05 5.750855369710341797e-04
8.861833209116653468e-05 5.765886709877326641e-04
8.933083747096639518e-05 5.780986036427769115e-04
9.004907150649993114e-05 5.796153963189278838e-04
9.077308025706362898e-05 5.811391110777094698e-04
9.150291015227793160e-05 5.826698106681328431e-04
9.223860799506486418e-05 5.842075585355564543e-04
9.298022096464913285e-05 5.857524188306710306e-04
9.372779661958401099e-05 5.873044564186241136e-04
9.448138290080106442e-05 5.888637368882791451e-04
9.524102813468447444e-05 5.904303265616115976e-04
9.600678103617024325e-05 5.920042925032475674e-04
9.677869071186990244e-05 5.935857025301478690e-04
9.755680666322018801e-05 5.951746252214309063e-04
9.834117878965708290e-05 5.967711299283532961e-04
9.913185739181590750e-05 5.983752867844318712e-04
9.992889317475714633e-05 5.999871667157257111e-04
1.007323372512176722e-04 6.016068414512698538e-04
1.015422411448891162e-04 6.032343835336683845e-04
1.023586567937216754e-04 6.048698663298499381e-04
1.031816365532547958e-04 6.065133640419851811e-04
1.040112331999748377e-04 6.081649517185721285e-04
1.048474999346991963e-04 6.098247052656884278e-04
1.056904903859885026e-04 6.114927014584204757e-04
1.065402586135853736e-04 6.131690179524632977e-04
1.073968591118814068e-04 6.148537332959001876e-04
1.082603468134114144e-04 6.165469269411638425e-04
1.091307770923767009e-04 6.182486792571825719e-04
1.100082057681958929e-04 6.199590715417125546e-04
1.108926891090844736e-04 6.216781860338610249e-04
1.117842838356634000e-04 6.234061059268047227e-04
1.126830471245960600e-04 6.251429153807033920e-04
1.135890366122555852e-04 6.268886995358183018e-04
1.145023103984204498e-04 6.286435445258297186e-04
1.154229270500006018e-04 6.304075374913666648e-04
1.163509456047932480e-04 6.321807665937445196e-04
1.172864255752685629e-04 6.339633210289213026e-04
1.182294269523866083e-04 6.357552910416704737e-04
1.191800102094441646e-04 6.375567679399765349e-04
1.201382363059528809e-04 6.393678441096578829e-04
1.211041666915485695e-04 6.411886130292210285e-04
1.220778633099315214e-04 6.430191692849474873e-04
1.230593886028394845e-04 6.448596085862204948e-04
1.240488055140515132e-04 6.467100277810962101e-04
1.250461774934246025e-04 6.485705248721186471e-04
1.260515685009627122e-04 6.504411990323910207e-04
1.270650430109179514e-04 6.523221506218967840e-04
1.280866660159259965e-04 6.542134812040893308e-04
1.291165030311734394e-04 6.561152935627403895e-04
1.301546200985993415e-04 6.580276917190605503e-04
1.312010837911304533e-04 6.599507809490975669e-04
1.322559612169499886e-04 6.618846678014090679e-04
1.333193200238019891e-04 6.638294601150252936e-04
1.343912284033288646e-04 6.657852670376988207e-04
1.354717550954446311e-04 6.677521990444487557e-04
1.365609693927431138e-04 6.697303679564099157e-04
1.376589411449412250e-04 6.717198869599821150e-04
1.387657407633589954e-04 6.737208706262943049e-04
1.398814392254344363e-04 6.757334349309868180e-04
1.410061080792753994e-04 6.777576972743130186e-04
1.421398194482478665e-04 6.797937765015723936e-04
1.432826460356008034e-04 6.818417929238774697e-04
1.444346611291290696e-04 6.839018683392624701e-04
1.455959386058728927e-04 6.859741260541378331e-04
1.467665529368554793e-04 6.880586909050983961e-04
1.479465791918590340e-04 6.901556892810933787e-04
1.491360930442382651e-04 6.922652491459602240e-04
1.503351707757739236e-04 6.943875000613337900e-04
1.515438892815643168e-04 6.965225732099363139e-04
1.527623260749563143e-04 6.986706014192518334e-04
1.539905592925165775e-04 7.008317191855982942e-04
1.552286676990416849e-04 7.030060626985999445e-04
1.564767306926099718e-04 7.051937698660696663e-04
1.577348283096728090e-04 7.073949803393077490e-04
1.590030412301871607e-04 7.096098355388253450e-04
1.602814507827897775e-04 7.118384786805022563e-04
1.615701389500120728e-04 7.140810548021832814e-04
1.628691883735384224e-04 7.163377107907254815e-04
1.641786823595051212e-04 7.186085954095026550e-04
1.654987048838430332e-04 7.208938593263761272e-04
1.668293405976629593e-04 7.231936551421392278e-04
1.681706748326834515e-04 7.255081374194480336e-04
1.695227936067040826e-04 7.278374627122448804e-04
1.708857836291208362e-04 7.301817895956846200e-04
1.722597323064873058e-04 7.325412786965714278e-04
1.736447277481188267e-04 7.349160927243196051e-04
1.750408587717442051e-04 7.373063965024454240e-04
1.764482149092006533e-04 7.397123570006040004e-04
1.778668864121753712e-04 7.421341433671740147e-04
1.792969642579935602e-04 7.445719269624090364e-04
1.807385401554521083e-04 7.470258813921631501e-04
1.821917065507014952e-04 7.494961825422008592e-04
1.836565566331736408e-04 7.519830086131040585e-04
1.851331843415583527e-04 7.544865401557874617e-04
1.866216843698273431e-04 7.570069601076334339e-04
1.881221521733064390e-04 7.595444538292585876e-04
1.896346839747977732e-04 7.620992091419297090e-04
1.911593767707498164e-04 7.646714163656265174e-04
1.926963283374778790e-04 7.672612683577875823e-04
1.942456372374344316e-04 7.698689605527285528e-04
1.958074028255290275e-04 7.724946910017616497e-04
1.973817252555009726e-04 7.751386604140268278e-04
1.989687054863412716e-04 7.778010721980457755e-04
2.005684452887671304e-04 7.804821325040118716e-04
2.021810472517485558e-04 7.831820502668401665e-04
2.038066147890865893e-04 7.859010372499795590e-04
2.054452521460459950e-04 7.886393080900125363e-04
2.070970644060398541e-04 7.913970803420537553e-04
2.087621574973683961e-04 7.941745745259606902e-04
2.104406382000123662e-04 7.969720141733852969e-04
2.121326141524797616e-04 7.997896258756594275e-04
2.138381938587097871e-04 8.026276393325614857e-04
2.155574866950303429e-04 8.054862874019557556e-04
2.172906029171720813e-04 8.083658061503376903e-04
2.190376536673394644e-04 8.112664349042960016e-04
2.207987509813372250e-04 8.141884163029126931e-04
2.225740077957562692e-04 8.171319963511239131e-04
2.243635379552152520e-04 8.200974244740523618e-04
2.261674562196614867e-04 8.230849535723391147e-04
2.279858782717307801e-04 8.260948400784915617e-04
2.298189207241647849e-04 8.291273440142697942e-04
2.316667011272907205e-04 8.321827290491316071e-04
2.335293379765587742e-04 8.352612625597583430e-04
2.354069507201412192e-04 8.383632156906856451e-04
2.372996597665927917e-04 8.414888634160586382e-04
2.392075864925712395e-04 8.446384846025371210e-04
2.411308532506225991e-04 8.478123620733758184e-04
2.430695833770263737e-04 8.510107826737001819e-04
2.450239011997052221e-04 8.542340373370087498e-04
2.469939320461982351e-04 8.574824211529194105e-04
2.489798022516969615e-04 8.607562334361944841e-04
2.509816391671484633e-04 8.640557777970672790e-04
2.529995711674213645e-04 8.673813622128938696e-04
2.550337276595385770e-04 8.707332991011683659e-04
2.570842390909760015e-04 8.741119053939166387e-04
2.591512369580271469e-04 8.775175026135134931e-04
2.612348538142373017e-04 8.809504169499371689e-04
2.633352232789027574e-04 8.844109793395080058e-04
2.654524800456402886e-04 8.878995255451281859e-04
2.675867598910246659e-04 8.914163962380649469e-04
2.697381996832950166e-04 8.949619370813065387e-04
2.719069373911336095e-04 8.985364988145250762e-04
2.740931120925122941e-04 9.021404373406806572e-04
2.762968639836119070e-04 9.057741138143015486e-04
2.785183343878128550e-04 9.094378947314819654e-04
2.807576657647570403e-04 9.131321520216224884e-04
2.830150017194853532e-04 9.168572631409680884e-04
2.852904870116453138e-04 9.206136111679670683e-04
2.875842675647751487e-04 9.244015849005009049e-04
2.898964904756614323e-04 9.282215789550219602e-04
2.922273040237714824e-04 9.320739938676395053e-04
2.945768576807636569e-04 9.359592361972031687e-04
2.969453021200717550e-04 9.398777186304192646e-04
2.993327892265680232e-04 9.438298600890528004e-04
3.017394721063024351e-04 9.478160858392526778e-04
3.041655050963223104e-04 9.518368276030612354e-04
3.066110437745691295e-04 9.558925236721395758e-04
3.090762449698555240e-04 9.599836190237700422e-04
3.115612667719227700e-04 9.641105654391850677e-04
3.140662685415778616e-04 9.682738216242672835e-04
3.165914109209146099e-04 9.724738533326844191e-04
3.191368558436143230e-04 9.767111334915111465e-04
3.217027665453307816e-04 9.809861423293818848e-04
3.242893075741583742e-04 9.852993675072542566e-04
3.268966448011833355e-04 9.896513042518205981e-04
3.295249454311224260e-04 9.940424554916421195e-04
3.321743780130444993e-04 9.984733319960629582e-04
3.348451124511795632e-04 1.002944452516961373e-03
3.375373200158145789e-04 1.007456343933422213e-03
3.402511733542759945e-04 1.012009541399366006e-03
3.429868465020027564e-04 1.016604588494241998e-03
3.457445148937058938e-04 1.021242037376818117e-03
3.485243553746193929e-04 1.025922448942168021e-03
3.513265462118408977e-04 1.030646392981912282e-03
3.541512671057629410e-04 1.035414448347796949e-03
3.569986992015983392e-04 1.040227203118684321e-03
3.598690251009959546e-04 1.045085254771039402e-03
3.627624288737503499e-04 1.049989210352988370e-03
3.656790960696070696e-04 1.054939686662036222e-03
3.686192137301595902e-04 1.059937310426530997e-03
3.715829704008463425e-04 1.064982718490958260e-03
3.745705561430406503e-04 1.070076558005162359e-03
3.775821625462393309e-04 1.075219486617583122e-03
3.806179827403490912e-04 1.080412172672606244e-03
3.836782114080707182e-04 1.085655295412117118e-03
3.867630447973857818e-04 1.090949545181381505e-03
3.898726807341399933e-04 1.096295623639321126e-03
3.930073186347302679e-04 1.101694243973323165e-03
3.961671595188932153e-04 1.107146131118672818e-03
3.993524060225945682e-04 1.112652021982726835e-03
4.025632624110266522e-04 1.118212665673947543e-03
4.057999345917054942e-04 1.123828823735902298e-03
4.090626301276761878e-04 1.129501270386362591e-03
4.123515582508238599e-04 1.135230792761620982e-03
4.156669298752900229e-04 1.141018191166149904e-03
4.190089576109999473e-04 1.146864279327746306e-03
4.223778557772962881e-04 1.152769884658276641e-03
4.257738404166827020e-04 1.158735848520183517e-03
4.291971293086794094e-04 1.164763026498874142e-03
4.326479419837869593e-04 1.170852288681151470e-03
4.361264997375670881e-04 1.177004519939835051e-03
4.396330256448321072e-04 1.183220620224721643e-03
4.431677445739515470e-04 1.189501504860046924e-03
4.467308832012718833e-04 1.195848104848607884e-03
4.503226700256526523e-04 1.202261367182718733e-03
4.539433353831210153e-04 1.208742255162168367e-03
4.575931114616419533e-04 1.215291748719357417e-03
4.612722323160082659e-04 1.221910844751794654e-03
4.649809338828508627e-04 1.228600557462141384e-03
4.687194539957668525e-04 1.235361918705994017e-03
4.724880324005743771e-04 1.242195978347608847e-03
4.762869107706855132e-04 1.249103804623760954e-03
4.801163327226050511e-04 1.256086484515953408e-03
4.839765438315515172e-04 1.263145124131191677e-03
4.878677916472086255e-04 1.270280849091542453e-03
4.917903257095977265e-04 1.277494804932702418e-03
4.957443975650816610e-04 1.284788157511815689e-03
4.997302607824960627e-04 1.292162093424770435e-03
5.037481709694088122e-04 1.299617820433235111e-03
5.077983857885141504e-04 1.307156567901682350e-03
5.118811649741547261e-04 1.314779587244659879e-03
5.159967703489783033e-04 1.322488152384581218e-03
5.201454658407284742e-04 1.330283560220312010e-03
5.243275174991680800e-04 1.338167131106842312e-03
5.285431935131437936e-04 1.346140209346333248e-03
5.327927642277820001e-04 1.354204163690841175e-03
5.370765021618271410e-04 1.362360387857032692e-03
5.413946820251172099e-04 1.370610301053214880e-03
5.457475807361998697e-04 1.378955348518996933e-03
5.501354774400925513e-04 1.387397002077948990e-03
5.545586535261825233e-04 1.395936760703574099e-03
5.590173926462720273e-04 1.404576151098988184e-03
5.635119807327691310e-04 1.413316728290659515e-03
5.680427060170221282e-04 1.422160076236587143e-03
5.726098590478061624e-04 1.431107808449331607e-03
5.772137327099540480e-04 1.440161568634291478e-03
5.818546222431389891e-04 1.449323031343636645e-03
5.865328252608080018e-04 1.458593902646355446e-03
5.912486417692660408e-04 1.467975920814821363e-03
5.960023741869172271e-04 1.477470857028390355e-03
6.007943273636572133e-04 1.487080516094439536e-03
6.056248086004227581e-04 1.496806737187391040e-03
6.104941276688993779e-04 1.506651394606182059e-03
6.154025968313840385e-04 1.516616398550716879e-03
6.203505308608135141e-04 1.526703695917840629e-03
6.253382470609481110e-04 1.536915271117363828e-03
6.303660652867207337e-04 1.547253146908725155e-03
6.354343079647486884e-04 1.557719385258872057e-03
6.405433001140086596e-04 1.568316088221952684e-03
6.456933693666828825e-04 1.579045398841453412e-03
6.508848459891674026e-04 1.589909502075435724e-03
6.561180629032521824e-04 1.600910625745498479e-03
6.613933557074718611e-04 1.612051041510186109e-03
6.667110626986241318e-04 1.623333065863538606e-03
6.720715248934684216e-04 1.634759061159495389e-03
6.774750860505918647e-04 1.646331436662939107e-03
6.829220926924549264e-04 1.658052649628108822e-03
6.884128941276141875e-04 1.669925206405236274e-03
6.939478424731204426e-04 1.681951663576190413e-03
6.995272926771024151e-04 1.694134629120009478e-03
7.051516025415276298e-04 1.706476763609199483e-03
7.108211327451479256e-04 1.718980781437688373e-03
7.165362468666299335e-04 1.731649452081423764e-03
7.222973114078680250e-04 1.744485601392525669e-03
7.281046958174914414e-04 1.757492112928064291e-03
7.339587725145545454e-04 1.770671929314444112e-03
7.398599169124194094e-04 1.784028053648505346e-03
7.458085074428316089e-04 1.797563550936430010e-03
7.518049255801855348e-04 1.811281549571607061e-03
7.578495558659919086e-04 1.825185242852641644e-03
7.639427859335353593e-04 1.839277890542732061e-03
7.700850065327333356e-04 1.853562820471671077e-03
7.762766115551950541e-04 1.868043430181797956e-03
7.825179980594780971e-04 1.882723188619227434e-03
7.888095662965558886e-04 1.897605637871793705e-03
7.951517197354819513e-04 1.912694394955116945e-03
8.015448650892649345e-04 1.927993153648317401e-03
8.079894123409508315e-04 1.943505686380915531e-03
8.144857747699118470e-04 1.959235846172505471e-03
8.210343689783541638e-04 1.975187568626906622e-03
8.276356149180298660e-04 1.991364873982456526e-03
8.342899359171712312e-04 2.007771869220247637e-03
8.409977587076331897e-04 2.024412750232141775e-03
8.477595134522650927e-04 2.041291804050472669e-03
8.545756337724923820e-04 2.058413411141405899e-03
8.614465567761251828e-04 2.075782047763968536e-03
8.683727230853904595e-04 2.093402288396905599e-03
8.753545768651850231e-04 2.111278808235522199e-03
8.823925658515635942e-04 2.129416385760797732e-03
8.894871413804490180e-04 2.147819905383087976e-03
8.966387584165763430e-04 2.166494360162888808e-03
9.038478755826691345e-04 2.185444854611153474e-03
9.111149551888481340e-04 2.204676607571784581e-03
9.184404632622828867e-04 2.224194955189021713e-03
9.258248695770739806e-04 2.244005353962499807e-03
9.332686476843794461e-04 2.264113383892923850e-03
9.407722749427852114e-04 2.284524751721350548e-03
9.483362325489124540e-04 2.305245294265208158e-03
9.559610055682816934e-04 2.326280981854334830e-03
9.636470829664160569e-04 2.347637921870329714e-03
9.713949576401986839e-04 2.369322362392777340e-03
9.792051264494823146e-04 2.391340695955925747e-03
9.870780902489488962e-04 2.413699463419577071e-03
9.950143539202334093e-04 2.436405357958140554e-03
1.003014426404297927e-03 2.459465229171787972e-03
1.011078820734070656e-03 2.482886087324046552e-03
1.019208054067346483e-03 2.506675107710072074e-03
1.027402647719946865e-03 2.530839635160193977e-03
1.035663127199159227e-03 2.555387188683431836e-03
1.043990022237429628e-03 2.580325466255837825e-03
1.052383866826338190e-03 2.605662349758762660e-03
1.060845199250841885e-03 2.631405910072287350e-03
1.069374562123790980e-03 2.657564412329311166e-03
1.077972502420731712e-03 2.684146321336022996e-03
1.086639571514978926e-03 2.711160307164559198e-03
1.095376325212976025e-03 2.738615250924114185e-03
1.104183323789938989e-03 2.766520250716814674e-03
1.113061132025781842e-03 2.794884627785004187e-03
1.122010319241341370e-03 2.823717932856893188e-03
1.131031459334883070e-03 2.853029952697690684e-03
1.140125130818904617e-03 2.882830716873731672e-03
1.149291916857236601e-03 2.913130504737342086e-03
1.158532405302436022e-03 2.943939852640539787e-03
1.167847188733490277e-03 2.975269561386006695e-03
1.177236864493814116e-03 3.007130703924020421e-03
1.186702034729557754e-03 3.039534633304537270e-03
1.196243306428222469e-03 3.072492990893859171e-03
1.205861291457582373e-03 3.106017714865764220e-03
1.215556606604927328e-03 3.140121048977448891e-03
1.225329873616613774e-03 3.174815551640888887e-03
1.235181719237936696e-03 3.210114105300896931e-03
1.245112775253324035e-03 3.246029926131399103e-03
1.255123678526846170e-03 3.282576574062108336e-03
1.265215071043064533e-03 3.319767963148225615e-03
1.275387599948197247e-03 3.357618372296263844e-03
1.285641917591619785e-03 3.396142456359788498e-03
1.295978681567700646e-03 3.435355257619352679e-03
1.306398554757967493e-03 3.475272217661486661e-03
1.316902205373623709e-03 3.515909189672443771e-03
1.327490306998394985e-03 3.557282451162743168e-03
1.338163538631727614e-03 3.599408717139614741e-03
1.348922584732327240e-03 3.642305153744871196e-03
1.359768135262059280e-03 3.685989392376813525e-03
1.370700885730189800e-03 3.730479544315217985e-03
1.381721537237989156e-03 3.775794215869688296e-03
1.392830796523694507e-03 3.821952524072235249e-03
1.404029376007825567e-03 3.868974112936054456e-03
1.415317993838879386e-03 3.916879170303397967e-03
1.426697373939379886e-03 3.965688445306428216e-03
1.438168246052300798e-03 4.015423266466056421e-03
1.449731345787867200e-03 4.066105560454920734e-03
1.461387414670722211e-03 4.117757871551724555e-03
1.473137200187487478e-03 4.170403381815586570e-03
1.484981455834694661e-03 4.224065932010164295e-03
1.496920941167106164e-03 4.278770043308758805e-03
1.508956421846425295e-03 4.334540939813174773e-03
1.521088669690393502e-03 4.391404571920288699e-03
1.533318462722292217e-03 4.449387640572321709e-03
1.545646585220830909e-03 4.508517622428024132e-03
1.558073827770444300e-03 4.568822795994006980e-03
1.570600987311992049e-03 4.630332268757300293e-03
1.583228867193860233e-03 4.693076005361929669e-03
1.595958277223486757e-03 4.757084856874642387e-03
1.608790033719287261e-03 4.822390591186819300e-03
1.621724959563007346e-03 4.889025924601896750e-03
1.634763884252492206e-03 4.957024554660188417e-03
1.647907643954876723e-03 5.026421194255155898e-03
1.661157081560215958e-03 5.097251607098200396e-03
1.674513046735533065e-03 5.169552644591393284e-03
1.687976395979306956e-03 5.243362284170809823e-03
1.701547992676401885e-03 5.318719669186190366e-03
1.715228707153428761e-03 5.395665150385127971e-03
1.729019416734565084e-03 5.474240329075404088e-03
1.742921005797812457e-03 5.554488102039607453e-03
1.756934365831711422e-03 5.636452708282916821e-03
1.771060395492511652e-03 5.720179777697103479e-03
1.785300000661797738e-03 5.805716381728750000e-03
1.799654094504588540e-03 5.893111086143962979e-03
1.814123597527893435e-03 5.982414005986408552e-03
1.828709437639742565e-03 6.073676862830573557e-03
1.843412550208694796e-03 6.166953044438170349e-03
1.858233878123815783e-03 6.262297666928222720e-03
1.873174371855152376e-03 6.359767639582170756e-03
1.888234989514678882e-03 6.459421732406414943e-03
1.903416696917741621e-03 6.561320646584364868e-03
1.918720467644996139e-03 6.665527087955854489e-03
1.934147283104835141e-03 6.772105843669174938e-03
1.949698132596334879e-03 6.881123862158743977e-03
1.965374013372690742e-03 6.992650336609450810e-03
1.981175930705170434e-03 7.106756792077440626e-03
1.997104897947584758e-03 7.223517176446146368e-03
2.013161936601262549e-03 7.343007955405905784e-03
2.029348076380569667e-03 7.465308211656126146e-03
2.045664355278937335e-03 7.590499748538979616e-03
2.062111819635427390e-03 7.718667198326073682e-03
2.078691524201833982e-03 7.849898135390723924e-03
2.095404532210318280e-03 7.984283194511880566e-03
2.112251915441599581e-03 8.121916194569468034e-03
2.129234754293683318e-03 8.262894267904715567e-03
2.146354137851143318e-03 8.407317995635104832e-03
2.163611163954969573e-03 8.555291549229522563e-03
2.181006939272959414e-03 8.706922838666338385e-03
2.198542579370700665e-03 8.862323667515846493e-03
2.216219208783102093e-03 9.021609895307446114e-03
2.234037961086511506e-03 9.184901607563248499e-03
2.251999978971409768e-03 9.352323293901128320e-03
2.270106414315685960e-03 9.524004034634147089e-03
2.288358428258513173e-03 9.700077696317720155e-03
2.306757191274806315e-03 9.880683136722398507e-03
2.325303883250284462e-03 1.006596441973832932e-02
2.343999693557128217e-03 1.025607104074713165e-02
2.362845821130264180e-03 1.045115816302908708e-02
2.381843474544243985e-03 1.065138686580671505e-02
2.400993872090747844e-03 1.085692440456272057e-02
2.420298241856716926e-03 1.106794448430796843e-02
2.439757821803098959e-03 1.128462754651645555e-02
2.459373859844247393e-03 1.150716107048792639e-02
2.479147613927945061e-03 1.173573988994480038e-02
2.499080352116070988e-03 1.197056652572034419e-02
2.519173352665925961e-03 1.221185153544728993e-02
2.539427904112193015e-03 1.245981388121323793e-02
2.559845305349584856e-03 1.271468131620906439e-02
2.580426865716131408e-03 1.297669079146066343e-02
2.601173905077145201e-03 1.324608888380412151e-02
2.622087753909867636e-03 1.352313224633678451e-02
2.643169753388780949e-03 1.380808808265593379e-02
2.664421255471626643e-03 1.410123464628101897e-02
2.685843622986100031e-03 1.440286176674427168e-02
2.707438229717245171e-03 1.471327140393174915e-02
2.729206460495556697e-03 1.503277823235933154e-02
2.751149711285777715e-03 1.536171025717822207e-02
2.773269389276437555e-03 1.570040946382338445e-02
2.795566912970078640e-03 1.604923250334321094e-02
2.818043712274228424e-03 1.640855141558663841e-02
2.840701228593099908e-03 1.677875439256694759e-02
2.863540914920015105e-03 1.716024658447902473e-02
2.886564235930599593e-03 1.755345095101411290e-02
2.909772668076699570e-03 1.795880916079417924e-02
2.933167699681067837e-03 1.837678254194304722e-02
2.956750831032808283e-03 1.880785308701722960e-02
2.980523574483580178e-03 1.925252451574195958e-02
3.004487454544593934e-03 1.971132339923906476e-02
3.028644007984371885e-03 2.018480034968720555e-02
3.052994783927293586e-03 2.067353127963673237e-02
3.077541343952949499e-03 2.117811873549411972e-02
3.102285262196266633e-03 2.169919331001635837e-02
3.127228125448474217e-03 2.223741513899915589e-02
3.152371533258849137e-03 2.279347548771404677e-02
3.177717098037299241e-03 2.336809843305429069e-02
3.203266445157763702e-03 2.396204264777856280e-02
3.229021213062437373e-03 2.457610329371124475e-02
3.254983053366855995e-03 2.521111403126092415e-02
3.281153630965804972e-03 2.586794915316249777e-02
3.307534624140082494e-03 2.654752585093680256e-02
3.334127724664136087e-03 2.725080662319684377e-02
3.360934637914536182e-03 2.797880183561592127e-02
3.387957082979359096e-03 2.873257244311554909e-02
3.415196792768418303e-03 2.951323288563517666e-02
3.442655514124394727e-03 3.032195416971528862e-02
3.470335007934863443e-03 3.115996714906660303e-02
3.498237049245206398e-03 3.202856601831963190e-02
3.526363427372456675e-03 3.292911203525619723e-02
3.554715946020037438e-03 3.386303748802001190e-02
3.583296423393432864e-03 3.483184992511011158e-02
3.612106692316787576e-03 3.583713666736931813e-02
3.641148600350433730e-03 3.688056962271656081e-02
3.670424009909389104e-03 3.796391042603789595e-02
3.699934798382778500e-03 3.908901592846036888e-02
3.729682858254236132e-03 4.025784406220719869e-02
3.759670097223252131e-03 4.147246010937178512e-02
3.789898438327533436e-03 4.273504340528440359e-02
3.820369820066307504e-03 4.404789450968385478e-02
3.851086196524645174e-03 4.541344288167725729e-02
3.882049537498771016e-03 4.683425509748714161e-02
3.913261828622371583e-03 4.831304365328044359e-02
3.944725071493953607e-03 4.985267639896327763e-02
