2.497382406435652939e-25 9.768325619515944397e-18
1.592405960127358361e-24 3.089015920155193588e-17
1.015365822756892167e-23 9.768326876420302874e-17
6.474277161963938908e-23 3.089016721595150065e-16
4.128193389070159467e-22 9.768331986641967382e-16
2.632259977636328568e-21 3.089019980025807047e-15
1.678407946733001633e-20 9.768352763373603653e-15
1.070203270037972128e-19 3.089033227893325649e-14
6.823937180644061677e-19 9.768437235752100315e-14
4.351147109064984495e-18 3.089087090016611440e-13
1.915297948882004416e-17 7.759322488683919743e-13
8.060281057525431301e-17 1.949163039787816667e-12
3.231548868885900942e-16 4.896382250613372468e-12
4.345363206717196250e-16 6.163781780305984805e-12
1.185699981296668146e-15 1.229732179640797847e-11
3.167099671296256822e-15 2.454290871984140256e-11
8.312293945536222779e-15 4.898397135859626299e-11
2.151611673377367987e-14 9.773430848120292535e-11
5.516190296262407946e-14 1.950308160666369755e-10
7.219962673568143336e-14 2.455395918119563429e-10
1.345996703506809824e-13 3.892770603306517574e-10
2.502777173064534741e-13 6.169465998965407740e-10
3.411676113431318569e-13 7.768626451909397954e-10
4.161104603351930561e-13 9.006720410829545173e-10
5.668224300832851639e-13 1.192414995932578561e-09
1.051017683769589897e-12 1.890432911212288601e-09
1.946696275912857264e-12 3.094630240399093478e-09
3.604197434436283020e-12 4.906521065391501087e-09
4.678350727597027810e-12 5.964785761620009416e-09
6.363945126095426008e-12 7.510858710852283575e-09
8.659328086403540721e-12 9.798092857573101657e-09
1.177437263656969924e-11 1.233578754396143564e-08
1.601314678573479096e-11 1.553407705195085344e-08
2.068158225216417963e-11 1.881943995759334440e-08
2.812629084553211013e-11 2.462793118627416045e-08
3.823985723652250255e-11 3.101071367919697201e-08
4.915490723856361436e-11 3.744047090307774978e-08
6.683712298751739095e-11 4.918310976261355027e-08
9.088989403667837668e-11 6.194746997419662658e-08
1.198094057756214983e-10 7.622496704508910767e-08
1.235276287134856064e-10 8.111821537560480725e-08
1.679810496150610554e-10 1.052041443179145334e-07
2.145827771029579730e-10 1.264403182978826954e-07
2.389577941400671919e-10 1.370814666799720085e-07
2.718434103460653354e-10 1.558050328926489486e-07
3.695913600236930604e-10 2.029070399259184632e-07
4.805596579248377059e-10 2.471473550088626382e-07
6.228436556804378813e-10 3.112918511513913844e-07
6.449051117784316288e-10 3.195404339442749206e-07
6.519284217721749412e-10 3.221516175955882510e-07
6.901021772675798839e-10 3.362246542759246589e-07
7.517420508597271333e-10 3.585491157042282318e-07
7.842145311837404764e-10 3.701260768930860222e-07
8.123077711587138292e-10 3.800461204279264704e-07
8.948523203792971162e-10 4.248355205313744057e-07
1.780367769825735293e-09 1.571243743291283042e-06
2.831798589477310162e-09 2.360915204371286954e-06
4.352717025416528164e-09 3.331634749736530039e-06
6.442936706730940560e-09 4.497300351158025239e-06
9.210451352971400048e-09 5.875749191388290656e-06
1.726412223638507203e-08 9.359364509061765243e-06
2.961440629244172500e-08 1.399035730184682620e-05
4.760234259406434222e-08 2.000744564924680080e-05
7.280858902572716169e-08 2.762541866450402925e-05
1.069774052811704485e-07 3.692082460755834189e-05
1.786399553702715184e-07 5.352425790188030335e-05
3.179080611873818725e-07 7.810458603098302793e-05
4.169532575344421554e-07 9.195064971249766836e-05
4.437988271458211392e-07 9.546604737380116803e-05
8.192319285407806845e-07 1.258634192745901824e-04
1.169731459717902435e-06 1.514792406925128136e-04
1.179136285314402622e-06 1.519298916946576212e-04
1.188616727193397260e-06 1.523811215837200513e-04
1.198173393321734838e-06 1.528329292637923967e-04
1.207806896554413058e-06 1.532853136522632537e-04
1.217517854673880735e-06 1.537382736799557028e-04
1.227306890429655442e-06 1.541918082912650302e-04
1.237174631578258564e-06 1.546459164442963669e-04
1.247121710923473299e-06 1.551005971110013795e-04
1.257148766356925577e-06 1.555558492773153950e-04
1.267256440898989826e-06 1.560116719432934405e-04
1.277445382740026346e-06 1.564680641232465009e-04
1.287716245281948605e-06 1.569250248458768811e-04
1.298069687180123838e-06 1.573825531544139483e-04
1.308506372385612468e-06 1.578406481067487358e-04
1.319026970187747387e-06 1.582993087755688174e-04
1.329632155257051640e-06 1.587585342484925321e-04
1.340322607688506980e-06 1.592183236282028827e-04
1.351099013045166538e-06 1.596786760325813806e-04
1.361962062402117103e-06 1.601395905948412674e-04
1.372912452390799274e-06 1.606010664636605464e-04
1.383950885243680615e-06 1.610631028033146343e-04
1.395078068839287945e-06 1.615256987938088243e-04
1.406294716747603862e-06 1.619888536310103416e-04
1.417601548275825366e-06 1.624525665267799923e-04
1.428999288514493698e-06 1.629168367091039489e-04
1.440488668383991788e-06 1.633816634222245588e-04
1.452070424681418850e-06 1.638470459267715870e-04
1.463745300127838301e-06 1.643129834998925372e-04
1.475514043415908328e-06 1.647794754353832172e-04
1.487377409257894050e-06 1.652465210438176530e-04
1.499336158434066551e-06 1.657141196526780305e-04
1.511391057841491134e-06 1.661822706064840140e-04
1.523542880543205420e-06 1.666509732669222809e-04
1.535792405817796181e-06 1.671202270129752980e-04
1.548140419209373444e-06 1.675900312410503416e-04
1.560587712577945653e-06 1.680603853651079210e-04
1.573135084150200565e-06 1.685312888167900670e-04
1.585783338570695266e-06 1.690027410455484575e-04
1.598533286953454871e-06 1.694747415187722989e-04
1.611385746933990096e-06 1.699472897219160181e-04
1.624341542721730497e-06 1.704203851586266836e-04
1.637401505152878691e-06 1.708940273508711548e-04
1.650566471743692333e-06 1.713682158390633680e-04
1.663837286744191716e-06 1.718429501821909706e-04
1.677214801192300004e-06 1.723182299579421731e-04
1.690699872968420952e-06 1.727940547628323568e-04
1.704293366850450729e-06 1.732704242123301935e-04
1.717996154569237193e-06 1.737473379409840363e-04
1.731809114864481941e-06 1.742247956025480397e-04
1.745733133541091302e-06 1.747027968701079809e-04
1.759769103525984712e-06 1.751813414362069735e-04
1.773917924925353510e-06 1.756604290129714242e-04
1.788180505082385383e-06 1.761400593322363939e-04
1.802557758635450876e-06 1.766202321456710671e-04
1.817050607576756605e-06 1.771009472249042481e-04
1.831659981311473035e-06 1.775822043616494511e-04
1.846386816717334252e-06 1.780640033678302606e-04
1.861232058204719286e-06 1.785463440757054489e-04
1.876196657777216444e-06 1.790292263379939571e-04
1.891281575092671520e-06 1.795126500279999309e-04
1.906487777524732785e-06 1.799966150397378645e-04
1.921816240224884288e-06 1.804811212880573653e-04
1.937267946184981880e-06 1.809661687087681082e-04
1.952843886300291732e-06 1.814517572587648168e-04
1.968545059433033688e-06 1.819378869161521911e-04
1.984372472476438345e-06 1.824245576803697254e-04
2.000327140419316375e-06 1.829117695723168533e-04
2.016410086411148346e-06 1.833995226344775761e-04
2.032622341827698859e-06 1.838878169310459324e-04
2.048964946337155423e-06 1.843766525480505455e-04
2.065438947966803502e-06 1.848660295934802830e-04
2.082045403170232644e-06 1.853559481974090479e-04
2.098785376895085150e-06 1.858464085121211938e-04
2.115659942651351483e-06 1.863374107122368862e-04
2.132670182580212033e-06 1.868289549948377610e-04
2.149817187523432404e-06 1.873210415795922585e-04
2.167102057093318593e-06 1.878136707088813909e-04
2.184525899743233335e-06 1.883068426479248350e-04
2.202089832838678258e-06 1.888005576849066723e-04
2.219794982728952445e-06 1.892948161311017803e-04
2.237642484819378091e-06 1.897896183210021688e-04
2.255633483644117805e-06 1.902849646124433981e-04
2.273769132939568318e-06 1.907808553867315117e-04
2.292050595718349241e-06 1.912772910487698340e-04
2.310479044343886430e-06 1.917742720271864182e-04
2.329055660605590816e-06 1.922717987744611420e-04
2.347781635794647955e-06 1.927698717670538056e-04
2.366658170780412770e-06 1.932684915055316618e-04
2.385686476087418828e-06 1.937676585146980558e-04
2.404867771973008480e-06 1.942673733437207139e-04
2.424203288505584733e-06 1.947676365662605194e-04
2.443694265643496700e-06 1.952684487806010478e-04
2.463341953314551850e-06 1.957698106097775868e-04
2.483147611496176244e-06 1.962717227017074029e-04
2.503112510296213005e-06 1.967741857293195211e-04
2.523237930034373857e-06 1.972772003906857771e-04
2.543525161324340756e-06 1.977807674091513557e-04
2.563975505156534984e-06 1.982848875334665482e-04
2.584590272981545662e-06 1.987895615379182122e-04
2.605370786794232919e-06 1.992947902224622607e-04
2.626318379218502337e-06 1.998005744128562606e-04
2.647434393592767617e-06 2.003069149607925178e-04
2.668720184056093820e-06 2.008138127440318413e-04
2.690177115635039853e-06 2.013212686665375231e-04
2.711806564331192541e-06 2.018292836586101861e-04
2.733609917209407556e-06 2.023378586770226855e-04
2.755588572486763552e-06 2.028469947051560413e-04
2.777743939622223136e-06 2.033566927531356948e-04
2.800077439407021875e-06 2.038669538579681456e-04
2.822590504055782361e-06 2.043777790836786450e-04
2.845284577298357567e-06 2.048891695214490798e-04
2.868161114472416632e-06 2.054011262897568037e-04
2.891221582616773915e-06 2.059136505345137683e-04
2.914467460565466406e-06 2.064267434292065473e-04
2.937900239042590917e-06 2.069404061750372017e-04
2.961521420757901075e-06 2.074546400010642802e-04
2.985332520503174676e-06 2.079694461643451209e-04
3.009335065249355241e-06 2.084848259500785863e-04
3.033530594244469449e-06 2.090007806717485031e-04
3.057920659112347548e-06 2.095173116712680515e-04
3.082506823952115433e-06 2.100344203191249119e-04
3.107290665438504937e-06 2.105521080145269011e-04
3.132273772922961193e-06 2.110703761855489084e-04
3.157457748535566533e-06 2.115892262892803740e-04
3.182844207287780502e-06 2.121086598119736085e-04
3.208434777176009961e-06 2.126286782691930871e-04
3.234231099286012679e-06 2.131492832059656928e-04
3.260234827898132279e-06 2.136704761969317461e-04
3.286447630593387425e-06 2.141922588464969558e-04
3.312871188360412267e-06 2.147146327889854812e-04
3.339507195703254094e-06 2.152375996887937804e-04
3.366357360750043421e-06 2.157611612405456512e-04
3.393423405362525944e-06 2.162853191692481396e-04
3.420707065246490641e-06 2.168100752304484504e-04
3.448210090063074143e-06 2.173354312103920245e-04
3.475934243540963372e-06 2.178613889261817266e-04
3.503881303589506206e-06 2.183879502259378463e-04
3.532053062412719149e-06 2.189151169889597256e-04
3.560451326624222924e-06 2.194428911258879285e-04
3.589077917363095406e-06 2.199712745788680638e-04
3.617934670410663488e-06 2.205002693217155026e-04
3.647023436308221181e-06 2.210298773600814239e-04
3.676346080475712479e-06 2.215601007316200799e-04
3.705904483331347663e-06 2.220909415061570911e-04
3.735700540412196646e-06 2.226224017858595579e-04
3.765736162495749217e-06 2.231544837054067680e-04
3.796013275722443437e-06 2.236871894321627743e-04
3.826533821719196502e-06 2.242205211663500031e-04
3.857299757723908419e-06 2.247544811412245690e-04
3.888313056710981281e-06 2.252890716232522686e-04
3.919575707517843539e-06 2.258242949122869314e-04
3.951089714972489452e-06 2.263601533417494217e-04
3.982857100022049366e-06 2.268966492788086460e-04
4.014879899862384910e-06 2.274337851245636453e-04
4.047160168068735359e-06 2.279715633142273936e-04
4.079699974727410079e-06 2.285099863173122514e-04
4.112501406568536380e-06 2.290490566378165294e-04
4.145566567099882249e-06 2.295887768144133027e-04
4.178897576741753124e-06 2.301291494206401998e-04
4.212496572962964402e-06 2.306701770650912528e-04
4.246365710417921009e-06 2.312118623916101018e-04
4.280507161084786269e-06 2.317542080794854223e-04
4.314923114404773078e-06 2.322972168436471664e-04
4.349615777422549785e-06 2.328408914348655944e-04
4.384587374927767534e-06 2.333852346399512565e-04
4.419840149597739579e-06 2.339302492819572232e-04
4.455376362141259004e-06 2.344759382203828887e-04
4.491198291443572655e-06 2.350223043513799957e-04
4.527308234712529891e-06 2.355693506079599897e-04
4.563708507625885851e-06 2.361170799602038662e-04
4.600401444479818520e-06 2.366654954154734543e-04
4.637389398338607915e-06 2.372146000186252488e-04
4.674674741185548565e-06 2.377643968522256241e-04
4.712259864075050362e-06 2.383148890367683254e-04
4.750147177285983719e-06 2.388660797308943718e-04
4.788339110476235972e-06 2.394179721316134774e-04
4.826838112838531564e-06 2.399705694745279938e-04
4.865646653257487202e-06 2.405238750340588300e-04
4.904767220467945178e-06 2.410778921236735690e-04
4.944202323214568783e-06 2.416326240961170233e-04
4.983954490412720118e-06 2.421880743436435792e-04
5.024026271310645729e-06 2.427442462982523066e-04
5.064420235652946340e-06 2.433011434319242632e-04
5.105138973845376435e-06 2.438587692568617237e-04
5.146185097120961812e-06 2.444171273257305537e-04
5.187561237707454616e-06 2.449762212319043174e-04
5.229270048996132598e-06 2.455360546097112048e-04
5.271314205711958725e-06 2.460966311346834252e-04
5.313696404085106192e-06 2.466579545238087963e-04
5.356419362023864106e-06 2.472200285357854777e-04
5.399485819288936542e-06 2.477828569712786557e-04
5.442898537669133265e-06 2.483464436731804264e-04
5.486660301158480933e-06 2.489107925268717932e-04
5.530773916134760702e-06 2.494759074604880255e-04
5.575242211539471386e-06 2.500417924451860227e-04
5.620068039059251211e-06 2.506084514954150938e-04
5.665254273308747141e-06 2.511758886691900679e-04
5.710803812014961442e-06 2.517441080683677657e-04
5.756719576203078847e-06 2.523131138389256940e-04
5.803004510383787893e-06 2.528829101712444256e-04
5.849661582742109976e-06 2.534535013003923654e-04
5.896693785327740363e-06 2.540248915064137144e-04
5.944104134246926558e-06 2.545970851146197407e-04
5.991895669855886591e-06 2.551700864958828148e-04
6.040071456955782443e-06 2.557439000669335899e-04
6.088634584989259645e-06 2.563185302906616507e-04
6.137588168238575056e-06 2.568939816764191988e-04
6.186935346025302678e-06 2.574702587803279360e-04
6.236679282911658128e-06 2.580473662055893626e-04
6.286823168903436733e-06 2.586253086027982210e-04
6.337370219654582141e-06 2.592040906702601662e-04
6.388323676673408358e-06 2.597837171543113891e-04
6.439686807530465864e-06 2.603641928496431722e-04
6.491462906068086554e-06 2.609455225996292643e-04
6.543655292611613428e-06 2.615277112966568336e-04
6.596267314182333658e-06 2.621107638824614859e-04
6.649302344712109966e-06 2.626946853484652105e-04
6.702763785259754339e-06 2.632794807361190964e-04
6.756655064229124618e-06 2.638651551372487051e-04
6.810979637588987986e-06 2.644517136944041593e-04
6.865740989094646299e-06 2.650391616012135387e-04
6.920942630511343564e-06 2.656275041027406666e-04
6.976588101839472515e-06 2.662167464958466374e-04
7.032680971541586224e-06 2.668068941295551381e-04
7.089224836771240143e-06 2.673979524054221073e-04
7.146223323603671362e-06 2.679899267779098935e-04
7.203680087268335412e-06 2.685828227547649907e-04
7.261598812383310777e-06 2.691766458974001117e-04
7.319983213191585505e-06 2.697714018212811395e-04
7.378837033799248809e-06 2.703670961963177116e-04
7.438164048415591019e-06 2.709637347472587362e-04
7.497968061595143255e-06 2.715613232540918130e-04
7.558252908481655942e-06 2.721598675524482367e-04
7.619022455054041608e-06 2.727593735340113614e-04
7.680280598374289566e-06 2.733598471469302787e-04
7.742031266837387223e-06 2.739612943962383188e-04
7.804278420423235298e-06 2.745637213442759985e-04
7.867026050950595928e-06 2.751671341111186302e-04
7.930278182333090584e-06 2.757715388750098403e-04
7.994038870837236803e-06 2.763769418727986650e-04
8.058312205342577086e-06 2.769833494003823933e-04
8.123102307603889807e-06 2.775907678131551005e-04
8.188413332515509231e-06 2.781992035264597616e-04
8.254249468377785140e-06 2.788086630160474641e-04
8.320614937165656650e-06 2.794191528185400379e-04
8.387513994799406295e-06 2.800306795318998937e-04
8.454950931417592674e-06 2.806432498159036571e-04
8.522930071652161675e-06 2.812568703926224159e-04
8.591455774905781996e-06 2.818715480469072255e-04
8.660532435631418540e-06 2.824872896268797650e-04
8.730164483614113167e-06 2.831041020444296607e-04
8.800356384255094794e-06 2.837219922757167967e-04
8.871112638858122268e-06 2.843409673616798601e-04
8.942437784918131176e-06 2.849610344085506323e-04
9.014336396412255727e-06 2.855822005883747856e-04
9.086813084093105439e-06 2.862044731395380461e-04
9.159872495784486369e-06 2.868278593672989171e-04
9.233519316679439815e-06 2.874523666443281776e-04
9.307758269640683209e-06 2.880780024112534771e-04
9.382594115503515878e-06 2.887047741772117912e-04
9.458031653381091409e-06 2.893326895204070262e-04
9.534075720972190460e-06 2.899617560886755393e-04
9.610731194871473683e-06 2.905919816000570796e-04
9.688002990882163933e-06 2.912233738433734264e-04
9.765896064331344123e-06 2.918559406788136419e-04
9.844415410387686056e-06 2.924896900385257742e-04
9.923566064381827084e-06 2.931246299272163673e-04
1.000335310212925229e-05 2.937607684227566923e-04
1.008378164025579063e-05 2.943981136767958098e-04
1.016485683652577409e-05 2.950366739153820889e-04
1.024658389017274652e-05 2.956764574395907429e-04
1.032896804223293028e-05 2.963174726261599856e-04
1.041201457588130860e-05 2.969597279281343421e-04
1.049572881677040322e-05 2.976032318755152247e-04
1.058011613337185393e-05 2.982479930759200735e-04
1.066518193732063076e-05 2.988940202152495741e-04
1.075093168376212436e-05 2.995413220583617608e-04
1.083737087170193842e-05 3.001899074497548468e-04
1.092450504435856371e-05 3.008397853142587828e-04
1.101233978951884391e-05 3.014909646577346213e-04
1.110088073989629257e-05 3.021434545677822298e-04
1.119013357349234927e-05 3.027972642144567315e-04
1.128010401396046829e-05 3.034524028509936197e-04
1.137079783097319046e-05 3.041088798145428172e-04
1.146222084059213228e-05 3.047667045269114084e-04
1.155437890564095480e-05 3.054258864953152087e-04
1.164727793608136500e-05 3.060864353131399827e-04
1.174092388939207487e-05 3.067483606607114988e-04
1.183532277095087433e-05 3.074116723060755043e-04
1.193048063441974994e-05 3.080763801057861571e-04
1.202640358213306319e-05 3.087424940057051370e-04
1.212309776548893396e-05 3.094100240418102437e-04
1.222056938534366472e-05 3.100789803410134815e-04
1.231882469240944292e-05 3.107493731219895523e-04
1.241786998765517047e-05 3.114212126960149199e-04
1.251771162271051372e-05 3.120945094678155476e-04
1.261835600027326873e-05 3.127692739364273207e-04
1.271980957451990794e-05 3.134455166960651976e-04
1.282207885151952010e-05 3.141232484370041784e-04
1.292517038965101638e-05 3.148024799464704099e-04
1.302909080002369404e-05 3.154832221095440017e-04
1.313384674690123066e-05 3.161654859100722489e-04
1.323944494812901903e-05 3.168492824315946739e-04
1.334589217556500875e-05 3.175346228582793433e-04
1.345319525551393602e-05 3.182215184758707856e-04
1.356136106916511594e-05 3.189099806726501608e-04
1.367039655303371965e-05 3.196000209404060012e-04
1.378030869940557496e-05 3.202916508754186662e-04
1.389110455678561277e-05 3.209848821794564536e-04
1.400279123034983536e-05 3.216797266607830945e-04
1.411537588240100145e-05 3.223761962351799387e-04
1.422886573282790614e-05 3.230743029269788204e-04
1.434326805956838434e-05 3.237740588701091800e-04
1.445859019907605304e-05 3.244754763091578726e-04
1.457483954679075679e-05 3.251785676004420936e-04
1.469202355761286213e-05 3.258833452130959667e-04
1.481014974638130768e-05 3.265898217301711716e-04
1.492922568835550835e-05 3.272980098497505277e-04
1.504925901970118293e-05 3.280079223860763783e-04
1.517025743798000687e-05 3.287195722706929592e-04
1.529222870264328174e-05 3.294329725536033517e-04
1.541518063552952135e-05 3.301481364044403662e-04
1.553912112136604092e-05 3.308650771136533645e-04
1.566405810827463578e-05 3.315838080937093387e-04
1.578999960828122412e-05 3.323043428803093319e-04
1.591695369782969110e-05 3.330266951336207965e-04
1.604492851829982235e-05 3.337508786395246979e-04
1.617393227652935074e-05 3.344769073108796943e-04
1.630397324534030599e-05 3.352047951888015493e-04
1.643505976406949115e-05 3.359345564439588077e-04
1.656720023910331270e-05 3.366662053778861439e-04
1.670040314441684925e-05 3.373997564243129974e-04
1.683467702211725712e-05 3.381352241505105314e-04
1.697003048299161086e-05 3.388726232586550171e-04
1.710647220705904339e-05 3.396119685872092155e-04
1.724401094412743641e-05 3.403532751123213235e-04
1.738265551435449834e-05 3.410965579492422433e-04
1.752241480881339269e-05 3.418418323537601440e-04
1.766329779006292668e-05 3.425891137236552987e-04
1.780531349272227668e-05 3.433384176001717260e-04
1.794847102405041297e-05 3.440897596695098115e-04
1.809277956453007131e-05 3.448431557643364385e-04
1.823824836845653916e-05 3.455986218653161524e-04
1.838488676453110384e-05 3.463561741026618414e-04
1.853270415645926112e-05 3.471158287577045523e-04
1.868171002355381623e-05 3.478776022644858583e-04
1.883191392134269773e-05 3.486415112113690922e-04
1.898332548218183670e-05 3.494075723426720462e-04
1.913595441587280282e-05 3.501758025603221689e-04
1.928981051028550236e-05 3.509462189255318750e-04
1.944490363198587022e-05 3.517188386604966767e-04
1.960124372686857305e-05 3.524936791501155414e-04
1.975884082079485221e-05 3.532707579437344516e-04
1.991770502023547252e-05 3.540500927569108897e-04
2.007784651291878047e-05 3.548317014732041809e-04
2.023927556848410201e-05 3.556156021459876289e-04
2.040200253914025984e-05 3.564018130002855880e-04
2.056603786032948122e-05 3.571903524346347128e-04
2.073139205139661165e-05 3.579812390229687898e-04
2.089807571626365115e-05 3.587744915165306191e-04
2.106609954410985068e-05 3.595701288458075327e-04
2.123547431005710738e-05 3.603681701224934202e-04
2.140621087586103174e-05 3.611686346414768852e-04
2.157832019060745593e-05 3.619715418828562889e-04
2.175181329141458015e-05 3.627769115139803271e-04
2.192670130414079056e-05 3.635847633915182059e-04
2.210299544409811856e-05 3.643951175635551875e-04
2.228070701677149033e-05 3.652079942717181686e-04
2.245984741854369218e-05 3.660234139533282013e-04
2.264042813742625493e-05 3.668413972435841303e-04
2.282246075379612527e-05 3.676619649777728479e-04
2.300595694113829001e-05 3.684851381935121280e-04
2.319092846679443124e-05 3.693109381330220305e-04
2.337738719271748023e-05 3.701393862454274751e-04
2.356534507623237498e-05 3.709705041890925831e-04
2.375481417080282156e-05 3.718043138339863522e-04
2.394580662680425570e-05 3.726408372640797190e-04
2.413833469230309956e-05 3.734800967797769367e-04
2.433241071384210021e-05 3.743221149003785574e-04
2.452804713723220035e-05 3.751669143665791080e-04
2.472525650835062975e-05 3.760145181429984319e-04
2.492405147394542386e-05 3.768649494207472906e-04
2.512444478244649858e-05 3.777182316200296654e-04
2.532644928478311832e-05 3.785743883927789955e-04
2.553007793520809297e-05 3.794334436253317118e-04
2.573534379212844952e-05 3.802954214411379593e-04
2.594226001894285970e-05 3.811603462035084776e-04
2.615083988488582010e-05 3.820282425184007833e-04
2.636109676587854080e-05 3.828991352372429209e-04
2.657304414538677292e-05 3.837730494597973822e-04
2.678669561528546661e-05 3.846500105370635162e-04
2.700206487673035104e-05 3.855300440742216793e-04
2.721916574103666671e-05 3.864131759336171773e-04
2.743801213056474851e-05 3.872994322377866527e-04
2.765861807961296113e-05 3.881888393725265395e-04
2.788099773531762073e-05 3.890814239900047778e-04
2.810516535856023498e-05 3.899772130119148121e-04
2.833113532488208520e-05 3.908762336326759390e-04
2.855892212540604553e-05 3.917785133226769695e-04
2.878854036776591700e-05 3.926840798315665653e-04
2.902000477704319513e-05 3.935929611915893835e-04
2.925333019671132195e-05 3.945051857209694378e-04
2.948853158958764938e-05 3.954207820273417605e-04
2.972562403879290395e-05 3.963397790112326924e-04
2.996462274871852549e-05 3.972622058695886348e-04
3.020554304600161230e-05 3.981880920993562480e-04
3.044840038050788586e-05 3.991174675011128483e-04
3.069321032632241789e-05 4.000503621827487376e-04
3.093998858274836007e-05 4.009868065632021176e-04
3.118875097531378167e-05 4.019268313762484847e-04
3.143951345678644210e-05 4.028704676743415786e-04
3.169229210819691182e-05 4.038177468325132038e-04
3.194710313986979773e-05 4.047687005523262845e-04
3.220396289246320841e-05 4.057233608658855455e-04
3.246288783801681171e-05 4.066817601399075528e-04
3.272389458100798999e-05 4.076439310798468619e-04
3.298699985941681124e-05 4.086099067340847246e-04
3.325222054579932146e-05 4.095797204981761796e-04
3.351957364836957167e-05 4.105534061191607863e-04
3.378907631209035240e-05 4.115309976999343995e-04
3.406074581977262887e-05 4.125125297036856694e-04
3.433459959318395480e-05 4.134980369583975417e-04
3.461065519416560719e-05 4.144875546614134286e-04
3.488893032575882168e-05 4.154811183840708181e-04
3.516944283334014193e-05 4.164787640764041634e-04
3.545221070576567307e-05 4.174805280719142342e-04
3.573725207652482186e-05 4.184864470924098924e-04
3.602458522490313065e-05 4.194965582529206123e-04
3.631422857715440157e-05 4.205108990666812626e-04
3.660620070768251077e-05 4.215295074501906685e-04
3.690052034023241128e-05 4.225524217283459596e-04
3.719720634909097501e-05 4.235796806396524322e-04
3.749627776029726054e-05 4.246113233415098483e-04
3.779775375286273522e-05 4.256473894155808624e-04
3.810165366000114670e-05 4.266879188732355596e-04
3.840799697036828097e-05 4.277329521610799112e-04
3.871680332931185778e-05 4.287825301665665746e-04
3.902809254013121765e-05 4.298366942236889611e-04
3.934188456534743768e-05 4.308954861187626892e-04
3.965819952798337446e-05 4.319589480962922573e-04
3.997705771285414250e-05 4.330271228649265115e-04
4.029847956786802811e-05 4.341000536035059462e-04
4.062248570533766925e-05 4.351777839671985295e-04
4.094909690330198263e-05 4.362603580937313716e-04
4.127833410685863459e-05 4.373478206097154188e-04
4.161021842950708981e-05 4.384402166370665317e-04
4.194477115450277976e-05 4.395375917995251731e-04
4.228201373622178126e-05 4.406399922292755702e-04
4.262196780153681129e-05 4.417474645736647865e-04
4.296465515120405034e-05 4.428600560020268533e-04
4.331009776126113983e-05 4.439778142126101163e-04
4.365831778443661775e-05 4.451007874396115940e-04
4.400933755157036587e-05 4.462290244603208940e-04
4.436317957304582047e-05 4.473625746023713570e-04
4.471986654023345198e-05 4.485014877511074279e-04
4.507942132694584567e-05 4.496458143570631022e-04
4.544186699090476940e-05 4.507956054435573591e-04
4.580722677521960535e-05 4.519509126144083139e-04
4.617552410987807373e-05 4.531117880617668500e-04
4.654678261324871340e-05 4.542782845740732530e-04
4.692102609359536324e-05 4.554504555441365771e-04
4.729827855060420667e-05 4.566283549773433566e-04
4.767856417692256627e-05 4.578120374999922475e-04
4.806190735971054614e-05 4.590015583677625136e-04
4.844833268220487157e-05 4.601969734743131596e-04
4.883786492529529870e-05 4.613983393600202447e-04
4.923052906911392609e-05 4.626057132208503736e-04
4.962635029463701542e-05 4.638191529173767581e-04
5.002535398529987668e-05 4.650387169839361725e-04
5.042756572862460801e-05 4.662644646379341187e-04
5.083301131786107638e-05 4.674964557892951115e-04
5.124171675364094249e-05 4.687347510500669209e-04
5.165370824564498759e-05 4.699794117441768201e-04
5.206901221428406046e-05 4.712304999173441201e-04
5.248765529239317725e-05 4.724880783471518118e-04
5.290966432693962774e-05 4.737522105532815430e-04
5.333506638074458000e-05 4.750229608079118218e-04
5.376388873421844084e-05 4.763003941462850849e-04
5.419615888711057513e-05 4.775845763774459610e-04
5.463190456027251671e-05 4.788755740951519224e-04
5.507115369743593796e-05 4.801734546889636435e-04
5.551393446700451077e-05 4.814782863555144149e-04
5.596027526386024829e-05 4.827901381099622999e-04
5.641020471118458516e-05 4.841090797976324600e-04
5.686375166229377590e-05 4.854351821058460175e-04
5.732094520248934343e-05 4.867685165759466767e-04
5.778181465092325917e-05 4.881091556155225009e-04
5.824638956247798349e-05 4.894571725108295144e-04
5.871469972966203058e-05 4.908126414394211939e-04
5.918677518452029201e-05 4.921756374829857478e-04
5.966264620056008802e-05 4.935462366403957357e-04
6.014234329469252637e-05 4.949245158409749630e-04
6.062589722918944660e-05 4.963105529579867146e-04
6.111333901365628176e-05 4.977044268223441417e-04
6.160469990702049871e-05 4.991062172365523433e-04
6.210001141953639639e-05 5.005160049888823575e-04
6.259930531480551656e-05 5.019338718677824858e-04
6.310261361181395453e-05 5.033599006765318270e-04
6.360996858698543153e-05 5.047941752481419856e-04
6.412140277625118570e-05 5.062367804605064124e-04
6.463694897713649211e-05 5.076878022518102780e-04
6.515664025086390651e-05 5.091473276361975194e-04
6.568050992447347692e-05 5.106154447197057931e-04
6.620859159295989583e-05 5.120922427164709611e-04
6.674091912142691833e-05 5.135778119652095654e-04
6.727752664725896489e-05 5.150722439459797268e-04
6.781844858231057273e-05 5.165756312972314161e-04
6.836371961511297768e-05 5.180880678331484853e-04
6.891337471309863950e-05 5.196096485612861429e-04
6.946744912484381922e-05 5.211404697005162347e-04
7.002597838232865279e-05 5.226806286992768599e-04
7.058899830321623892e-05 5.242302242541420441e-04
7.115654499314923674e-05 5.257893563287112512e-04
7.172865484806539643e-05 5.273581261728243737e-04
7.230536455653160249e-05 5.289366363421152102e-04
7.288671110209645702e-05 5.305249907179016965e-04
7.347273176566228357e-05 5.321232945274262252e-04
7.406346412787568462e-05 5.337316543644493073e-04
7.465894607153760094e-05 5.353501782102026464e-04
7.525921578403273768e-05 5.369789754547139859e-04
7.586431175977823493e-05 5.386181569185032958e-04
7.647427280269254518e-05 5.402678348746660190e-04
7.708913802868375858e-05 5.419281230713427280e-04
7.770894686815804024e-05 5.435991367545912369e-04
7.833373906854823360e-05 5.452809926916603019e-04
7.896355469686271134e-05 5.469738091946824751e-04
7.959843414225505650e-05 5.486777061447842664e-04
8.023841811861400462e-05 5.503928050166332405e-04
8.088354766717432455e-05 5.521192289034193351e-04
8.153386415914889540e-05 5.538571025422867750e-04
8.218940929838150532e-05 5.556065523402251450e-04
8.285022512402155117e-05 5.573677064004246102e-04
8.351635401321985295e-05 5.591406945491088354e-04
8.418783868384615242e-05 5.609256483628533019e-04
8.486472219722868864e-05 5.627227011963998639e-04
8.554704796091536277e-05 5.645319882109758923e-04
8.623485973145787438e-05 5.663536464031310169e-04
8.692820161721736562e-05 5.681878146341002482e-04
8.762711808119318601e-05 5.700346336597048643e-04
8.833165394387434413e-05 5.718942461607998433e-04
8.904185438611334814e-05 5.737667967742836718e-04
8.975776495202416976e-05 5.756524321246799620e-04
9.047943155190259700e-05 5.775513008562994412e-04
9.120690046517037166e-05 5.794635536659990122e-04
9.194021834334320628e-05 5.813893433365501353e-04
9.267943221302215218e-05 5.833288247706235790e-04
9.342458947890976855e-05 5.852821550254124405e-04
9.417573792684983238e-05 5.872494933478978815e-04
9.493292572689191714e-05 5.892310012107764439e-04
9.569620143638017640e-05 5.912268423490613057e-04
9.646561400306768747e-05 5.932371827973727642e-04
9.724121276825516244e-05 5.952621909279291138e-04
9.802304746995511094e-05 5.973020374892583015e-04
9.881116824608163066e-05 5.993568956456394670e-04
9.960562563766527013e-05 6.014269410172946428e-04
1.004064705920947661e-04 6.035123517213449246e-04
1.012137544663837310e-04 6.056133084135464006e-04
1.020275290304643509e-04 6.077299943308236193e-04
1.028478464705072804e-04 6.098625953346198955e-04
1.036747593922679781e-04 6.120112999550742124e-04
1.045083208244607304e-04 6.141762994360563770e-04
1.053485842221590078e-04 6.163577877810617325e-04
1.061956034702234679e-04 6.185559617999995775e-04
1.070494328867576739e-04 6.207710211568855932e-04
1.079101272265910129e-04 6.230031684184586614e-04
1.087777416847906430e-04 6.252526091037479859e-04
1.096523319002006957e-04 6.275195517346039611e-04
1.105339539590103579e-04 6.298042078872196758e-04
1.114226643983507532e-04 6.321067922446600750e-04
1.123185202099201619e-04 6.344275226504234987e-04
1.132215788436393946e-04 6.367666201630627033e-04
1.141318982113356405e-04 6.391243091118763153e-04
1.150495366904562798e-04 6.415008171537105088e-04
1.159745531278127289e-04 6.438963753308817473e-04
1.169070068433536805e-04 6.463112181302532256e-04
1.178469576339699620e-04 6.487455835434900557e-04
1.187944657773286951e-04 6.511997131285172675e-04
1.197495920357389908e-04 6.536738520722087031e-04
1.207123976600485996e-04 6.561682492543343456e-04
1.216829443935714335e-04 6.586831573127955707e-04
1.226612944760477504e-04 6.612188327101765125e-04
1.236475106476350207e-04 6.637755358016407059e-04
1.246416561529314557e-04 6.663535309042044504e-04
1.256437947450319539e-04 6.689530863674182258e-04
1.266539906896160719e-04 6.715744746454892309e-04
1.276723087690698351e-04 6.742179723708744245e-04
1.286988142866398051e-04 6.768838604293842941e-04
1.297335730706209453e-04 6.795724240368233729e-04
1.307766514785782606e-04 6.822839528172128243e-04
1.318281164016016133e-04 6.850187408826213320e-04
1.328880352685962360e-04 6.877770869146524347e-04
1.339564760506062595e-04 6.905592942476163846e-04
1.350335072651736657e-04 6.933656709534343453e-04
1.361191979807325049e-04 6.961965299283087542e-04
1.372136178210375367e-04 6.990521889812044117e-04
1.383168369696298960e-04 7.019329709241863740e-04
1.394289261743372906e-04 7.048392036646492376e-04
1.405499567518111710e-04 7.077712202994908318e-04
1.416800005921002473e-04 7.107293592112714099e-04
1.428191301632601642e-04 7.137139641664079969e-04
1.439674185160016117e-04 7.167253844154531164e-04
1.451249392883742950e-04 7.197639747955028892e-04
1.462917667104896111e-04 7.228300958347881741e-04
1.474679756092807837e-04 7.259241138595079468e-04
1.486536414133010273e-04 7.290464011029395034e-04
1.498488401575614744e-04 7.321973358169088638e-04
1.510536484884065069e-04 7.353773023856467446e-04
1.522681436684295291e-04 7.385866914421167304e-04
1.534924035814267686e-04 7.418258999868517466e-04
1.547265067373930633e-04 7.450953315093802572e-04
1.559705322775557573e-04 7.483953961122881589e-04
1.572245599794502315e-04 7.517265106379908543e-04
1.584886702620358736e-04 7.550890987982848950e-04
1.597629441908529505e-04 7.584835913067305849e-04
1.610474634832217370e-04 7.619104260139609531e-04
1.623423105134825736e-04 7.653700480459646937e-04
1.636475683182785600e-04 7.688629099454320857e-04
1.649633206018805056e-04 7.723894718162382673e-04
1.662896517415545438e-04 7.759502014711324976e-04
1.676266467929736286e-04 7.795455745827290298e-04
1.689743914956716409e-04 7.831760748378661669e-04
1.703329722785418927e-04 7.868421940954303199e-04
1.717024762653797853e-04 7.905444325477299595e-04
1.730829912804692427e-04 7.942832988854979601e-04
1.744746058542158732e-04 7.980593104666358498e-04
1.758774092288234729e-04 8.018729934887740187e-04
1.772914913640173933e-04 8.057248831657561972e-04
1.787169429428133371e-04 8.096155239081471913e-04
1.801538553773324224e-04 8.135454695078648147e-04
1.816023208146640600e-04 8.175152833270429202e-04
1.830624321427747742e-04 8.215255384912357930e-04
1.845342829964648364e-04 8.255768180870749285e-04
1.860179677633733630e-04 8.296697153644922535e-04
1.875135815900304671e-04 8.338048339436288352e-04
1.890212203879598535e-04 8.379827880265567968e-04
1.905409808398289822e-04 8.422042026139333780e-04
1.920729604056489704e-04 8.464697137267134484e-04
1.936172573290252349e-04 8.507799686330687946e-04
1.951739706434566521e-04 8.551356260806307298e-04
1.967432001786875739e-04 8.595373565342146480e-04
1.983250465671091735e-04 8.639858424191616121e-04
1.999196112502127799e-04 8.684817783704476806e-04
2.015269964850956868e-04 8.730258714877193755e-04
2.031473053510176761e-04 8.776188415964064279e-04
2.047806417560126989e-04 8.822614215150839743e-04
2.064271104435515963e-04 8.869543573292409770e-04
2.080868169992590303e-04 8.916984086716396194e-04
2.097598678576851662e-04 8.964943490094364354e-04
2.114463703091300207e-04 9.013429659382440678e-04
2.131464325065252183e-04 9.062450614833404130e-04
2.148601634723688739e-04 9.112014524081982984e-04
2.165876731057170702e-04 9.162129705305534005e-04
2.183290721892319037e-04 9.212804630462036095e-04
2.200844723962850692e-04 9.264047928607658947e-04
2.218539862981202615e-04 9.315868389295997067e-04
2.236377273710715772e-04 9.368274966061298017e-04
2.254358100038408147e-04 9.421276779987950876e-04
2.272483495048331322e-04 9.474883123368760002e-04
2.290754621095508184e-04 9.529103463454309140e-04
2.309172649880487276e-04 9.583947446296158879e-04
2.327738762524470689e-04 9.639424900686355963e-04
2.346454149645062659e-04 9.695545842196088551e-04
2.365320011432622068e-04 9.752320477316203358e-04
2.384337557727222090e-04 9.809759207702528280e-04
2.403508008096247360e-04 9.867872634529021095e-04
2.422832591912593952e-04 9.926671562951667246e-04
2.442312548433511472e-04 9.986167006686510507e-04
2.461949126880075083e-04 1.004637019270494119e-03
2.481743586517286358e-04 1.010729256604963331e-03
2.501697196734845529e-04 1.016894579477474860e-03
2.521811237128542818e-04 1.023134177501382061e-03
2.542086997582320611e-04 1.029449263617920234e-03
2.562525778350994293e-04 1.035841074629681143e-03
2.583128890143626308e-04 1.042310871748011302e-03
2.603897654207593571e-04 1.048859941154763140e-03
2.624833402413309191e-04 1.055489594578790016e-03
2.645937477339635924e-04 1.062201169887649985e-03
2.667211232359975072e-04 1.068996031694948758e-03
2.688656031729072049e-04 1.075875571983802561e-03
2.710273250670493066e-04 1.082841210746886924e-03
2.732064275464818467e-04 1.089894396643583969e-03
2.754030503538545688e-04 1.097036607674725444e-03
2.776173343553695852e-04 1.104269351875472073e-03
2.798494215498160335e-04 1.111594168026879340e-03
2.820994550776756405e-04 1.119012626386703315e-03
2.843675792303021737e-04 1.126526329440048898e-03
2.866539394591748361e-04 1.134136912670448980e-03
2.889586823852250612e-04 1.141846045352013991e-03
2.912819558082403401e-04 1.149655431363294988e-03
2.936239087163416668e-04 1.157566810023526183e-03
2.959846912955379074e-04 1.165581956951938867e-03
2.983644549393575803e-04 1.173702684950868151e-03
3.007633522585560987e-04 1.181930844913390210e-03
3.031815370909043809e-04 1.190268326756257003e-03
3.056191645110529218e-04 1.198717060378919064e-03
3.080763908404770168e-04 1.207279016649456024e-03
3.105533736575015122e-04 1.215956208418272465e-03
3.130502718074049725e-04 1.224750691560423654e-03
3.155672454126079831e-04 1.233664566047497271e-03
3.181044558829404360e-04 1.242699977049979004e-03
3.206620659259925708e-04 1.251859116071085817e-03
3.232402395575498786e-04 1.261144222113072142e-03
3.258391421121095916e-04 1.270557582877052463e-03
3.284589402534851565e-04 1.280101535997440294e-03
3.310998019854934863e-04 1.289778470312099483e-03
3.337618966627284604e-04 1.299590827169384843e-03
3.364453950014218656e-04 1.309541101773285766e-03
3.391504690903900977e-04 1.319631844567896234e-03
3.418772924020718816e-04 1.329865662662532005e-03
3.446260398036511555e-04 1.340245221298810548e-03
3.473968875682717874e-04 1.350773245361106857e-03
3.501900133863419546e-04 1.361452520931805913e-03
3.530055963769274823e-04 1.372285896892852085e-03
3.558438170992411342e-04 1.383276286575166065e-03
3.587048575642195602e-04 1.394426669457490353e-03
3.615889012461962512e-04 1.405740092916381561e-03
3.644961330946677887e-04 1.417219674029036956e-03
3.674267395461526314e-04 1.428868601430769575e-03
3.703809085361493229e-04 1.440690137229002363e-03
3.733588295111872906e-04 1.452687618975684108e-03
3.763606934409758189e-04 1.464864461700162226e-03
3.793866928306513053e-04 1.477224160004569778e-03
3.824370217331206855e-04 1.489770290223907260e-03
3.855118757615079656e-04 1.502506512653055881e-03
3.886114521016971403e-04 1.515436573843042308e-03
3.917359495249780020e-04 1.528564308968990851e-03
3.948855684007929970e-04 1.541893644272271944e-03
3.980605107095857263e-04 1.555428599579447915e-03
4.012609800557553723e-04 1.569173290900754102e-03
4.044871816807122278e-04 1.583131933110904291e-03
4.077393224760399648e-04 1.597308842715182333e-03
4.110176109967637751e-04 1.611708440703837463e-03
4.143222574747228658e-04 1.626335255497979131e-03
4.176534738320546820e-04 1.641193925990243893e-03
4.210114736947840252e-04 1.656289204683666525e-03
4.243964724065227615e-04 1.671625960932320628e-03
4.278086870422783284e-04 1.687209184287421756e-03
4.312483364223767884e-04 1.703043987952771680e-03
4.347156411264934892e-04 1.719135612353529102e-03
4.382108235077994624e-04 1.735489428822490103e-03
4.417341077072206882e-04 1.752110943408234645e-03
4.452857196678102793e-04 1.769005800809639230e-03
4.488658871492403062e-04 1.786179788441485863e-03
4.524748397424063805e-04 1.803638840636060964e-03
4.561128088841510117e-04 1.821389042985841747e-03
4.597800278721059556e-04 1.839436636832598873e-03
4.634767318796513308e-04 1.857788023908463291e-03
4.672031579709997446e-04 1.876449771134713895e-03
4.709595451163972406e-04 1.895428615584304017e-03
4.747461342074480633e-04 1.914731469614414441e-03
4.785631680725634541e-04 1.934365426175543596e-03
4.824108914925324216e-04 1.954337764303957364e-03
4.862895512162209886e-04 1.974655954804635169e-03
4.901993959763950928e-04 1.995327666132065171e-03
4.941406765056710441e-04 2.016360770476657328e-03
4.981136455525954354e-04 2.037763350064841425e-03
5.021185578978517965e-04 2.059543703681224885e-03
5.061556703706020146e-04 2.081710353421655727e-03
5.102252418649542813e-04 2.104272051686284506e-03
5.143275333565665644e-04 2.127237788422238225e-03
5.184628079193825696e-04 2.150616798625895609e-03
5.226313307425008419e-04 2.174418570115155616e-03
5.268333691471832961e-04 2.198652851582664353e-03
5.310691926039967778e-04 2.223329660941308211e-03
5.353390727500939453e-04 2.248459293973926326e-03
5.396432834066333629e-04 2.274052333299631315e-03
5.439821005963378295e-04 2.300119657669741358e-03
5.483558025611974486e-04 2.326672451606932954e-03
5.527646697803115846e-04 2.353722215401751923e-03
5.572089849878759937e-04 2.381280775481386947e-03
5.616890331913141536e-04 2.409360295166211932e-03
5.662051016895531174e-04 2.437973285830329854e-03
5.707574800914497464e-04 2.467132618483168244e-03
5.753464603343616838e-04 2.496851535789859546e-03
5.799723367028687075e-04 2.527143664549063272e-03
5.846354058476458705e-04 2.558023028647706150e-03
5.893359668044847446e-04 2.589504062513076164e-03
5.940743210134734982e-04 2.621601625083640544e-03
5.988507723383258360e-04 2.654331014320971717e-03
6.036656270858671482e-04 2.687707982286248552e-03
6.085191940256792775e-04 2.721748750805956431e-03
6.134117844098983764e-04 2.756470027752482184e-03
6.183437119931783216e-04 2.791889023966724961e-03
6.233152930528094949e-04 2.828023470850955703e-03
6.283268464090017123e-04 2.864891638661673946e-03
6.333786934453303251e-04 2.902512355533648416e-03
6.384711581293434340e-04 2.940905027267773711e-03
6.436045670333409487e-04 2.980089657917150883e-03
6.487792493553153029e-04 3.020086871207284217e-03
6.539955369400626047e-04 3.060917932828310928e-03
6.592537643004644414e-04 3.102604773638870973e-03
6.645542686389365426e-04 3.145170013823383494e-03
6.698973898690573124e-04 3.188636988046474833e-03
6.752834706373631122e-04 3.233029771650599866e-03
6.807128563453231952e-04 3.278373207945217260e-03
6.861858951714893068e-04 3.324692936638329582e-03
6.917029380938215753e-04 3.372015423463862842e-03
6.972643389122008860e-04 3.420367991061091378e-03
7.028704542711136432e-04 3.469778851165217920e-03
7.085216436825250751e-04 3.520277138171267872e-03
7.142182695489332749e-04 3.571892944136841747e-03
7.199606971866080989e-04 3.624657355292519242e-03
7.257492948490217510e-04 3.678602490132540023e-03
7.315844337504615134e-04 3.733761539162033967e-03
7.374664880898373085e-04 3.790168806381362734e-03
7.433958350746750930e-04 3.847859752592198111e-03
7.493728549453109377e-04 3.906871040614779030e-03
7.553979309992727830e-04 3.967240582510395304e-03
7.614714496158604944e-04 4.029007588908346815e-03
7.675938002809260625e-04 4.092212620542106001e-03
7.737653756118467903e-04 4.156897642104960891e-03
7.799865713827075150e-04 4.223106078541772820e-03
7.862577865496787454e-04 4.290882873899561425e-03
7.925794232766017727e-04 4.360274552866834699e-03
7.989518869607789130e-04 4.431329285138556340e-03
8.053755862589688811e-04 4.504096952751360412e-03
8.118509331135975943e-04 4.578629220542113076e-03
8.183783427791722648e-04 4.654979609890898262e-03
8.249582338489113570e-04 4.733203575919455418e-03
8.315910282815905169e-04 4.813358588325305359e-03
8.382771514285979704e-04 4.895504216042420240e-03
8.450170320612159771e-04 4.979702215930349903e-03
8.518111023981157640e-04 5.066016625705127042e-03
8.586597981330741777e-04 5.154513861338207679e-03
8.655635584629159602e-04 5.245262819162423325e-03
8.725228261156752494e-04 5.338334982938473805e-03
8.795380473789918101e-04 5.433804536150152464e-03
8.866096721287274659e-04 5.531748479812616248e-03
8.937381538578173697e-04 5.632246756094956217e-03
9.009239497053522089e-04 5.735382378076497867e-03
9.081675204858902619e-04 5.841241565975296632e-03
9.154693307190147006e-04 5.949913890208356065e-03
9.228298486591180339e-04 6.061492421664309294e-03
9.302495463254325560e-04 6.176073889593314617e-03
9.377288995323000784e-04 6.293758847543408710e-03
9.452683879196826806e-04 6.414651847799287751e-03
9.528684949839256449e-04 6.538861624808166989e-03
9.605297081087607602e-04 6.666501288106886462e-03
9.682525185965614855e-04 6.797688525297758064e-03
9.760374216998513822e-04 6.932545815654686180e-03
9.838849166530592039e-04 7.071200654977845973e-03
9.917955067045404818e-04 7.213785792355592932e-03
9.997696991488455500e-04 7.360439479533375552e-03
1.007808005359253634e-03 7.511305733635655069e-03
1.015910940820566712e-03 7.666534614034686834e-03
1.024079025162162289e-03 7.826282514211682292e-03
1.032312782191324154e-03 7.990712469512162297e-03
1.040612739926827278e-03 8.159994481755505555e-03
1.048979430632802001e-03 8.334305861723506972e-03
1.057413390852866234e-03 8.513831590620413170e-03
1.065915161444531099e-03 8.698764701670150257e-03
1.074485287613890193e-03 8.889306683095571024e-03
1.083124318950579035e-03 9.085667903807740850e-03
1.091832809463020963e-03 9.288068063225095317e-03
1.100611317613954922e-03 9.496736666738406218e-03
1.109460406356246008e-03 9.711913528442438215e-03
1.118380643168991788e-03 9.933849302867663045e-03
1.127372600093910727e-03 1.016280604756517048e-02
1.136436853772026818e-03 1.039905781852853983e-02
1.145573985480649766e-03 1.064289130057589558e-02
1.154784581170647910e-03 1.089460647496521759e-02
1.164069231504030136e-03 1.115451732667870760e-02
1.173428531891819449e-03 1.142295259398540090e-02
1.182863082532239433e-03 1.170025656307980243e-02
1.192373488449198233e-03 1.198678991079671699e-02
1.201960359531095398e-03 1.228293059862117093e-02
1.211624310569928619e-03 1.258907482144741748e-02
1.221365961300719229e-03 1.290563801479639727e-02
1.231185936441258179e-03 1.323305592447517227e-02
1.241084865732162545e-03 1.357178574295915714e-02
1.251063383977265957e-03 1.392230731709873971e-02
1.261122131084324973e-03 1.428512443209865521e-02
1.271261752106055045e-03 1.466076617709409849e-02
1.281482897281498255e-03 1.504978839805359327e-02
1.291786222077718257e-03 1.545277524417820389e-02
1.302172387231840438e-03 1.587034081444355094e-02
1.312642058793420151e-03 1.630313091144631327e-02
1.323195908167155944e-03 1.675182491027710566e-02
1.333834612155947565e-03 1.721713775074864075e-02
1.344558853004293323e-03 1.769982206196572122e-02
1.355369318442048920e-03 1.820067042893997247e-02
1.366266701728524558e-03 1.872051781172679591e-02
1.377251701696945467e-03 1.926024412840778716e-02
1.388325022799267181e-03 1.982077701415739523e-02
1.399487375151347310e-03 2.040309476963149751e-02
1.410739474578489618e-03 2.100822951300109626e-02
1.422082042661345453e-03 2.163727055113519315e-02
1.433515806782189022e-03 2.229136798672613079e-02
1.445041500171563662e-03 2.297173657955305787e-02
1.456659861955298058e-03 2.367965988160836838e-02
1.468371637201913195e-03 2.441649466748375963e-02
1.480177576970398163e-03 2.518367568323035682e-02
1.492078438358373236e-03 2.598272073890092737e-02
1.504074984550645647e-03 2.681523617215320759e-02
1.516167984868144842e-03 2.768292271267056015e-02
1.528358214817265599e-03 2.858758177975738446e-02
1.540646456139595178e-03 2.953112224830740928e-02
1.553033496862047270e-03 3.051556772146183510e-02
1.565520131347396650e-03 3.154306435168437867e-02
1.578107160345217173e-03 3.261588925572175834e-02
1.590795391043239122e-03 3.373645957302256332e-02
1.603585637119108375e-03 3.490734222168662138e-02
1.616478718792567753e-03 3.613126441096624342e-02
1.629475462878056868e-03 3.741112497476797166e-02
1.642576702837731349e-03 3.875000659657958785e-02
1.655783278834916609e-03 4.015118900281439834e-02
1.669096037787983584e-03 4.161816320879418996e-02
1.682515833424659676e-03 4.315464690955748972e-02
1.696043526336780526e-03 4.476460111645282069e-02
1.709679984035470703e-03 4.645224815015346065e-02
1.723426081006786039e-03 4.822209111140587923e-02
1.737282698767786838e-03 5.007893496260978211e-02
1.751250725923069471e-03 5.202790936635126595e-02
1.765331058221753131e-03 5.407449344140060482e-02
1.779524598614916743e-03 5.622454261261430886e-02
1.793832257313513574e-03 5.848431774880247236e-02
1.808254951846734052e-03 6.086051680214166204e-02
1.822793607120849323e-03 6.336030918435797687e-02
1.837449155478523615e-03 6.599137313889702483e-02
1.852222536758599096e-03 6.876193639493158316e-02
1.867114698356375129e-03 7.168082041864931586e-02
1.882126595284357639e-03 7.475748861012902757e-02
1.897259190233503093e-03 7.800209883068859318e-02
1.912513453634957740e-03 8.142556068628599431e-02
1.927890363722281923e-03 8.503959803788402327e-02
1.943390906594193515e-03 8.885681726021732452e-02
1.959016076277797936e-03 9.289078182675911122e-02
1.974766874792335553e-03 9.715609386158968741e-02
1.990644312213441045e-03 1.016684833691612333e-01
2.006649406737911687e-03 1.064449059315035750e-01
2.022783184749013183e-03 1.115036497503340829e-01
2.039046680882292909e-03 1.168644530099437751e-01
2.055440938091932217e-03 1.225486326470341947e-01
2.071967007717624796e-03 1.285792257373473135e-01
2.088625949552005805e-03 1.349811448477760967e-01
2.105418831908609668e-03 1.417813488585352166e-01
2.122346731690379074e-03 1.490090309353019338e-01
2.139410734458728654e-03 1.566958255284483514e-01
2.156611934503153364e-03 1.648760364985782378e-01
2.173951434911412794e-03 1.735868887179090603e-01
2.191430347640265820e-03 1.828688057793564359e-01
2.209049793586777711e-03 1.927657167639730273e-01
2.226810902660206204e-03 2.033253953775588929e-01
2.244714813854451364e-03 2.145998351746680466e-01
2.262762675321109990e-03 2.266456650493424152e-01
2.280955644443097285e-03 2.395246096944300129e-01
2.299294887908869597e-03 2.533040003238510862e-01
2.317781581787244343e-03 2.680573416248117624e-01
2.336416911602812781e-03 2.838649416711749862e-01
2.355202072411975538e-03 3.008146123983238551e-01
2.374138268879574885e-03 3.190024492292358738e-01
2.393226715356148050e-03 3.385336995689328110e-01
2.412468635955804588e-03 3.595237311703589622e-01
2.431865264634716986e-03 3.820991128430181738e-01
2.451417845270268715e-03 4.063988216537178788e-01
2.471127631740810317e-03 4.325755926885604952e-01
2.490995888006072509e-03 4.607974296440905393e-01
2.511023888188224171e-03 4.912492970361714284e-01
2.531212916653570455e-03 5.241350177081682826e-01
2.551564268094930893e-03 5.596794026438538516e-01
2.572079247614658497e-03 5.981306439131988117e-01
2.592759170808334960e-03 6.397630059811504344e-01
2.613605363849138934e-03 6.848798556833052276e-01
2.634619163572886509e-03 7.338170770277947508e-01
2.655801917563768190e-03 7.869469237475494872e-01
2.677154984240765877e-03 8.446823703515320414e-01
2.698679732944760708e-03 9.074820314846332447e-01
2.720377544026355600e-03 9.758557299107148975e-01
2.742249808934382575e-03 1.050370805627359516e+00
2.764297930305148650e-03 1.131659272792206350e+00
2.786523322052375171e-03 1.220425947630560781e+00
2.808927409457875283e-03 1.317457689705818114e+00
2.831511629262952173e-03 1.423633921344602982e+00
2.854277429760531531e-03 1.539938616184577391e+00
2.877226270888047759e-03 1.667473978425759062e+00
2.900359624321062653e-03 1.807476070215174646e+00
2.923678973567639568e-03 1.961332686631968025e+00
2.947185814063484760e-03 2.130603827096102965e+00
2.970881653267835529e-03 2.317045170063629200e+00
2.994768010760147630e-03 2.522635026187824536e+00
3.018846418337532093e-03 2.749605325700224423e+00
3.043118420112991308e-03 3.000477290871856884e+00
3.067585572614441817e-03 3.278102556885274854e+00
3.092249444884523791e-03 3.585710637616368324e+00
3.117111618581234079e-03 3.926963790742528992e+00
3.142173688079348114e-03 4.306020524136227046e+00
3.167437260572665818e-03 4.727609208566496690e+00
3.192903956177081930e-03 5.197113527444043868e+00
3.218575408034469922e-03 5.720671811358354120e+00
3.244453262417430674e-03 6.305292683960917799e+00
3.270539178834853868e-03 6.958989899113692701e+00
3.296834830138345440e-03 7.690939792697117028e+00
3.323341902629492473e-03 8.511665425028379417e+00
3.350062096168024070e-03 9.433252274675428595e+00
3.376997124280804036e-03 1.046960128995012518e+01
3.404148714271726037e-03 1.163672624537080225e+01
3.431518607332480469e-03 1.295310372968216228e+01
3.459108558654205596e-03 1.444008576229915519e+01
3.486920337540061129e-03 1.612238706127354604e+01
