2.497382406435652939e-25 9.768325619515944397e-18
1.592405960127358361e-24 3.089015920155193588e-17
1.015365822756892167e-23 9.768326876420302874e-17
6.474277161963938908e-23 3.089016721595150065e-16
4.128193389070159467e-22 9.768331986641967382e-16
2.632259977636328568e-21 3.089019980025807047e-15
1.678407946733001633e-20 9.768352763373603653e-15
1.070203270037972128e-19 3.089033227893325649e-14
6.823937180644061677e-19 9.768437235752100315e-14
4.351147109064984495e-18 3.089087090016611440e-13
1.915297948882004416e-17 7.759322488683919743e-13
8.060281057525431301e-17 1.949163039787816667e-12
3.231548868885900942e-16 4.896382250613372468e-12
4.345363206717196250e-16 6.163781780305984805e-12
1.185699981296668146e-15 1.229732179640797847e-11
3.167099671296256822e-15 2.454290871984140256e-11
8.312293945536222779e-15 4.898397135859626299e-11
2.151611673377367987e-14 9.773430848120292535e-11
5.516190296262407946e-14 1.950308160666369755e-10
7.219962673568143336e-14 2.455395918119563429e-10
1.345996703506809824e-13 3.892770603306517574e-10
2.502777173064534741e-13 6.169465998965407740e-10
3.411676113431318569e-13 7.768626451909397954e-10
4.161104603351930561e-13 9.006720410829545173e-10
5.668224300832851639e-13 1.192414995932578561e-09
1.051017683769589897e-12 1.890432911212288601e-09
1.946696275912857264e-12 3.094630240399093478e-09
3.604197434436283020e-12 4.906521065391501087e-09
4.678350727597027810e-12 5.964785761620009416e-09
6.363945126095426008e-12 7.510858710852283575e-09
8.659328086403540721e-12 9.798092857573101657e-09
1.177437263656969924e-11 1.233578754396143564e-08
1.601314678573479096e-11 1.553407705195085344e-08
2.068158225216417963e-11 1.881943995759334440e-08
2.812629084553211013e-11 2.462793118627416045e-08
3.823985723652250255e-11 3.101071367919697201e-08
4.915490723856361436e-11 3.744047090307774978e-08
6.683712298751739095e-11 4.918310976261355027e-08
9.088989403667837668e-11 6.194746997419662658e-08
1.198094057756214983e-10 7.622496704508910767e-08
1.235276287134856064e-10 8.111821537560480725e-08
1.679810496150610554e-10 1.052041443179145334e-07
2.145827771029579730e-10 1.264403182978826954e-07
2.389577941400671919e-10 1.370814666799720085e-07
2.718434103460653354e-10 1.558050328926489486e-07
3.695913600236930604e-10 2.029070399259184632e-07
4.805596579248377059e-10 2.471473550088626382e-07
6.228436556804378813e-10 3.112918511513913844e-07
6.449051117784316288e-10 3.195404339442749206e-07
6.519284217721749412e-10 3.221516175955882510e-07
6.901021772675798839e-10 3.362246542759246589e-07
7.517420508597271333e-10 3.585491157042282318e-07
7.842145311837404764e-10 3.701260768930860222e-07
8.123077711587138292e-10 3.800461204279264704e-07
8.948523203792971162e-10 4.248355205313744057e-07
1.780367769825735293e-09 1.571243743291283042e-06
2.831798589477310162e-09 2.360915204371286954e-06
4.352717025416528164e-09 3.331634749736530039e-06
6.442936706730940560e-09 4.497300351158025239e-06
9.210451352971400048e-09 5.875749191388290656e-06
1.726412223638507203e-08 9.359364509061765243e-06
2.961440629244172500e-08 1.399035730184682620e-05
4.760234259406434222e-08 2.000744564924680080e-05
7.280858902572716169e-08 2.762541866450402925e-05
1.069774052811704485e-07 3.692082460755834189e-05
1.786399553702715184e-07 5.352425790188030335e-05
3.179080611873818725e-07 7.810458603098302793e-05
4.169532575344421554e-07 9.195064971249766836e-05
4.437988271458211392e-07 9.546604737380116803e-05
8.192319285407806845e-07 1.258634192745901824e-04
1.340044739396364051e-06 1.516149538469145684e-04
1.350818910648088663e-06 1.520907453579382277e-04
1.361679707937548156e-06 1.525673415102248758e-04
1.372627827751761469e-06 1.530447422609073813e-04
1.383663972177612379e-06 1.535229475739366997e-04
1.394788848946874800e-06 1.540019574201614264e-04
1.406003171481597660e-06 1.544817717774073771e-04
1.417307658939855481e-06 1.549623906305569519e-04
1.428703036261867412e-06 1.554438139716289319e-04
1.440190034216486850e-06 1.559260417998582500e-04
1.451769389448063108e-06 1.564090741217758146e-04
1.463441844523682989e-06 1.568929109512883619e-04
1.475208147980790343e-06 1.573775523097586048e-04
1.487069054375187418e-06 1.578629982260851662e-04
1.499025324329424376e-06 1.583492487367829183e-04
1.511077724581577803e-06 1.588363038860632131e-04
1.523227028034417788e-06 1.593241637259141955e-04
1.535474013804975455e-06 1.598128283161814130e-04
1.547819467274506674e-06 1.603022977246482909e-04
1.560264180138855374e-06 1.607925720271167157e-04
1.572808950459225334e-06 1.612836513074880792e-04
1.585454582713358969e-06 1.617755356578438343e-04
1.598201887847126300e-06 1.622682251785267026e-04
1.611051683326530441e-06 1.627617199782215550e-04
1.624004793190129627e-06 1.632560201740367815e-04
1.637062048101882751e-06 1.637511258915853353e-04
1.650224285404417570e-06 1.642470372650665358e-04
1.663492349172729632e-06 1.647437544373470857e-04
1.676867090268309795e-06 1.652412775600430907e-04
1.690349366393710306e-06 1.657396067936016187e-04
1.703940042147546459e-06 1.662387423073825301e-04
1.717639989079943585e-06 1.667386842797405247e-04
1.731450085748427883e-06 1.672394328981073510e-04
1.745371217774266185e-06 1.677409883590737455e-04
1.759404277899260147e-06 1.682433508684720482e-04
1.773550166042996573e-06 1.687465206414585483e-04
1.787809789360557886e-06 1.692504979025960727e-04
1.802184062300696352e-06 1.697552828859368469e-04
1.816673906664477345e-06 1.702608758351052459e-04
1.831280251664390814e-06 1.707672770033808450e-04
1.846004033983943228e-06 1.712744866537816314e-04
1.860846197837723644e-06 1.717825050591471902e-04
1.875807695031955763e-06 1.722913325022222151e-04
1.890889485025535341e-06 1.728009692757401271e-04
1.906092534991559291e-06 1.733114156825066126e-04
1.921417819879348828e-06 1.738226720354838655e-04
1.936866322476971509e-06 1.743347386578742071e-04
1.952439033474266206e-06 1.748476158832046258e-04
1.968136951526374805e-06 1.753613040554109933e-04
1.983961083317783836e-06 1.758758035289225503e-04
1.999912443626881925e-06 1.763911146687466920e-04
2.015992055391036497e-06 1.769072378505537791e-04
2.032200949772192240e-06 1.774241734607621393e-04
2.048540166222999388e-06 1.779419218966232590e-04
2.065010752553471830e-06 1.784604835663073535e-04
2.081613764998180112e-06 1.789798588889885583e-04
2.098350268283988242e-06 1.795000482949311231e-04
2.115221335698333014e-06 1.800210522255749556e-04
2.132228049158050094e-06 1.805428711336219780e-04
2.149371499278759145e-06 1.810655054831223482e-04
2.166652785444799109e-06 1.815889557495610333e-04
2.184073015879734798e-06 1.821132224199444375e-04
2.201633307717422964e-06 1.826383059928873549e-04
2.219334787073652223e-06 1.831642069787001940e-04
2.237178589118360668e-06 1.836909258994761740e-04
2.255165858148430718e-06 1.842184632891788205e-04
2.273297747661073945e-06 1.847468196937300565e-04
2.291575420427800335e-06 1.852759956710977522e-04
2.310000048568987263e-06 1.858059917913841954e-04
2.328572813629044769e-06 1.863368086369145626e-04
2.347294906652185623e-06 1.868684468023253901e-04
2.366167528258807368e-06 1.874009068946536950e-04
2.385191888722484222e-06 1.879341895334259345e-04
2.404369208047581138e-06 1.884682953507475333e-04
2.423700716047490842e-06 1.890032249913924122e-04
2.443187652423500229e-06 1.895389791128930307e-04
2.462831266844290332e-06 1.900755583856303214e-04
2.482632819026073684e-06 1.906129634929243030e-04
2.502593578813383902e-06 1.911511951311244747e-04
2.522714826260500535e-06 1.916902540097011607e-04
2.542997851713545618e-06 1.922301408513363123e-04
2.563443955893224814e-06 1.927708563920151226e-04
2.584054449978245338e-06 1.933124013811180213e-04
2.604830655689397951e-06 1.938547765815122896e-04
2.625773905374316582e-06 1.943979827696448140e-04
2.646885542092920237e-06 1.949420207356343786e-04
2.668166919703543544e-06 1.954868912833649611e-04
2.689619402949753394e-06 1.960325952305785402e-04
2.711244367547872434e-06 1.965791334089689606e-04
2.733043200275198392e-06 1.971265066642757162e-04
2.755017299058938305e-06 1.976747158563780052e-04
2.777168073065853401e-06 1.982237618593894074e-04
2.799496942792630316e-06 1.987736455617525354e-04
2.822005340156970173e-06 1.993243678663342549e-04
2.844694708589421769e-06 1.998759296905211480e-04
2.867566503125940685e-06 2.004283319663155199e-04
2.890622190501203936e-06 2.009815756404311881e-04
2.913863249242663664e-06 2.015356616743904639e-04
2.937291169765368666e-06 2.020905910446207010e-04
2.960907454467538931e-06 2.026463647425517380e-04
2.984713617826913944e-06 2.032029837747133683e-04
3.008711186497873063e-06 2.037604491628334602e-04
3.032901699409337700e-06 2.043187619439363755e-04
3.057286707863459558e-06 2.048779231704413607e-04
3.081867775635107610e-06 2.054379339102622125e-04
3.106646479072144947e-06 2.059987952469064009e-04
3.131624407196520463e-06 2.065605082795751951e-04
3.156803161806172425e-06 2.071230741232639797e-04
3.182184357577745192e-06 2.076864939088630035e-04
3.207769622170138997e-06 2.082507687832584552e-04
3.233560596328889390e-06 2.088158999094343775e-04
3.259558933991383554e-06 2.093818884665742575e-04
3.285766302392928314e-06 2.099487356501637814e-04
3.312184382173663053e-06 2.105164426720937257e-04
3.338814867486341275e-06 2.110850107607631463e-04
3.365659466104971045e-06 2.116544411611834611e-04
3.392719899534333383e-06 2.122247351350823447e-04
3.419997903120379888e-06 2.127958939610088138e-04
3.447495226161517609e-06 2.133679189344382600e-04
3.475213632020785865e-06 2.139408113678781319e-04
3.503154898238947417e-06 2.145145725909742142e-04
3.531320816648466919e-06 2.150892039506172048e-04
3.559713193488429147e-06 2.156647068110498341e-04
3.588333849520364405e-06 2.162410825539747429e-04
3.617184620145014130e-06 2.168183325786624416e-04
3.646267355520029935e-06 2.173964583020601921e-04
3.675583920678623865e-06 2.179754611589010231e-04
3.705136195649171144e-06 2.185553426018137235e-04
3.734926075575770067e-06 2.191361041014330780e-04
3.764955470839775983e-06 2.197177471465106187e-04
3.795226307182313176e-06 2.203002732440261890e-04
3.825740525827767186e-06 2.208836839192997257e-04
3.856500083608277897e-06 2.214679807161040693e-04
3.887506953089220276e-06 2.220531651967778573e-04
3.918763122695706616e-06 2.226392389423392023e-04
3.950270596840104813e-06 2.232262035526002381e-04
3.982031396050567991e-06 2.238140606462816389e-04
4.014047557100622915e-06 2.244028118611285198e-04
4.046321133139771466e-06 2.249924588540263117e-04
4.078854193825161910e-06 2.255830033011175834e-04
4.111648825454314725e-06 2.261744468979192443e-04
4.144707131098909761e-06 2.267667913594408307e-04
4.178031230739655910e-06 2.273600384203028194e-04
4.211623261402244975e-06 2.279541898348564862e-04
4.245485377294387200e-06 2.285492473773032224e-04
4.279619749943964889e-06 2.291452128418155587e-04
4.314028568338289697e-06 2.297420880426584878e-04
4.348714039064472093e-06 2.303398748143112469e-04
4.383678386450936840e-06 2.309385750115903752e-04
4.418923852710057419e-06 2.315381905097727976e-04
4.454452698081948340e-06 2.321387232047201555e-04
4.490267200979411962e-06 2.327401750130036258e-04
4.526369658134049134e-06 2.333425478720293903e-04
4.562762384743545520e-06 2.339458437401650262e-04
4.599447714620142078e-06 2.345500645968667916e-04
4.636428000340298998e-06 2.351552124428071280e-04
4.673705613395561595e-06 2.357612893000034086e-04
4.711282944344641682e-06 2.363682972119473386e-04
4.749162402966718678e-06 2.369762382437351131e-04
4.787346418415983307e-06 2.375851144821984162e-04
4.825837439377401876e-06 2.381949280360360157e-04
4.864637934223758728e-06 2.388056810359466054e-04
4.903750391173943823e-06 2.394173756347620530e-04
4.943177318452519354e-06 2.400300140075816249e-04
4.982921244450571295e-06 2.406435983519072670e-04
5.022984717887847609e-06 2.412581308877794557e-04
5.063370307976203412e-06 2.418736138579136445e-04
5.104080604584365829e-06 2.424900495278387708e-04
5.145118218404011738e-06 2.431074401860350851e-04
5.186485781117197389e-06 2.437257881440739590e-04
5.228185945565111928e-06 2.443450957367581809e-04
5.270221385918209894e-06 2.449653653222633089e-04
5.312594797847696430e-06 2.455865992822798909e-04
5.355308898698401622e-06 2.462088000221565251e-04
5.398366427663032120e-06 2.468319699710442216e-04
5.441770145957843227e-06 2.474561115820410892e-04
5.485522836999697585e-06 2.480812273323389737e-04
5.529627306584573984e-06 2.487073197233698250e-04
5.574086383067492401e-06 2.493343912809542874e-04
5.618902917543890862e-06 2.499624445554502351e-04
5.664079784032471058e-06 2.505914821219034218e-04
5.709619879659492382e-06 2.512215065801980227e-04
5.755526124844569455e-06 2.518525205552090730e-04
5.801801463487952803e-06 2.524845266969556658e-04
5.848448863159312174e-06 2.531175276807548003e-04
5.895471315288048749e-06 2.537515262073773985e-04
5.942871835355129465e-06 2.543865250032042676e-04
5.990653463086462100e-06 2.550225268203833639e-04
6.038819262647830587e-06 2.556595344369892784e-04
6.087372322841394798e-06 2.562975506571821814e-04
6.136315757303772590e-06 2.569365783113691511e-04
6.185652704705714268e-06 2.575766202563661541e-04
6.235386328953374552e-06 2.582176793755612716e-04
6.285519819391215087e-06 2.588597585790789564e-04
6.336056391006530714e-06 2.595028608039460236e-04
6.386999284635617283e-06 2.601469890142580764e-04
6.438351767171614065e-06 2.607921462013477196e-04
6.490117131773991932e-06 2.614383353839538579e-04
6.542298698079744089e-06 2.620855596083918613e-04
6.594899812416267472e-06 2.627338219487261703e-04
6.647923848015963629e-06 2.633831255069422504e-04
6.701374205232553994e-06 2.640334734131219072e-04
6.755254311759138354e-06 2.646848688256182229e-04
6.809567622848012606e-06 2.653373149312331482e-04
6.864317621532245797e-06 2.659908149453952034e-04
6.919507818849041023e-06 2.666453721123394557e-04
6.975141754064896262e-06 2.673009897052885811e-04
7.031222994902573632e-06 2.679576710266352271e-04
7.087755137769884686e-06 2.686154194081255683e-04
7.144741807990330701e-06 2.692742382110448673e-04
7.202186660035584431e-06 2.699341308264037410e-04
7.260093377759847175e-06 2.705951006751263778e-04
7.318465674636092200e-06 2.712571512082403275e-04
7.377307293994202126e-06 2.719202859070669952e-04
7.436622009261019751e-06 2.725845082834145211e-04
7.496413624202334361e-06 2.732498218797716361e-04
7.556685973166817893e-06 2.739162302695028720e-04
7.617442921331905054e-06 2.745837370570463200e-04
7.678688364951672426e-06 2.752523458781114978e-04
7.740426231606694556e-06 2.759220603998800356e-04
7.802660480455906653e-06 2.765928843212071202e-04
7.865395102490514584e-06 2.772648213728250545e-04
7.928634120789919092e-06 2.779378753175481718e-04
7.992381590779716957e-06 2.786120499504794300e-04
8.056641600491767211e-06 2.792873490992191210e-04
8.121418270826349532e-06 2.799637766240739047e-04
8.186715755816426665e-06 2.806413364182698002e-04
8.252538242894051529e-06 2.813200324081642566e-04
8.318889953158888520e-06 2.819998685534621250e-04
8.385775141648908304e-06 2.826808488474324456e-04
8.453198097613259473e-06 2.833629773171266429e-04
8.521163144787328951e-06 2.840462580235995405e-04
8.589674641670021611e-06 2.847306950621309720e-04
8.658736981803259129e-06 2.854162925624505903e-04
8.728354594053738713e-06 2.861030546889633272e-04
8.798531942896936479e-06 2.867909856409770765e-04
8.869273528703424913e-06 2.874800896529325985e-04
8.940583888027462078e-06 2.881703709946354308e-04
9.012467593897913553e-06 2.888618339714886670e-04
9.084929256111530811e-06 2.895544829247291498e-04
9.157973521528550473e-06 2.902483222316642607e-04
9.231605074370700828e-06 2.909433563059121795e-04
9.305828636521590208e-06 2.916395895976424141e-04
9.380648967829519573e-06 2.923370265938201261e-04
9.456070866412724389e-06 2.930356718184509430e-04
9.532099168967061032e-06 2.937355298328293493e-04
9.608738751076190265e-06 2.944366052357876191e-04
9.685994527524230640e-06 2.951389026639485440e-04
9.763871452610942855e-06 2.958424267919787564e-04
9.842374520469438252e-06 2.965471823328450895e-04
9.921508765386453840e-06 2.972531740380731594e-04
1.000127926212517518e-05 2.979604066980076280e-04
1.008169112625069355e-05 2.986688851420755552e-04
1.016274951445805335e-05 2.993786142390509448e-04
1.024445962490292695e-05 3.000895988973225422e-04
1.032682669753500012e-05 3.008018440651631501e-04
1.040985601443395611e-05 3.015153547310021973e-04
1.049355290014825324e-05 3.022301359236998788e-04
1.057792272203656051e-05 3.029461927128237358e-04
1.066297089061193587e-05 3.036635302089284345e-04
1.074870285988884206e-05 3.043821535638369536e-04
1.083512412773286285e-05 3.051020679709249704e-04
1.092224023621329228e-05 3.058232786654073616e-04
1.101005677195854805e-05 3.065457909246275224e-04
1.109857936651440208e-05 3.072696100683489626e-04
1.118781369670516211e-05 3.079947414590496137e-04
1.127776548499768410e-05 3.087211905022186286e-04
1.136844049986836963e-05 3.094489626466561099e-04
1.145984455617308886e-05 3.101780633847751141e-04
1.155198351552004786e-05 3.109084982529065834e-04
1.164486328664573737e-05 3.116402728316069342e-04
1.173848982579379203e-05 3.123733927459682470e-04
1.183286913709700729e-05 3.131078636659318177e-04
1.192800727296235489e-05 3.138436913066034437e-04
1.202391033445908994e-05 3.145808814285726133e-04
1.212058447171006321e-05 3.153194398382342420e-04
1.221803588428604885e-05 3.160593723881125242e-04
1.231627082160337721e-05 3.168006849771891212e-04
1.241529558332465092e-05 3.175433835512330837e-04
1.251511651976276771e-05 3.182874741031345694e-04
1.261574003228814507e-05 3.190329626732410538e-04
1.271717257373921276e-05 3.197798553496968487e-04
1.281942064883626120e-05 3.205281582687857095e-04
1.292249081459854087e-05 3.212778776152764248e-04
1.302638968076478368e-05 3.220290196227718212e-04
1.313112391021706327e-05 3.227815905740606412e-04
1.323670021940806902e-05 3.235355968014728902e-04
1.334312537879184424e-05 3.242910446872383822e-04
1.345040621325793296e-05 3.250479406638483214e-04
1.355854960256908249e-05 3.258062912144208409e-04
1.366756248180241885e-05 3.265661028730691977e-04
1.377745184179417123e-05 3.273273822252735997e-04
1.388822472958801672e-05 3.280901359082569906e-04
1.399988824888694528e-05 3.288543706113632734e-04
1.411244956050886518e-05 3.296200930764401423e-04
1.422591588284579484e-05 3.303873100982248961e-04
1.434029449232673415e-05 3.311560285247333959e-04
1.445559272388435756e-05 3.319262552576539554e-04
1.457181797142532240e-05 3.326979972527432917e-04
1.468897768830448531e-05 3.334712615202276259e-04
1.480707938780285420e-05 3.342460551252068196e-04
1.492613064360938049e-05 3.350223851880619261e-04
1.504613909030669534e-05 3.358002588848672961e-04
1.516711242386065565e-05 3.365796834478065316e-04
1.528905840211393054e-05 3.373606661655916385e-04
1.541198484528342482e-05 3.381432143838868955e-04
1.553589963646186307e-05 3.389273355057362464e-04
1.566081072212326339e-05 3.397130369919949757e-04
1.578672611263254286e-05 3.405003263617653944e-04
1.591365388275923289e-05 3.412892111928366476e-04
1.604160217219526027e-05 3.420796991221284776e-04
1.617057918607699393e-05 3.428717978461397046e-04
1.630059319551137436e-05 3.436655151214005558e-04
1.643165253810634259e-05 3.444608587649294396e-04
1.656376561850554158e-05 3.452578366546941112e-04
1.669694090892725620e-05 3.460564567300770662e-04
1.683118694970776112e-05 3.468567269923454881e-04
1.696651234984897848e-05 3.476586555051263457e-04
1.710292578757055358e-05 3.484622503948842554e-04
1.724043601086640640e-05 3.492675198514061190e-04
1.737905183806568758e-05 3.500744721282889071e-04
1.751878215839832207e-05 3.508831155434328618e-04
1.765963593256504867e-05 3.516934584795389294e-04
1.780162219331203369e-05 3.525055093846117212e-04
1.794475004601018384e-05 3.533192767724662158e-04
1.808902866923898237e-05 3.541347692232409117e-04
1.823446731537517354e-05 3.549519953839142873e-04
1.838107531118606856e-05 3.557709639688274943e-04
1.852886205842763217e-05 3.565916837602116601e-04
1.867783703444747523e-05 3.574141636087203931e-04
1.882800979279253308e-05 3.582384124339668967e-04
1.897938996382179903e-05 3.590644392250676967e-04
1.913198725532387235e-05 3.598922530411903260e-04
1.928581145313947330e-05 3.607218630121065929e-04
1.944087242178907756e-05 3.615532783387524632e-04
1.959718010510540256e-05 3.623865082937915202e-04
1.975474452687120630e-05 3.632215622221853630e-04
1.991357579146201600e-05 3.640584495417693183e-04
2.007368408449411841e-05 3.648971797438331933e-04
2.023507967347780524e-05 3.657377623937087502e-04
2.039777290847572097e-05 3.665802071313618436e-04
2.056177422276669620e-05 3.674245236719916050e-04
2.072709413351473423e-05 3.682707218066346138e-04
2.089374324244350678e-05 3.691188114027750869e-04
2.106173223651624363e-05 3.699688024049618980e-04
2.123107188862099923e-05 3.708207048354309637e-04
2.140177305826159777e-05 3.716745287947338639e-04
2.157384669225393496e-05 3.725302844623732930e-04
2.174730382542808360e-05 3.733879820974439316e-04
2.192215558133587446e-05 3.742476320392804741e-04
2.209841317296423686e-05 3.751092447081120530e-04
2.227608790345430941e-05 3.759728306057222476e-04
2.245519116682624601e-05 3.768384003161171685e-04
2.263573444870993430e-05 3.777059645061991815e-04
2.281772932708155176e-05 3.785755339264477320e-04
2.300118747300600365e-05 3.794471194116065668e-04
2.318612065138542569e-05 3.803207318813790327e-04
2.337254072171360245e-05 3.811963823411286881e-04
2.356045963883652837e-05 3.820740818825880459e-04
2.374988945371907083e-05 3.829538416845750686e-04
2.394084231421771155e-05 3.838356730137148674e-04
2.413333046585966444e-05 3.847195872251705628e-04
2.432736625262806157e-05 3.856055957633808132e-04
2.452296211775365794e-05 3.864937101628047704e-04
2.472013060451272971e-05 3.873839420486746240e-04
2.491888435703146080e-05 3.882763031377558984e-04
2.511923612109683455e-05 3.891708052391155558e-04
2.532119874497393926e-05 3.900674602548970379e-04
2.552478518022997537e-05 3.909662801811049576e-04
2.573000848256475434e-05 3.918672771083958617e-04
2.593688181264801101e-05 3.927704632228787513e-04
2.614541843696332969e-05 3.936758508069218912e-04
2.635563172865889383e-05 3.945834522399699730e-04
2.656753516840514755e-05 3.954932799993679461e-04
2.678114234525921653e-05 3.964053466611942812e-04
2.699646695753642352e-05 3.973196649011024196e-04
2.721352281368870222e-05 3.982362474951707336e-04
2.743232383319007872e-05 3.991551073207613232e-04
2.765288404742942391e-05 4.000762573573880820e-04
2.787521760061011089e-05 4.009997106875930585e-04
2.809933875065719064e-05 4.019254804978320320e-04
2.832526187013168276e-05 4.028535800793701179e-04
2.855300144715223204e-05 4.037840228291845828e-04
2.878257208632428328e-05 4.047168222508793151e-04
2.901398850967657104e-05 4.056519919556072639e-04
2.924726555760531071e-05 4.065895456630029070e-04
2.948241818982582981e-05 4.075294972021250737e-04
2.971946148633190061e-05 4.084718605124078978e-04
2.995841064836287892e-05 4.094166496446231557e-04
3.019928099937842897e-05 4.103638787618523625e-04
3.044208798604128833e-05 4.113135621404686248e-04
3.068684717920780512e-05 4.122657141711286318e-04
3.093357427492642389e-05 4.132203493597758136e-04
3.118228509544435713e-05 4.141774823286530397e-04
3.143299559022212072e-05 4.151371278173267027e-04
3.168572183695647187e-05 4.160993006837212095e-04
3.194048004261136343e-05 4.170640159051640437e-04
3.219728654445726008e-05 4.180312885794420499e-04
3.245615781111892487e-05 4.190011339258698604e-04
3.271711044363141181e-05 4.199735672863669418e-04
3.298016117650473886e-05 4.209486041265496034e-04
3.324532687879705153e-05 4.219262600368307034e-04
3.351262455519631787e-05 4.229065507335345343e-04
3.378207134711096134e-05 4.238894920600206522e-04
3.405368453376896390e-05 4.248750999878213135e-04
3.432748153332609690e-05 4.258633906177906208e-04
3.460347990398278482e-05 4.268543801812652158e-04
3.488169734511020504e-05 4.278480850412381986e-04
3.516215169838526460e-05 4.288445216935454622e-04
3.544486094893473842e-05 4.298437067680629226e-04
3.572984322648871809e-05 4.308456570299200664e-04
3.601711680654310699e-05 4.318503893807222800e-04
3.630670011153175808e-05 4.328579208597898762e-04
3.659861171200777985e-05 4.338682686454075287e-04
3.689287032783441052e-05 4.348814500560893191e-04
3.718949482938562281e-05 4.358974825518557102e-04
3.748850423875609359e-05 4.369163837355254814e-04
3.778991773098121590e-05 4.379381713540200240e-04
3.809375463526665879e-05 4.389628632996841161e-04
3.840003443622794243e-05 4.399904776116172686e-04
3.870877677514001497e-05 4.410210324770239367e-04
3.902000145119672279e-05 4.420545462325738140e-04
3.933372842278060099e-05 4.430910373657805578e-04
3.964997780874272658e-05 4.441305245163926045e-04
3.996876988969286492e-05 4.451730264778010595e-04
4.029012510930018022e-05 4.462185621984618997e-04
4.061406407560404956e-05 4.472671507833327585e-04
4.094060756233582055e-05 4.483188114953281958e-04
4.126977651025092982e-05 4.493735637567873825e-04
4.160159202847170780e-05 4.504314271509591325e-04
4.193607539584126261e-05 4.514924214235050944e-04
4.227324806228786039e-05 4.525565664840155750e-04
4.261313165020068301e-05 4.536238824075445523e-04
4.295574795581623125e-05 4.546943894361616030e-04
4.330111895061626120e-05 4.557681079805188992e-04
4.364926678273671181e-05 4.568450586214370173e-04
4.400021377838795542e-05 4.579252621115072262e-04
4.435398244328671725e-05 4.590087393767129111e-04
4.471059546409914838e-05 4.600955115180661772e-04
4.507007570989583870e-05 4.611855998132654861e-04
4.543244623361832903e-05 4.622790257183689053e-04
4.579773027355737340e-05 4.633758108694879569e-04
4.616595125484332401e-05 4.644759770844980552e-04
4.653713279094823908e-05 4.655795463647700860e-04
4.691129868520021518e-05 4.666865408969203630e-04
4.728847293230993711e-05 4.677969830545781484e-04
4.766867971990924885e-05 4.689108954001755623e-04
4.805194343010244358e-05 4.700283006867564655e-04
4.843828864102973068e-05 4.711492218598040452e-04
4.882774012844349625e-05 4.722736820590907347e-04
4.922032286729709298e-05 4.734017046205477573e-04
4.961606203334636262e-05 4.745333130781548368e-04
5.001498300476428407e-05 4.756685311658534346e-04
5.041711136376828630e-05 4.768073828194780935e-04
5.082247289826092402e-05 4.779498921787125550e-04
5.123109360348355714e-05 4.790960835890650674e-04
5.164299968368330472e-05 4.802459816038684133e-04
5.205821755379368718e-05 4.813996109863002124e-04
5.247677384112835332e-05 4.825569967114267506e-04
5.289869538708883432e-05 4.837181639682712584e-04
5.332400924888576883e-05 4.848831381619025721e-04
5.375274270127394500e-05 4.860519449155499788e-04
5.418492323830162677e-05 4.872246100727411003e-04
5.462057857507341915e-05 4.884011596994622742e-04
5.505973664952785838e-05 4.895816200863473957e-04
5.550242562422889338e-05 4.907660177508871421e-04
5.594867388817186161e-05 4.919543794396657359e-04
5.639851005860420336e-05 4.931467321306232414e-04
5.685196298286046714e-05 4.943431030353423634e-04
5.730906174021239226e-05 4.955435196013625691e-04
5.776983564373357395e-05 4.967480095145188198e-04
5.823431424217942248e-05 4.979566007013087100e-04
5.870252732188199621e-05 4.991693213312869276e-04
5.917450490866010154e-05 5.003861998194846514e-04
5.965027726974495112e-05 5.016072648288596308e-04
6.012987491572099424e-05 5.028325452727721787e-04
6.061332860248265096e-05 5.040620703174901115e-04
6.110066933320661142e-05 5.052958693847240485e-04
6.159192836033989670e-05 5.065339721541892723e-04
6.208713718760428435e-05 5.077764085661987071e-04
6.258632757201629227e-05 5.090232088242862543e-04
6.308953152592396087e-05 5.102744033978586424e-04
6.359678131905966791e-05 5.115300230248793698e-04
6.410810948060946394e-05 5.127900987145837634e-04
6.462354880129926691e-05 5.140546617502239624e-04
6.514313233549753684e-05 5.153237436918480527e-04
6.566689340333513498e-05 5.165973763791085853e-04
6.619486559284202881e-05 5.178755919341074135e-04
6.672708276210118159e-05 5.191584227642700219e-04
6.726357904141999253e-05 5.204459015652551993e-04
6.780438883551882659e-05 5.217380613238988647e-04
6.834954682573746079e-05 5.230349353211911781e-04
6.889908797225918942e-05 5.243365571352902972e-04
6.945304751635256115e-05 5.256429606445682263e-04
7.001146098263164236e-05 5.269541800306959140e-04
7.057436418133385819e-05 5.282702497817626111e-04
7.114179321061673926e-05 5.295912046954318747e-04
7.171378445887253072e-05 5.309170798821353024e-04
7.229037460706205938e-05 5.322479107683036718e-04
7.287160063106680192e-05 5.335837330996359186e-04
7.345749980406015699e-05 5.349245829444068201e-04
7.404810969889767734e-05 5.362704966968142532e-04
7.464346819052666848e-05 5.376215110803655908e-04
7.524361345841499129e-05 5.389776631513036728e-04
7.584858398899943445e-05 5.403389903020741928e-04
7.645841857815388718e-05 5.417055302648349354e-04
7.707315633367698684e-05 5.430773211150045866e-04
7.769283667780043430e-05 5.444544012748549124e-04
7.831749934971685189e-05 5.458368095171483659e-04
7.894718440812822772e-05 5.472245849688126646e-04
7.958193223381491922e-05 5.486177671146661100e-04
8.022178353222490408e-05 5.500163958011832378e-04
8.086677933608463393e-05 5.514205112403069813e-04
8.151696100803004069e-05 5.528301540133068051e-04
8.217237024325921334e-05 5.542453650746818330e-04
8.283304907220628442e-05 5.556661857561120054e-04
8.349903986323647205e-05 5.570926577704571597e-04
8.417038532536359199e-05 5.585248232158024047e-04
8.484712851098857617e-05 5.599627245795539120e-04
8.552931281866044773e-05 5.614064047425838203e-04
8.621698199585952217e-05 5.628559069834253390e-04
8.691018014180253658e-05 5.643112749825166408e-04
8.760895171027104848e-05 5.657725528265008077e-04
8.831334151246206081e-05 5.672397850125710959e-04
8.902339471986161850e-05 5.687130164528778932e-04
8.973915686714170181e-05 5.701922924789788261e-04
9.046067385508009117e-05 5.716776588463515349e-04
9.118799195350422006e-05 5.731691617389583814e-04
9.192115780425818910e-05 5.746668477738651505e-04
9.266021842419389011e-05 5.761707640059194908e-04
9.340522120818619948e-05 5.776809579324839990e-04
9.415621393217207813e-05 5.791974774982277434e-04
9.491324475621468952e-05 5.807203710999781767e-04
9.567636222759174952e-05 5.822496875916302952e-04
9.644561528390869099e-05 5.837854762891178141e-04
9.722105325623709023e-05 5.853277869754454918e-04
9.800272587227792172e-05 5.868766699057807604e-04
9.879068325955094206e-05 5.884321758126122509e-04
9.958497594860902418e-05 5.899943559109704439e-04
1.003856548762786072e-04 5.915632619037096852e-04
1.011927713889264249e-04 5.931389459868623018e-04
1.020063772457517799e-04 5.947214608550513730e-04
1.028265246221063715e-04 5.963108597069766842e-04
1.036532661128399533e-04 5.979071962509669271e-04
1.044866547356730694e-04 5.995105247105987937e-04
1.053267439345972482e-04 6.011208998303905560e-04
1.061735875833018670e-04 6.027383768815608054e-04
1.070272399886295858e-04 6.043630116678656893e-04
1.078877558940584793e-04 6.059948605315028250e-04
1.087551904832129954e-04 6.076339803590950122e-04
1.096295993834023032e-04 6.092804285877434414e-04
1.105110386691881988e-04 6.109342632111602672e-04
1.113995648659807944e-04 6.125955427858787014e-04
1.122952349536633177e-04 6.142643264375373738e-04
1.131981063702464151e-04 6.159406738672485023e-04
1.141082370155510785e-04 6.176246453580436918e-04
1.150256852549223492e-04 6.193163017814005055e-04
1.159505099229716585e-04 6.210157046038549062e-04
1.168827703273501089e-04 6.227229158936926261e-04
1.178225262525517061e-04 6.244379983277310690e-04
1.187698379637469625e-04 6.261610151981803580e-04
1.197247662106481727e-04 6.278920304195980589e-04
1.206873722314047892e-04 6.296311085359283626e-04
1.216577177565307012e-04 6.313783147276335337e-04
1.226358650128628867e-04 6.331337148189140462e-04
1.236218767275516967e-04 6.348973752850197924e-04
1.246158161320839368e-04 6.366693632596606050e-04
1.256177469663374846e-04 6.384497465425061167e-04
1.266277334826688408e-04 6.402385936067816813e-04
1.276458404500337748e-04 6.420359736069667506e-04
1.286721331581402528e-04 6.438419563865870358e-04
1.297066774216362229e-04 6.456566124861090172e-04
1.307495395843296824e-04 6.474800131509357180e-04
1.318007865234432495e-04 6.493122303395066708e-04
1.328604856539031590e-04 6.511533367315026173e-04
1.339287049326618947e-04 6.530034057361512557e-04
1.350055128630569265e-04 6.548625115006498658e-04
1.360909784992032738e-04 6.567307289186881131e-04
1.371851714504219294e-04 6.586081336390876232e-04
1.382881618857039537e-04 6.604948020745501913e-04
1.394000205382097779e-04 6.623908114105207020e-04
1.405208187098059669e-04 6.642962396141672502e-04
1.416506282756372997e-04 6.662111654434765134e-04
1.427895216887359840e-04 6.681356684564686028e-04
1.439375719846681945e-04 6.700698290205328025e-04
1.450948527862172565e-04 6.720137283218833310e-04
1.462614383081056182e-04 6.739674483751439049e-04
1.474374033617536844e-04 6.759310720330523239e-04
1.486228233600774928e-04 6.779046829962980881e-04
1.498177743223250418e-04 6.798883658234848061e-04
1.510223328789505378e-04 6.818822059412266113e-04
1.522365762765297075e-04 6.838862896543788017e-04
1.534605823827127043e-04 6.859007041563995599e-04
1.546944296912178350e-04 6.879255375398539213e-04
1.559381973268655647e-04 6.899608788070529406e-04
1.571919650506519057e-04 6.920068178808353246e-04
1.584558132648642792e-04 6.940634456154930448e-04
1.597298230182371136e-04 6.961308538078415844e-04
1.610140760111493743e-04 6.982091352084376359e-04
1.623086546008641604e-04 7.002983835329473945e-04
1.636136418068095553e-04 7.023986934736621947e-04
1.649291213159033605e-04 7.045101607111764518e-04
1.662551774879192183e-04 7.066328819262147898e-04
1.675918953608967815e-04 7.087669548116200648e-04
1.689393606565950054e-04 7.109124780845019588e-04
1.702976597859888908e-04 7.130695514985509144e-04
1.716668798548118713e-04 7.152382758565139402e-04
1.730471086691409179e-04 7.174187530228439986e-04
1.744384347410280205e-04 7.196110859365133228e-04
1.758409472941754176e-04 7.218153786240055205e-04
1.772547362696586383e-04 7.240317362124811494e-04
1.786798923316934280e-04 7.262602649431218601e-04
1.801165068734501080e-04 7.285010721846554935e-04
1.815646720229146366e-04 7.307542664470641908e-04
1.830244806487962372e-04 7.330199573954822388e-04
1.844960263664834901e-04 7.352982558642779049e-04
1.859794035440473698e-04 7.375892738713329217e-04
1.874747073082931538e-04 7.398931246325118156e-04
1.889820335508606312e-04 7.422099225763341976e-04
1.905014789343732100e-04 7.445397833588429702e-04
1.920331408986373849e-04 7.468828238786807006e-04
1.935771176668909404e-04 7.492391622923703660e-04
1.951335082521021109e-04 7.516089180298064342e-04
1.967024124633191297e-04 7.539922118099622430e-04
1.982839309120701659e-04 7.563891656568068464e-04
1.998781650188165228e-04 7.587999029154512791e-04
2.014852170194558452e-04 7.612245482685106850e-04
2.031051899718785882e-04 7.636632277526935863e-04
2.047381877625769611e-04 7.661160687756267493e-04
2.063843151133065907e-04 7.685832001329056737e-04
2.080436775878029645e-04 7.710647520253878333e-04
2.097163815985505651e-04 7.735608560767261773e-04
2.114025344136070017e-04 7.760716453511413721e-04
2.131022441634822186e-04 7.785972543714507824e-04
2.148156198480719677e-04 7.811378191373425902e-04
2.165427713436488802e-04 7.836934771439081713e-04
2.182838094099081000e-04 7.862643674004343546e-04
2.200388456970700545e-04 7.888506304494591424e-04
2.218079927530408515e-04 7.914524083860953376e-04
2.235913640306289181e-04 7.940698448776241369e-04
2.253890738948218138e-04 7.967030851833685565e-04
2.272012376301193938e-04 7.993522761748451727e-04
2.290279714479270660e-04 8.020175663561991642e-04
2.308693924940085685e-04 8.046991058849320899e-04
2.327256188559974316e-04 8.073970465929179545e-04
2.345967695709709423e-04 8.101115420077265386e-04
2.364829646330832266e-04 8.128427473742370771e-04
2.383843250012602111e-04 8.155908196765732955e-04
2.403009726069569815e-04 8.183559176603394207e-04
2.422330303619760455e-04 8.211382018551780914e-04
2.441806221663509737e-04 8.239378345976552638e-04
2.461438729162907825e-04 8.267549800544632226e-04
2.481229085121899381e-04 8.295898042459622958e-04
2.501178558667020040e-04 8.324424750700610588e-04
2.521288429128776894e-04 8.353131623264339412e-04
2.541559986123703078e-04 8.382020377410938014e-04
2.561994529637049876e-04 8.411092749913142656e-04
2.582593370106155898e-04 8.440350497309140809e-04
2.603357828504484681e-04 8.469795396159047855e-04
2.624289236426326894e-04 8.499429243305123196e-04
2.645388936172210536e-04 8.529253856135727944e-04
2.666658280834968155e-04 8.559271072853130453e-04
2.688098634386512057e-04 8.589482752745204123e-04
2.709711371765307188e-04 8.619890776461069546e-04
2.731497878964533584e-04 8.650497046290776381e-04
2.753459553120982269e-04 8.681303486449017375e-04
2.775597802604641258e-04 8.712312043363070781e-04
2.797914047109017186e-04 8.743524685964870324e-04
2.820409717742178475e-04 8.774943405987436921e-04
2.843086257118520579e-04 8.806570218265555045e-04
2.865945119451294510e-04 8.838407161041034188e-04
2.888987770645851474e-04 8.870456296272280017e-04
2.912215688393655130e-04 8.902719709948569895e-04
2.935630362267043023e-04 8.935199512408901557e-04
2.959233293814742091e-04 8.967897838665555904e-04
2.983025996658175629e-04 9.000816848732507260e-04
3.007009996588520524e-04 9.033958727958614965e-04
3.031186831664555966e-04 9.067325687365872765e-04
3.055558052311291685e-04 9.100919963992562057e-04
3.080125221419403934e-04 9.134743821241637484e-04
3.104889914445456423e-04 9.168799549234250574e-04
3.129853719512932239e-04 9.203089465168528497e-04
3.155018237514079470e-04 9.237615913683803115e-04
3.180385082212565081e-04 9.272381267230204657e-04
3.205955880346978825e-04 9.307387926443875907e-04
3.231732271735143248e-04 9.342638320527778695e-04
3.257715909379273710e-04 9.378134907638258598e-04
3.283908459571988417e-04 9.413880175277431796e-04
3.310311602003153299e-04 9.449876640691466743e-04
3.336927029867612130e-04 9.486126851274931946e-04
3.363756449973762325e-04 9.522633384981261896e-04
3.390801582853008407e-04 9.559398850739388859e-04
3.418064162870103426e-04 9.596425888876766036e-04
3.445545938334356123e-04 9.633717171548813541e-04
3.473248671611769414e-04 9.671275403174880428e-04
3.501174139238040820e-04 9.709103320880875651e-04
3.529324132032499108e-04 9.747203694948670949e-04
3.557700455212943523e-04 9.785579329272347214e-04
3.586304928511401349e-04 9.824233061821467574e-04
3.615139386290840639e-04 9.863167765111452000e-04
3.644205677662796399e-04 9.902386346681175955e-04
3.673505666605950321e-04 9.941891749577908000e-04
3.703041232085671117e-04 9.981686952849778277e-04
3.732814268174495945e-04 1.002177497204576702e-03
3.762826684173612552e-04 1.006215885972351664e-03
3.793080404735290636e-04 1.010284170596495012e-03
3.823577369986306878e-04 1.014382663889990379e-03
3.854319535652366902e-04 1.018511682523790896e-03
3.885308873183508432e-04 1.022671547080821787e-03
3.916547369880551792e-04 1.026862582110829505e-03
3.948037029022522936e-04 1.031085116186085220e-03
3.979779869995130320e-04 1.035339481957953068e-03
4.011777928420264179e-04 1.039626016214355037e-03
4.044033256286524709e-04 1.043945059938130530e-03
4.076547922080837709e-04 1.048296958366311650e-03
4.109324010921083402e-04 1.052682061050334156e-03
4.142363624689821932e-04 1.057100721917200335e-03
4.175668882169084636e-04 1.061553299331596638e-03
4.209241919176231073e-04 1.066040156159003350e-03
4.243084888700942854e-04 1.070561659829798911e-03
4.277199961043274558e-04 1.075118182404384256e-03
4.311589323952834396e-04 1.079710100639335191e-03
4.346255182769089183e-04 1.084337796054613392e-03
4.381199760562769783e-04 1.089001655001844895e-03
4.416425298278458872e-04 1.093702068733688661e-03
4.451934054878282422e-04 1.098439433474317738e-03
4.487728307486780793e-04 1.103214150491021268e-03
4.523810351536935591e-04 1.108026626166960533e-03
4.560182500917364743e-04 1.112877272075094405e-03
4.596847088120723760e-04 1.117766505053287241e-03
4.633806464393274674e-04 1.122694747280636712e-03
4.671062999885671461e-04 1.127662426355024398e-03
4.708619083804957048e-04 1.132669975371925148e-03
4.746477124567763796e-04 1.137717833004492319e-03
4.784639549954785198e-04 1.142806443584938646e-03
4.823108807266453767e-04 1.147936257187246551e-03
4.861887363479884712e-04 1.153107729711212249e-03
4.900977705407067548e-04 1.158321322967870246e-03
4.940382339854366327e-04 1.163577504766310187e-03
4.980103793783257488e-04 1.168876749001911174e-03
5.020144614472387724e-04 1.174219535746017428e-03
5.060507369680931813e-04 1.179606351337096929e-03
5.101194647813239551e-04 1.185037688473384535e-03
5.142209058084853133e-04 1.190514046307059471e-03
5.183553230689814722e-04 1.196035930539974743e-03
5.225229816969343376e-04 1.201603853520960162e-03
5.267241489581863962e-04 1.207218334344743868e-03
5.309590942674381579e-04 1.212879898952509260e-03
5.352280892055286034e-04 1.218589080234117701e-03
5.395314075368487722e-04 1.224346418132040131e-03
5.438693252268987904e-04 1.230152459747008674e-03
5.482421204599853028e-04 1.236007759445440684e-03
5.526500736570593092e-04 1.241912878968646095e-03
5.570934674937018860e-04 1.247868387543877265e-03
5.615725869182502028e-04 1.253874861997231497e-03
5.660877191700708832e-04 1.259932886868447887e-03
5.706391537979807081e-04 1.266043054527644885e-03
5.752271826788134691e-04 1.272205965294016155e-03
5.798521000361400203e-04 1.278422227556538261e-03
5.845142024591349142e-04 1.284692457896711472e-03
5.892137889215963431e-04 1.291017281213387201e-03
5.939511608011196044e-04 1.297397330849710088e-03
5.987266218984217030e-04 1.303833248722215468e-03
6.035404784568271751e-04 1.310325685452134710e-03
6.083930391819047240e-04 1.316875300498928161e-03
6.132846152612642099e-04 1.323482762296109222e-03
6.182155203845139928e-04 1.330148748389391004e-03
6.231860707633745094e-04 1.336873945577196545e-03
6.281965851519601173e-04 1.343659050053589831e-03
6.332473848672176076e-04 1.350504767553668611e-03
6.383387938095335268e-04 1.357411813501448270e-03
6.434711384835045634e-04 1.364380913160322204e-03
6.486447480188744672e-04 1.371412801786102593e-03
6.538599541916437913e-04 1.378508224782729399e-03
6.591170914453437814e-04 1.385667937860677289e-03
6.644164969124848226e-04 1.392892707198115348e-03
6.697585104361759726e-04 1.400183309604876181e-03
6.751434745919173168e-04 1.407540532689291208e-03
6.805717347095714340e-04 1.414965175027934003e-03
6.860436388955071414e-04 1.422458046338347798e-03
6.915595380549231092e-04 1.430019967654796607e-03
6.971197859143523192e-04 1.437651771507110661e-03
7.027247390443425992e-04 1.445354302102673212e-03
7.083747568823274337e-04 1.453128415511632625e-03
7.140702017556728497e-04 1.460974979855374657e-03
7.198114389049150132e-04 1.468894875498342762e-03
7.255988365071817069e-04 1.476888995243254114e-03
7.314327656998010491e-04 1.484958244529783339e-03
7.373136006041056947e-04 1.493103541636801130e-03
7.432417183494225430e-04 1.501325817888195724e-03
7.492174990972576016e-04 1.509626017862393662e-03
7.552413260656763326e-04 1.518005099605617162e-03
7.613135855538754682e-04 1.526464034848978467e-03
7.674346669669607169e-04 1.535003809229466484e-03
7.736049628409153974e-04 1.543625422514923731e-03
7.798248688677740948e-04 1.552329888833066688e-03
7.860947839209989551e-04 1.561118236904655409e-03
7.924151100810547131e-04 1.569991510280883918e-03
7.987862526611995851e-04 1.578950767585072081e-03
8.052086202334730533e-04 1.587997082758758676e-03
8.116826246548985383e-04 1.597131545312267895e-03
8.182086810938957568e-04 1.606355260579849648e-03
8.247872080569015711e-04 1.615669349979479774e-03
8.314186274152133172e-04 1.625074951277429014e-03
8.381033644320386731e-04 1.634573218857675314e-03
8.448418477897702821e-04 1.644165323996273770e-03
8.516345096174719048e-04 1.653852455140775038e-03
8.584817855185960470e-04 1.663635818194807159e-03
8.653841145989146343e-04 1.673516636807917271e-03
8.723419394946793203e-04 1.683496152670779485e-03
8.793557064010079595e-04 1.693575625815885556e-03
8.864258651004954014e-04 1.703756334923821813e-03
8.935528689920616170e-04 1.714039577635265241e-03
9.007371751200245798e-04 1.724426670868785261e-03
9.079792442034115632e-04 1.734918951144618368e-03
9.152795406655032159e-04 1.745517774914479622e-03
9.226385326636149693e-04 1.756224518897588332e-03
9.300566921191233665e-04 1.767040580423017261e-03
9.375344947477264696e-04 1.777967377778483064e-03
9.450724200899511410e-04 1.789006350565741036e-03
9.526709515419074133e-04 1.800158960062696063e-03
9.603305763862834445e-04 1.811426689592381990e-03
9.680517858235994887e-04 1.822811044898969227e-03
9.758350750037050533e-04 1.834313554530910082e-03
9.836809430575320368e-04 1.845935770231410273e-03
9.915898931291057972e-04 1.857679267336361916e-03
9.995624324078051549e-04 1.869545645179894553e-03
1.007599072160895179e-03 1.881536527507726144e-03
1.015700327766308909e-03 1.893653562898444569e-03
1.023866718745699688e-03 1.905898425192932566e-03
1.032098768797758267e-03 1.918272813932067958e-03
1.040397005831791843e-03 1.930778454802894962e-03
1.048761962001585430e-03 1.943417100093475409e-03
1.057194173739522784e-03 1.956190529156536309e-03
1.065694181790989657e-03 1.969100548882184599e-03
1.074262531249050266e-03 1.982148994179829156e-03
1.082899771589400243e-03 1.995337728469515418e-03
1.091606456705609919e-03 2.008668644182914388e-03
1.100383144944639974e-03 2.022143663274129748e-03
1.109230399142648949e-03 2.035764737740556815e-03
1.118148786661088499e-03 2.049533850154020183e-03
1.127138879423081634e-03 2.063453014202396452e-03
1.136201253950107782e-03 2.077524275241967103e-03
1.145336491398968445e-03 2.091749710860736980e-03
1.154545177599057733e-03 2.106131431452934379e-03
1.163827903089931703e-03 2.120671580804985891e-03
1.173185263159174123e-03 2.135372336693162031e-03
1.182617857880578814e-03 2.150235911493214580e-03
1.192126292152626043e-03 2.165264552802212503e-03
1.201711175737275048e-03 2.180460544072893893e-03
1.211373123299069052e-03 2.195826205260778541e-03
1.221112754444548393e-03 2.211363893484352521e-03
1.230930693761990002e-03 2.227076003698605800e-03
1.240827570861458701e-03 2.242964969382216494e-03
1.250804020415183758e-03 2.259033263238700504e-03
1.260860682198260054e-03 2.275283397911834898e-03
1.270998201129672342e-03 2.291717926715674224e-03
1.281217227313658858e-03 2.308339444379506680e-03
1.291518416081397164e-03 2.325150587808061560e-03
1.301902428033031509e-03 2.342154036857339600e-03
1.312369929080036725e-03 2.359352515126413204e-03
1.322921590487917149e-03 2.376748790765543899e-03
1.333558088919261156e-03 2.394345677301042488e-03
1.344280106477130496e-03 2.412146034477184991e-03
1.355088330748804165e-03 2.430152769115631085e-03
1.365983454849867924e-03 2.448368835992724077e-03
1.376966177468669401e-03 2.466797238735103474e-03
1.388037202911120366e-03 2.485441030734016586e-03
1.399197241145862854e-03 2.504303316078819192e-03
1.410447007849800023e-03 2.523387250510063413e-03
1.421787224453986958e-03 2.542696042392638984e-03
1.433218618189901605e-03 2.562232953709471864e-03
1.444741922136076953e-03 2.582001301076206935e-03
1.456357875265113129e-03 2.602004456777418616e-03
1.468067222491067437e-03 2.622245849824809526e-03
1.479870714717220186e-03 2.642728967037951890e-03
1.491769108884236908e-03 2.663457354148099452e-03
1.503763168018703526e-03 2.684434616925591641e-03
1.515853661282060743e-03 2.705664422331434567e-03
1.528041364019929599e-03 2.727150499693627855e-03
1.540327057811828864e-03 2.748896641908834051e-03
1.552711530521303776e-03 2.770906706669976505e-03
1.565195576346444873e-03 2.793184617720412787e-03
1.577779995870821645e-03 2.815734366135307261e-03
1.590465596114822543e-03 2.838560011630860292e-03
1.603253190587404162e-03 2.861665683902062801e-03
1.616143599338266739e-03 2.885055583989697831e-03
1.629137649010438177e-03 2.908733985677231827e-03
1.642236172893287837e-03 2.932705236918410098e-03
1.655440010975963187e-03 2.956973761296220835e-03
1.668750010001253826e-03 2.981544059514049105e-03
1.682167023519898739e-03 3.006420710919812701e-03
1.695691911945318995e-03 3.031608375063825356e-03
1.709325542608793871e-03 3.057111793291325368e-03
1.723068789815086072e-03 3.082935790370389551e-03
1.736922534898501696e-03 3.109085276156239950e-03
1.750887666279417505e-03 3.135565247292785955e-03
1.764965079521250112e-03 3.162380788952289142e-03
1.779155677387886597e-03 3.189537076614168236e-03
1.793460369901579395e-03 3.217039377883918697e-03
1.807880074401299999e-03 3.244893054353060677e-03
1.822415715601573413e-03 3.273103563501317086e-03
1.837068225651775121e-03 3.301676460641875255e-03
1.851838544195907920e-03 3.330617400910998969e-03
1.866727618432862312e-03 3.359932141303020436e-03
1.881736403177153077e-03 3.389626542751859699e-03
1.896865860920158913e-03 3.419706572260334393e-03
1.912116961891839346e-03 3.450178305078360069e-03
1.927490684122956655e-03 3.481047926931405464e-03
1.942988013507795670e-03 3.512321736300410939e-03
1.958609943867382300e-03 3.544006146754500198e-03
1.974357477013225729e-03 3.576107689337936803e-03
1.990231622811555658e-03 3.608633015012584905e-03
2.006233399248086042e-03 3.641588897157400310e-03
2.022363832493297934e-03 3.674982234126430731e-03
2.038623956968239719e-03 3.708820051866797574e-03
2.055014815410875079e-03 3.743109506598295971e-03
2.071537458942941841e-03 3.777857887556166500e-03
2.088192947137363763e-03 3.813072619798682679e-03
2.104982348086198787e-03 3.848761267081363124e-03
2.121906738469130256e-03 3.884931534799399965e-03
2.138967203622519318e-03 3.921591273000293691e-03
2.156164837609002901e-03 3.958748479468386650e-03
2.173500743287651998e-03 3.996411302883304435e-03
2.190976032384703287e-03 4.034588046054267581e-03
2.208591825564839781e-03 4.073287169232236819e-03
2.226349252503072567e-03 4.112517293502076371e-03
2.244249451957175488e-03 4.152287204256780925e-03
2.262293571840715695e-03 4.192605854756044012e-03
2.280482769296667076e-03 4.233482369771425502e-03
2.298818210771611317e-03 4.274926049320455779e-03
2.317301072090549585e-03 4.316946372492112133e-03
2.335932538532300550e-03 4.359553001366086450e-03
2.354713804905512499e-03 4.402755785028564239e-03
2.373646075625279565e-03 4.446564763686882901e-03
2.392730564790387666e-03 4.490990172886133620e-03
2.411968496261168021e-03 4.536042447830162389e-03
2.431361103737980818e-03 4.581732227810112607e-03
2.450909630840335078e-03 4.628070360743353345e-03
2.470615331186630861e-03 4.675067907825850716e-03
2.490479468474562398e-03 4.722736148301244496e-03
2.510503316562153961e-03 4.771086584349758589e-03
2.530688159549445825e-03 4.820130946100363578e-03
2.551035291860850700e-03 4.869881196769625283e-03
2.571546018328149403e-03 4.920349537930842308e-03
2.592221654274183464e-03 4.971548414917089515e-03
2.613063525597195645e-03 5.023490522361992450e-03
2.634072968855859145e-03 5.076188809882137623e-03
2.655251331354993322e-03 5.129656487905096332e-03
2.676599971231953794e-03 5.183907033647286097e-03
2.698120257543740273e-03 5.238954197245949268e-03
2.719813570354787016e-03 5.294812008049590811e-03
2.741681300825462783e-03 5.351494781071482708e-03
2.763724851301287231e-03 5.409017123611019329e-03
2.785945635402853338e-03 5.467393942047559831e-03
2.808345078116494462e-03 5.526640448812075376e-03
2.830924615885653962e-03 5.586772169541434976e-03
2.853685696703010723e-03 5.647804950420906231e-03
2.876629780203332834e-03 5.709754965720259881e-03
2.899758337757077191e-03 5.772638725529245264e-03
2.923072852564757157e-03 5.836473083698147379e-03
2.946574819752050510e-03 5.901275245989678377e-03
2.970265746465682814e-03 5.967062778448289743e-03
2.994147151970077102e-03 6.033853615993451172e-03
3.018220567744777684e-03 6.101666071243526217e-03
3.042487537582670622e-03 6.170518843577164556e-03
3.066949617688980497e-03 6.240431028439246026e-03
3.091608376781066012e-03 6.311422126898854831e-03
3.116465396189024416e-03 6.383512055466706789e-03
3.141522269957088692e-03 6.456721156179959925e-03
3.166780604945867387e-03 6.531070206962596297e-03
3.192242020935377646e-03 6.606580432269497025e-03
3.217908150728925661e-03 6.683273514023159098e-03
3.243780640257815876e-03 6.761171602851757945e-03
3.269861148686892000e-03 6.840297329637890292e-03
3.296151348520952751e-03 6.920673817387628518e-03
3.322652925711998100e-03 7.002324693429571451e-03
3.349367579767346774e-03 7.085274101954312093e-03
3.376297023858628506e-03 7.169546716904685521e-03
3.403442984931634527e-03 7.255167755227900916e-03
3.430807203817080962e-03 7.342162990500731949e-03
3.458391435342235681e-03 7.430558766939456689e-03
3.486197448443454153e-03 7.520382013806701377e-03
3.514227026279622117e-03 7.611660260227598278e-03
3.542481966346496848e-03 7.704421650428199507e-03
3.570964080591992103e-03 7.798694959409720184e-03
3.599675195532367738e-03 7.894509609072132214e-03
3.628617152369361266e-03 7.991895684801702052e-03
3.657791807108267020e-03 8.090883952537260976e-03
3.687201030676945119e-03 8.191505876330412717e-03
3.716846709045820533e-03 8.293793636415866879e-03
3.746730743348814559e-03 8.397780147808096146e-03
3.776855050005269426e-03 8.503499079441461522e-03
3.807221560842830466e-03 8.610984873871503284e-03
3.837832223221353950e-03 8.720272767555686810e-03
3.868689000157770307e-03 8.831398811732445869e-03
3.899793870451979949e-03 8.944399893918273184e-03
3.931148828813748296e-03 9.059313760043073011e-03
3.962755885990610835e-03 9.176179037244890785e-03
3.994617068896842878e-03 9.295035257346026536e-03
