2.497382406435652939e-25 9.768325619515944397e-18
1.592405960127358361e-24 3.089015920155193588e-17
1.015365822756892167e-23 9.768326876420302874e-17
6.474277161963938908e-23 3.089016721595150065e-16
4.128193389070159467e-22 9.768331986641967382e-16
2.632259977636328568e-21 3.089019980025807047e-15
1.678407946733001633e-20 9.768352763373603653e-15
1.070203270037972128e-19 3.089033227893325649e-14
6.823937180644061677e-19 9.768437235752100315e-14
4.351147109064984495e-18 3.089087090016611440e-13
1.915297948882004416e-17 7.759322488683919743e-13
8.060281057525431301e-17 1.949163039787816667e-12
3.231548868885900942e-16 4.896382250613372468e-12
4.345363206717196250e-16 6.163781780305984805e-12
1.185699981296668146e-15 1.229732179640797847e-11
3.167099671296256822e-15 2.454290871984140256e-11
8.312293945536222779e-15 4.898397135859626299e-11
2.151611673377367987e-14 9.773430848120292535e-11
5.516190296262407946e-14 1.950308160666369755e-10
7.219962673568143336e-14 2.455395918119563429e-10
1.345996703506809824e-13 3.892770603306517574e-10
2.502777173064534741e-13 6.169465998965407740e-10
3.411676113431318569e-13 7.768626451909397954e-10
4.161104603351930561e-13 9.006720410829545173e-10
5.668224300832851639e-13 1.192414995932578561e-09
1.051017683769589897e-12 1.890432911212288601e-09
1.946696275912857264e-12 3.094630240399093478e-09
3.604197434436283020e-12 4.906521065391501087e-09
4.678350727597027810e-12 5.964785761620009416e-09
6.363945126095426008e-12 7.510858710852283575e-09
8.659328086403540721e-12 9.798092857573101657e-09
1.177437263656969924e-11 1.233578754396143564e-08
1.601314678573479096e-11 1.553407705195085344e-08
2.068158225216417963e-11 1.881943995759334440e-08
2.812629084553211013e-11 2.462793118627416045e-08
3.823985723652250255e-11 3.101071367919697201e-08
4.915490723856361436e-11 3.744047090307774978e-08
6.683712298751739095e-11 4.918310976261355027e-08
9.088989403667837668e-11 6.194746997419662658e-08
1.198094057756214983e-10 7.622496704508910767e-08
1.235276287134856064e-10 8.111821537560480725e-08
1.679810496150610554e-10 1.052041443179145334e-07
2.145827771029579730e-10 1.264403182978826954e-07
2.389577941400671919e-10 1.370814666799720085e-07
2.718434103460653354e-10 1.558050328926489486e-07
3.695913600236930604e-10 2.029070399259184632e-07
4.805596579248377059e-10 2.471473550088626382e-07
6.228436556804378813e-10 3.112918511513913844e-07
6.449051117784316288e-10 3.195404339442749206e-07
6.519284217721749412e-10 3.221516175955882510e-07
6.901021772675798839e-10 3.362246542759246589e-07
7.517420508597271333e-10 3.585491157042282318e-07
7.842145311837404764e-10 3.701260768930860222e-07
8.123077711587138292e-10 3.800461204279264704e-07
8.948523203792971162e-10 4.248355205313744057e-07
1.780367769825735293e-09 1.571243743291283042e-06
2.831798589477310162e-09 2.360915204371286954e-06
4.352717025416528164e-09 3.331634749736530039e-06
6.442936706730940560e-09 4.497300351158025239e-06
9.210451352971400048e-09 5.875749191388290656e-06
1.726412223638507203e-08 9.359364509061765243e-06
2.961440629244172500e-08 1.399035730184682620e-05
4.760234259406434222e-08 2.000744564924680080e-05
7.280858902572716169e-08 2.762541866450402925e-05
1.069774052811704485e-07 3.692082460755834189e-05
1.786399553702715184e-07 5.352425790188030335e-05
3.179080611873818725e-07 7.810458603098302793e-05
4.169532575344421554e-07 9.195064971249766836e-05
4.437988271458211392e-07 9.546604737380116803e-05
8.192319285407806845e-07 1.258634192745901824e-04
1.129707866171615556e-06 1.512470834499341074e-04
1.138790895757654784e-06 1.517573564267170295e-04
1.147946954335463714e-06 1.522683724587111710e-04
1.157176629069665009e-06 1.527801288486154904e-04
1.166480511845777540e-06 1.532926229051231209e-04
1.175859199308172769e-06 1.538058519431357164e-04
1.185313292898338204e-06 1.543198132839769044e-04
1.194843398893444703e-06 1.548345042556049792e-04
1.204450128445227837e-06 1.553499221928255139e-04
1.214134097619179674e-06 1.558660644375029424e-04
1.223895927434055671e-06 1.563829283387716267e-04
1.233736243901700254e-06 1.569005112532460833e-04
1.243655678067192582e-06 1.574188105452311020e-04
1.253654866049312910e-06 1.579378235869305087e-04
1.263734449081336967e-06 1.584575477586558476e-04
1.273895073552158557e-06 1.589779804490339241e-04
1.284137391047738481e-06 1.594991190552141045e-04
1.294462058392892487e-06 1.600209609830745045e-04
1.304869737693411462e-06 1.605435036474278242e-04
1.315361096378521500e-06 1.610667444722261817e-04
1.325936807243684058e-06 1.615906808907655121e-04
1.336597548493743807e-06 1.621153103458889907e-04
1.347344003786418484e-06 1.626406302901899689e-04
1.358176862276141954e-06 1.631666381862138522e-04
1.369096818658258574e-06 1.636933315066596540e-04
1.380104573213572894e-06 1.642207077345805182e-04
1.391200831853257859e-06 1.647487643635833483e-04
1.402386306164123427e-06 1.652774988980282734e-04
1.413661713454250258e-06 1.658069088532265691e-04
1.425027776798988684e-06 1.663369917556384162e-04
1.436485225087329107e-06 1.668677451430696564e-04
1.448034793068644873e-06 1.673991665648676803e-04
1.459677221399810175e-06 1.679312535821166920e-04
1.471413256692697004e-06 1.684640037678320531e-04
1.483243651562054954e-06 1.689974147071540559e-04
1.495169164673774951e-06 1.695314839975405594e-04
1.507190560793541763e-06 1.700662092489591372e-04
1.519308610835876151e-06 1.706015880840781678e-04
1.531524091913574700e-06 1.711376181384574103e-04
1.543837787387542036e-06 1.716742970607374418e-04
1.556250486917028989e-06 1.722116225128285524e-04
1.568762986510271605e-06 1.727495921700986374e-04
1.581376088575537169e-06 1.732882037215604392e-04
1.594090601972582512e-06 1.738274548700577318e-04
1.606907342064524615e-06 1.743673433324509630e-04
1.619827130770128164e-06 1.749078668398018133e-04
1.632850796616515355e-06 1.754490231375572932e-04
1.645979174792296031e-06 1.759908099857324039e-04
1.659213107201129813e-06 1.765332251590926631e-04
1.672553442515713228e-06 1.770762664473352749e-04
1.686001036232205806e-06 1.776199316552698124e-04
1.699556750725091989e-06 1.781642186029978154e-04
1.713221455302481787e-06 1.787091251260917112e-04
1.726996026261860795e-06 1.792546490757729219e-04
1.740881346946284265e-06 1.798007883190889955e-04
1.754878307801024766e-06 1.803475407390900333e-04
1.768987806430676386e-06 1.808949042350043032e-04
1.783210747656715074e-06 1.814428767224128233e-04
1.797548043575524206e-06 1.819914561334234850e-04
1.812000613616886869e-06 1.825406404168439017e-04
1.826569384602945282e-06 1.830904275383538516e-04
1.841255290807639853e-06 1.836408154806765266e-04
1.856059274016619817e-06 1.841918022437494034e-04
1.870982283587639442e-06 1.847433858448937311e-04
1.886025276511440423e-06 1.852955643189836937e-04
1.901189217473119634e-06 1.858483357186145428e-04
1.916475078913995354e-06 1.864016981142698631e-04
1.931883841093967951e-06 1.869556495944882954e-04
1.947416492154380950e-06 1.875101882660289317e-04
1.963074028181391380e-06 1.880653122540366289e-04
1.978857453269845160e-06 1.886210197022059130e-04
1.994767779587669822e-06 1.891773087729443415e-04
2.010806027440783907e-06 1.897341776475350793e-04
2.026973225338524338e-06 1.902916245262986617e-04
2.043270410059606566e-06 1.908496476287538629e-04
2.059698626718611999e-06 1.914082451937781308e-04
2.076258928833006095e-06 1.919674154797666667e-04
2.092952378390701948e-06 1.925271567647913692e-04
2.109780045918163427e-06 1.930874673467585585e-04
2.126743010549055502e-06 1.936483455435661588e-04
2.143842360093448959e-06 1.942097896932600942e-04
2.161079191107578216e-06 1.947717981541897633e-04
2.178454608964164119e-06 1.953343693051631618e-04
2.195969727923297893e-06 1.958975015456008116e-04
2.213625671203897688e-06 1.964611932956893115e-04
2.231423571055739839e-06 1.970254429965339379e-04
2.249364568832067377e-06 1.975902491103107320e-04
2.267449815062782991e-06 1.981556101204175560e-04
2.285680469528231951e-06 1.987215245316249594e-04
2.304057701333576264e-06 1.992879908702257456e-04
2.322582688983768516e-06 1.998550076841842927e-04
2.341256620459126701e-06 2.004225735432850627e-04
2.360080693291518903e-06 2.009906870392803239e-04
2.379056114641156568e-06 2.015593467860373584e-04
2.398184101374012055e-06 2.021285514196850190e-04
2.417465880139850266e-06 2.026982995987594192e-04
2.436902687450896837e-06 2.032685900043492702e-04
2.456495769761126771e-06 2.038394213402403509e-04
2.476246383546204872e-06 2.044107923330595173e-04
2.496155795384057628e-06 2.049827017324180065e-04
2.516225282036098173e-06 2.055551483110541451e-04
2.536456130529103028e-06 2.061281308649754070e-04
2.556849638237746994e-06 2.067016482136001449e-04
2.577407112967801265e-06 2.072756991998983209e-04
2.598129873040004097e-06 2.078502826905319096e-04
2.619019247374598498e-06 2.084253975759950048e-04
2.640076575576556034e-06 2.090010427707526244e-04
2.661303208021486292e-06 2.095772172133798675e-04
2.682700505942228637e-06 2.101539198666999605e-04
2.704269841516150816e-06 2.107311497179217613e-04
2.726012597953144246e-06 2.113089057787773985e-04
2.747930169584324032e-06 2.118871870856583930e-04
2.770023961951449815e-06 2.124659926997522405e-04
2.792295391897056853e-06 2.130453217071781537e-04
2.814745887655319783e-06 2.136251732191220179e-04
2.837376888943639756e-06 2.142055463719714288e-04
2.860189847054974415e-06 2.147864403274499711e-04
2.883186224950906489e-06 2.153678542727513608e-04
2.906367497355459465e-06 2.159497874206725316e-04
2.929735150849669242e-06 2.165322390097472081e-04
2.953290683966922348e-06 2.171152083043784229e-04
2.977035607289046321e-06 2.176986945949707620e-04
3.000971443543186987e-06 2.182826971980626101e-04
3.025099727699456109e-06 2.188672154564575291e-04
3.049422007069368477e-06 2.194522487393555548e-04
3.073939841405066311e-06 2.200377964424844398e-04
3.098654802999344955e-06 2.206238579882298660e-04
3.123568476786484956e-06 2.212104328257661181e-04
3.148682460443885848e-06 2.217975204311859708e-04
3.173998364494526648e-06 2.223851203076304954e-04
3.199517812410244582e-06 2.229732319854184591e-04
3.225242440715847718e-06 2.235618550221758055e-04
3.251173899094063191e-06 2.241509890029646211e-04
3.277313850491324425e-06 2.247406335404117210e-04
3.303663971224418927e-06 2.253307882748375340e-04
3.330225951087986089e-06 2.259214528743843904e-04
3.357001493462877691e-06 2.265126270351448378e-04
3.383992315425401853e-06 2.271043104812895492e-04
3.411200147857427156e-06 2.276965029651953950e-04
3.438626735557387585e-06 2.282892042675732430e-04
3.466273837352169642e-06 2.288824141975956503e-04
3.494143226209908769e-06 2.294761325930243386e-04
3.522236689353681069e-06 2.300703593203377775e-04
3.550556028376122111e-06 2.306650942748586053e-04
3.579103059354953755e-06 2.312603373808811314e-04
3.607879612969448643e-06 2.318560885917983776e-04
3.636887534617832772e-06 2.324523478902296614e-04
3.666128684535621930e-06 2.330491152881477733e-04
3.695604937914922896e-06 2.336463908270065327e-04
3.725318185024680359e-06 2.342441745778676672e-04
3.755270331331900032e-06 2.348424666415287751e-04
3.785463297623843325e-06 2.354412671486503942e-04
3.815899020131204989e-06 2.360405762598836933e-04
3.846579450652279255e-06 2.366403941659980564e-04
3.877506556678128011e-06 2.372407210880089095e-04
3.908682321518751015e-06 2.378415572773054940e-04
3.940108744430274247e-06 2.384429030157789653e-04
3.971787840743156815e-06 2.390447586159506266e-04
4.003721641991433785e-06 2.396471244210999195e-04
4.035912196042997468e-06 2.402500008053938226e-04
4.068361567230917178e-06 2.408533881740148967e-04
4.101071836485827088e-06 2.414572869632903315e-04
4.134045101469372886e-06 2.420616976408218601e-04
4.167283476708729924e-06 2.426666207056146979e-04
4.200789093732208959e-06 2.432720566882077282e-04
4.234564101205941855e-06 2.438780061508034707e-04
4.268610665071675216e-06 2.444844696873987823e-04
4.302930968685670228e-06 2.450914479239155847e-04
4.337527212958716367e-06 2.456989415183320801e-04
4.372401616497276727e-06 2.463069511608144543e-04
4.407556415745754833e-06 2.469154775738487974e-04
4.442993865129925266e-06 2.475245215123735932e-04
4.478716237201499318e-06 2.481340837639124794e-04
4.514725822783862097e-06 2.487441651487079844e-04
4.551024931118981915e-06 2.493547665198549926e-04
4.587615890015497065e-06 2.499658887634352935e-04
4.624501045997994359e-06 2.505775327986522398e-04
4.661682764457488773e-06 2.511896995779667606e-04
4.699163429803111798e-06 2.518023900872326157e-04
4.736945445615021216e-06 2.524156053458336013e-04
4.775031234798539920e-06 2.530293464068204845e-04
4.813423239739530558e-06 2.536436143570488600e-04
4.852123922461023781e-06 2.542584103173177652e-04
4.891135764781104338e-06 2.548737354425088374e-04
4.930461268472066873e-06 2.554895909217261220e-04
4.970102955420848202e-06 2.561059779784365304e-04
5.010063367790758085e-06 2.567228978706119795e-04
5.050345068184496653e-06 2.573403518908703373e-04
5.090950639808496579e-06 2.579583413666190804e-04
5.131882686638575626e-06 2.585768676601990046e-04
5.173143833586930881e-06 2.591959321690283694e-04
5.214736726670467073e-06 2.598155363257486695e-04
5.256664033180482684e-06 2.604356815983708932e-04
5.298928441853718934e-06 2.610563694904223238e-04
5.341532663044784351e-06 2.616776015410953457e-04
5.384479428899965929e-06 2.622993793253956558e-04
5.427771493532442131e-06 2.629217044542930207e-04
5.471411633198890950e-06 2.635445785748720903e-04
5.515402646477535389e-06 2.641680033704842936e-04
5.559747354447607720e-06 2.647919805609010913e-04
5.604448600870263863e-06 2.654165119024681492e-04
5.649509252370947884e-06 2.660415991882606498e-04
5.694932198623224404e-06 2.666672442482395807e-04
5.740720352534090772e-06 2.672934489494093228e-04
5.786876650430775783e-06 2.679202151959764319e-04
5.833404052249041032e-06 2.685475449295095045e-04
5.880305541723000149e-06 2.691754401291001817e-04
5.927584126576464388e-06 2.698039028115258335e-04
5.975242838715812879e-06 2.704329350314129484e-04
6.023284734424433275e-06 2.710625388814023114e-04
6.071712894558714163e-06 2.716927164923148871e-04
6.120530424745613805e-06 2.723234700333201962e-04
6.169740455581826388e-06 2.729548017121045836e-04
6.219346142834533907e-06 2.735867137750420345e-04
6.269350667643786059e-06 2.742192085073660748e-04
6.319757236726497960e-06 2.748522882333429723e-04
6.370569082582099584e-06 2.754859553164466725e-04
6.421789463699821663e-06 2.761202121595351445e-04
6.473421664767668032e-06 2.767550612050281356e-04
6.525468996883048163e-06 2.773905049350868781e-04
6.577934797765119850e-06 2.780265458717949339e-04
6.630822431968829354e-06 2.786631865773412623e-04
6.684135291100673566e-06 2.793004296542042630e-04
6.737876794036206209e-06 2.799382777453379343e-04
6.792050387139275374e-06 2.805767335343598186e-04
6.846659544483041521e-06 2.812157997457406843e-04
6.901707768072758160e-06 2.818554791449953451e-04
6.957198588070356702e-06 2.824957745388762985e-04
7.013135563020828722e-06 2.831366887755685569e-04
7.069522280080427647e-06 2.837782247448867559e-04
7.126362355246709352e-06 2.844203853784736170e-04
7.183659433590420134e-06 2.850631736500007420e-04
7.241417189489252393e-06 2.857065925753718471e-04
7.299639326863473956e-06 2.863506452129264837e-04
7.358329579413458979e-06 2.869953346636477725e-04
7.417491710859117909e-06 2.876406640713707863e-04
7.477129515181266295e-06 2.882866366229933737e-04
7.537246816864922298e-06 2.889332555486893669e-04
7.597847471144567622e-06 2.895805241221240675e-04
7.658935364251382030e-06 2.902284456606713035e-04
7.720514413662453145e-06 2.908770235256330342e-04
7.782588568352002186e-06 2.915262611224619374e-04
7.845161809044631573e-06 2.921761619009849171e-04
7.908238148470588468e-06 2.928267293556302444e-04
7.971821631623117105e-06 2.934779670256564867e-04
8.035916336017838910e-06 2.941298784953833337e-04
8.100526371954243430e-06 2.947824673944264367e-04
8.165655882779276521e-06 2.954357373979328962e-04
8.231309045153056269e-06 2.960896922268207629e-04
8.297490069316692960e-06 2.967443356480197847e-04
8.364203199362318090e-06 2.973996714747162732e-04
8.431452713505214038e-06 2.980557035665991100e-04
8.499242924358205300e-06 2.987124358301093295e-04
8.567578179208201199e-06 2.993698722186925753e-04
8.636462860294973060e-06 3.000280167330529667e-04
8.705901385092209904e-06 3.006868734214118970e-04
8.775898206590766271e-06 3.013464463797677550e-04
8.846457813584263091e-06 3.020067397521592769e-04
8.917584730956926422e-06 3.026677577309321520e-04
8.989283519973755525e-06 3.033295045570080133e-04
9.061558778573055860e-06 3.039919845201567890e-04
9.134415141661270920e-06 3.046552019592717103e-04
9.207857281410226430e-06 3.053191612626478431e-04
9.281889907556758080e-06 3.059838668682638720e-04
9.356517767704709265e-06 3.066493232640658362e-04
9.431745647629424188e-06 3.073155349882559606e-04
9.507578371584626196e-06 3.079825066295832766e-04
9.584020802611806735e-06 3.086502428276381455e-04
9.661077842852080851e-06 3.093187482731501970e-04
9.738754433860539759e-06 3.099880277082889789e-04
9.817055556923174990e-06 3.106580859269692137e-04
9.895986233376280968e-06 3.113289277751587667e-04
9.975551524928508791e-06 3.120005581511896492e-04
1.005575653398544587e-05 3.126729820060742261e-04
1.013660640397680782e-05 3.133462043438234291e-04
1.021810631968631882e-05 3.140202302217692527e-04
1.030026150758416358e-05 3.146950647508915330e-04
1.038307723616219047e-05 3.153707130961473822e-04
1.046655881627173535e-05 3.160471804768056649e-04
1.055071160146423218e-05 3.167244721667842396e-04
1.063554098833451204e-05 3.174025934949920784e-04
1.072105241686686529e-05 3.180815498456744769e-04
1.080725137078393772e-05 3.187613466587635772e-04
1.089414337789834930e-05 3.194419894302310582e-04
1.098173401046722142e-05 3.201234837124470071e-04
1.107002888554949776e-05 3.208058351145419342e-04
1.115903366536615694e-05 3.214890493027728539e-04
1.124875405766334060e-05 3.221731320008941902e-04
1.133919581607835464e-05 3.228580889905330190e-04
1.143036474050866559e-05 3.235439261115683222e-04
1.152226667748383954e-05 3.242306492625154999e-04
1.161490752054044400e-05 3.249182644009140268e-04
1.170829321060003298e-05 3.256067775437216684e-04
1.180242973635008480e-05 3.262961947677115154e-04
1.189732313462808410e-05 3.269865222098750903e-04
1.199297949080864978e-05 3.276777660678290862e-04
1.208940493919375122e-05 3.283699326002280133e-04
1.218660566340613475e-05 3.290630281271811298e-04
1.228458789678583335e-05 3.297570590306743042e-04
1.238335792278992888e-05 3.304520317549974081e-04
1.248292207539549248e-05 3.311479528071766421e-04
1.258328673950575717e-05 3.318448287574111435e-04
1.268445835135960071e-05 3.325426662395164251e-04
1.278644339894426065e-05 3.332414719513717718e-04
1.288924842241144104e-05 3.339412526553738156e-04
1.299288001449666991e-05 3.346420151788948830e-04
1.309734482094212458e-05 3.353437664147476292e-04
1.320264954092280952e-05 3.360465133216544438e-04
1.330880092747612572e-05 3.367502629247233611e-04
1.341580578793499083e-05 3.374550223159287414e-04
1.352367098436432538e-05 3.381607986545985653e-04
1.363240343400115756e-05 3.388675991679072040e-04
1.374201010969818896e-05 3.395754311513743688e-04
1.385249804037094328e-05 3.402843019693694822e-04
1.396387431144855893e-05 3.409942190556232585e-04
1.407614606532811380e-05 3.417051899137443804e-04
1.418932050183270917e-05 3.424172221177428435e-04
1.430340487867315682e-05 3.431303233125600227e-04
1.441840651191339829e-05 3.438445012146045389e-04
1.453433277643969841e-05 3.445597636122949567e-04
1.465119110643355565e-05 3.452761183666090954e-04
1.476898899584847498e-05 3.459935734116397366e-04
1.488773399889053028e-05 3.467121367551578674e-04
1.500743373050278928e-05 3.474318164791812360e-04
1.512809586685368902e-05 3.481526207405519604e-04
1.524972814582924505e-05 3.488745577715189074e-04
1.537233836752931949e-05 3.495976358803290170e-04
1.549593439476780422e-05 3.503218634518249683e-04
1.562052415357684091e-05 3.510472489480502729e-04
1.574611563371514924e-05 3.517738009088613614e-04
1.587271688918033950e-05 3.525015279525481261e-04
1.600033603872545027e-05 3.532304387764614579e-04
1.612898126637958901e-05 3.539605421576482087e-04
1.625866082197271309e-05 3.546918469534940149e-04
1.638938302166475768e-05 3.554243621023751203e-04
1.652115624847885653e-05 3.561580966243163776e-04
1.665398895283900463e-05 3.568930596216585757e-04
1.678788965311192892e-05 3.576292602797340051e-04
1.692286693615335672e-05 3.583667078675489099e-04
1.705892945785871594e-05 3.591054117384767804e-04
1.719608594371817205e-05 3.598453813309577176e-04
1.733434518937623564e-05 3.605866261692077727e-04
1.747371606119576436e-05 3.613291558639364722e-04
1.761420749682658974e-05 3.620729801130743715e-04
1.775582850577865691e-05 3.628181087025074934e-04
1.789858816999978242e-05 3.635645515068225550e-04
1.804249564445809439e-05 3.643123184900611921e-04
1.818756015772908058e-05 3.650614197064821543e-04
1.833379101258746449e-05 3.658118653013348823e-04
1.848119758660374021e-05 3.665636655116414895e-04
1.862978933274553190e-05 3.673168306669884458e-04
1.877957577998383223e-05 3.680713711903285082e-04
1.893056653390405193e-05 3.688272975987920291e-04
1.908277127732203637e-05 3.695846205045092694e-04
1.923619977090500172e-05 3.703433506154423069e-04
1.939086185379745498e-05 3.711034987362263229e-04
1.954676744425218950e-05 3.718650757690240621e-04
1.970392654026630850e-05 3.726280927143875020e-04
1.986234922022239168e-05 3.733925606721335633e-04
2.002204564353482209e-05 3.741584908422281139e-04
2.018302605130125265e-05 3.749258945256821163e-04
2.034530076695940571e-05 3.756947831254599181e-04
2.050888019694903266e-05 3.764651681473961614e-04
2.067377483137934543e-05 3.772370612011280888e-04
2.083999524470167580e-05 3.780104740010351125e-04
2.100755209638759986e-05 3.787854183671938340e-04
2.117645613161255118e-05 3.795619062263429298e-04
2.134671818194483803e-05 3.803399496128611018e-04
2.151834916604032907e-05 3.811195606697565744e-04
2.169136009034256662e-05 3.819007516496697105e-04
2.186576204978867387e-05 3.826835349158877160e-04
2.204156622852080488e-05 3.834679229433725725e-04
2.221878390060336468e-05 3.842539283198016537e-04
2.239742643074605350e-05 3.850415637466211914e-04
2.257750527503259299e-05 3.858308420401136717e-04
2.275903198165545610e-05 3.866217761324780263e-04
2.294201819165640090e-05 3.874143790729241339e-04
2.312647563967296411e-05 3.882086640287804960e-04
2.331241615469108373e-05 3.890046442866162231e-04
2.349985166080355271e-05 3.898023332533781461e-04
2.368879417797478462e-05 3.906017444575399082e-04
2.387925582281160691e-05 3.914028915502687283e-04
2.407124880934025435e-05 3.922057883066042009e-04
2.426478544978968819e-05 3.930104486266542243e-04
2.445987815538110539e-05 3.938168865368048082e-04
2.465653943712390903e-05 3.946251161909457099e-04
2.485478190661798405e-05 3.954351518717119001e-04
2.505461827686245109e-05 3.962470079917403696e-04
2.525606136307098309e-05 3.970606990949436337e-04
2.545912408349355606e-05 3.978762398577986859e-04
2.566381946024494891e-05 3.986936450906535152e-04
2.587016062013979258e-05 3.995129297390489663e-04
2.607816079553435139e-05 4.003341088850588666e-04
2.628783332517516873e-05 4.011571977486468521e-04
2.649919165505437043e-05 4.019822116890399964e-04
2.671224933927201210e-05 4.028091662061210896e-04
2.692702004090525347e-05 4.036380769418381549e-04
2.714351753288452251e-05 4.044689596816326686e-04
2.736175569887682176e-05 4.053018303558855056e-04
2.758174853417599376e-05 4.061367050413817515e-04
2.780351014660027448e-05 4.069735999627951918e-04
2.802705475739698891e-05 4.078125314941908534e-04
2.825239670215449713e-05 4.086535161605474417e-04
2.847955043172161480e-05 4.094965706393005936e-04
2.870853051313420275e-05 4.103417117619029362e-04
2.893935163054943760e-05 4.111889565154094070e-04
2.917202858618739725e-05 4.120383220440781871e-04
2.940657630128037481e-05 4.128898256509953239e-04
2.964300981702972760e-05 4.137434847997200076e-04
2.988134429557041735e-05 4.145993171159508277e-04
3.012159502094340061e-05 4.154573403892144177e-04
3.036377740007570008e-05 4.163175725745749708e-04
3.060790696376848547e-05 4.171800317943679878e-04
3.085399936769304876e-05 4.180447363399552208e-04
3.110207039339466694e-05 4.189117046735022767e-04
3.135213594930482675e-05 4.197809554297822422e-04
3.160421207176123868e-05 4.206525074179988779e-04
3.185831492603635859e-05 4.215263796236375137e-04
3.211446080737395952e-05 4.224025912103386592e-04
3.237266614203413318e-05 4.232811615217957910e-04
3.263294748834672112e-05 4.241621100836795943e-04
3.289532153777312810e-05 4.250454566055861662e-04
3.315980511597676171e-05 4.259312209830128115e-04
3.342641518390202356e-05 4.268194232993579619e-04
3.369516883886194703e-05 4.277100838279484715e-04
3.396608331563473227e-05 4.286032230340949389e-04
3.423917598756882598e-05 4.294988615771725077e-04
3.451446436769721704e-05 4.303970203127306161e-04
3.479196610986042595e-05 4.312977202946299046e-04
3.507169900983858135e-05 4.322009827772083979e-04
3.535368100649279353e-05 4.331068292174767437e-04
3.563793018291533702e-05 4.340152812773420189e-04
3.592446476758950983e-05 4.349263608258618409e-04
3.621330313555840333e-05 4.358400899415284017e-04
3.650446380960340972e-05 4.367564909145835107e-04
3.679796546143201290e-05 4.376755862493647000e-04
3.709382691287512043e-05 4.385973986666824999e-04
3.739206713709419382e-05 4.395219511062301867e-04
3.769270525979783864e-05 4.404492667290255689e-04
3.799576056046845046e-05 4.413793689198867629e-04
3.830125247359847645e-05 4.423122812899396268e-04
3.860920058993671925e-05 4.432480276791615705e-04
3.891962465774475118e-05 4.441866321589571856e-04
3.923254458406323522e-05 4.451281190347717155e-04
3.954798043598860020e-05 4.460725128487372129e-04
3.986595244195994809e-05 4.470198383823568078e-04
4.018648099305613256e-05 4.479701206592245910e-04
4.050958664430357776e-05 4.489233849477831202e-04
4.083529011599430232e-05 4.498796567641179505e-04
4.116361229501479881e-05 4.508389618747911430e-04
4.149457423618541644e-05 4.518013262997133705e-04
4.182819716361054515e-05 4.527667763150550542e-04
4.216450247203977047e-05 4.537353384561977252e-04
4.250351172823978223e-05 4.547070395207266388e-04
4.284524667237755232e-05 4.556819065714638847e-04
4.318972921941440857e-05 4.566599669395426963e-04
4.353698146051136411e-05 4.576412482275269171e-04
4.388702566444594594e-05 4.586257783125699864e-04
4.423988427904008243e-05 4.596135853496202748e-04
4.459557993259978829e-05 4.606046977746708717e-04
4.495413543536626078e-05 4.615991443080524155e-04
4.531557378097852257e-05 4.625969539577739543e-04
4.567991814794822140e-05 4.635981560229101022e-04
4.604719190114577303e-05 4.646027800970336228e-04
4.641741859329893196e-05 4.656108560716984836e-04
4.679062196650308504e-05 4.666224141399700717e-04
4.716682595374376274e-05 4.676374848000047963e-04
4.754605468043153732e-05 4.686560988586810817e-04
4.792833246594903709e-05 4.696782874352810463e-04
4.831368382521063220e-05 4.707040819652230320e-04
4.870213347023439904e-05 4.717335142038473123e-04
4.909370631172700020e-05 4.727666162302565536e-04
4.948842746068110051e-05 4.738034204512084802e-04
4.988632222998567154e-05 4.748439596050649182e-04
5.028741613604936756e-05 4.758882667657962965e-04
5.069173490043673560e-05 4.769363753470437723e-04
5.109930445151779528e-05 4.779883191062387661e-04
5.151015092613078474e-05 4.790441321487804468e-04
5.192430067125816781e-05 4.801038489322737154e-04
5.234178024571641057e-05 4.811675042708277411e-04
5.276261642185893085e-05 4.822351333394157011e-04
5.318683618729319672e-05 4.833067716782972955e-04
5.361446674661128929e-05 4.843824551975040374e-04
5.404553552313443824e-05 4.854622201813899745e-04
5.448007016067179424e-05 4.865461032932476260e-04
5.491809852529299112e-05 4.876341415799900552e-04
5.535964870711535820e-05 4.887263724769007594e-04
5.580474902210520033e-05 4.898228338124533277e-04
5.625342801389356540e-05 4.909235638131997839e-04
5.670571445560690621e-05 4.920286011087285881e-04
5.716163735171207402e-05 4.931379847366986965e-04
5.762122593987647752e-05 4.942517541479433344e-04
5.808450969284297325e-05 4.953699492116487961e-04
5.855151832031986719e-05 4.964926102206098984e-04
5.902228177088631199e-05 4.976197778965636047e-04
5.949683023391263227e-05 4.987514933955953991e-04
5.997519414149660811e-05 4.998877983136314207e-04
6.045740417041472721e-05 5.010287346920082275e-04
6.094349124408972724e-05 5.021743450231244167e-04
6.143348653457354064e-05 5.033246722561755121e-04
6.192742146454623814e-05 5.044797598029754793e-04
6.242532770933122859e-05 5.056396515438619415e-04
6.292723719892657271e-05 5.068043918336908411e-04
6.343318212005249210e-05 5.079740255079178389e-04
6.394319491821559532e-05 5.091485978887732786e-04
6.445730829978944831e-05 5.103281547915258396e-04
6.497555523411192282e-05 5.115127425308416001e-04
6.549796895559970239e-05 5.127024079272386172e-04
6.602458296587943075e-05 5.138971983136355086e-04
6.655543103593603135e-05 5.150971615420002134e-04
6.709054720827860448e-05 5.163023459901000187e-04
6.762996579912318375e-05 5.175128005683482958e-04
6.817372140059381556e-05 5.187285747267597657e-04
6.872184888294056570e-05 5.199497184620068121e-04
6.927438339677587608e-05 5.211762823245860579e-04
6.983136037532866169e-05 5.224083174260884827e-04
7.039281553671647310e-05 5.236458754465851163e-04
7.095878488623629367e-05 5.248890086421215866e-04
7.152930471867336164e-05 5.261377698523277005e-04
7.210441162062866758e-05 5.273922125081440112e-04
7.268414247286537119e-05 5.286523906396641773e-04
7.326853445267355464e-05 5.299183588840988618e-04
7.385762503625478974e-05 5.311901724938614946e-04
7.445145200112515010e-05 5.324678873447796952e-04
7.505005342853795570e-05 5.337515599444279078e-04
7.565346770592576214e-05 5.350412474405942618e-04
7.626173352936209588e-05 5.363370076298749336e-04
7.687488990604309815e-05 5.376388989664027335e-04
7.749297615678892839e-05 5.389469805707090486e-04
7.811603191856530688e-05 5.402613122387242388e-04
7.874409714702550796e-05 5.415819544509196297e-04
7.937721211907237050e-05 5.429089683815886084e-04
8.001541743544157215e-05 5.442424159082749537e-04
8.065875402330502917e-05 5.455823596213467755e-04
8.130726313889566857e-05 5.469288628337214825e-04
8.196098637015298985e-05 5.482819895907437317e-04
8.261996563938995837e-05 5.496418046802145152e-04
8.328424320598177253e-05 5.510083736425850460e-04
8.395386166907555609e-05 5.523817627813041664e-04
8.462886397032233076e-05 5.537620391733337000e-04
8.530929339663087616e-05 5.551492706798288185e-04
8.599519358294326033e-05 5.565435259569864604e-04
8.668660851503363983e-05 5.579448744670677642e-04
8.738358253232867616e-05 5.593533864895958163e-04
8.808616033075099153e-05 5.607691331327292576e-04
8.879438696558555541e-05 5.621921863448206373e-04
8.950830785436874454e-05 5.636226189261582141e-04
9.022796877980132310e-05 5.650605045408941315e-04
9.095341589268406916e-05 5.665059177291678584e-04
9.168469571487763308e-05 5.679589339194207739e-04
9.242185514228548940e-05 5.694196294409114385e-04
9.316494144786181179e-05 5.708880815364320927e-04
9.391400228464275328e-05 5.723643683752302870e-04
9.466908568880235135e-05 5.738485690661405221e-04
9.543024008273318006e-05 5.753407636709298011e-04
9.619751427815123395e-05 5.768410332178557955e-04
9.697095747922665672e-05 5.783494597154531253e-04
9.775061928573879663e-05 5.798661261665376742e-04
9.853654969625709307e-05 5.813911165824440066e-04
9.932879911134741475e-05 5.829245159974944792e-04
1.001274183368039037e-04 5.844664104837054685e-04
1.009324585869075856e-04 5.860168871657356988e-04
1.017439714877102692e-04 5.875760342360831796e-04
1.025620090803453877e-04 5.891439409705277134e-04
1.033866238243653766e-04 5.907206977438330710e-04
1.042178686011055059e-04 5.923063960457087239e-04
1.050557967170755760e-04 5.939011284970340627e-04
1.059004619073780954e-04 5.955049888663555089e-04
1.067519183391542277e-04 5.971180720866556529e-04
1.076102206150576161e-04 5.987404742724052606e-04
1.084754237767555972e-04 6.003722927368963054e-04
1.093475833084594313e-04 6.020136260098712033e-04
1.102267551404821660e-04 6.036645738554417481e-04
1.111129956528253665e-04 6.053252372903144413e-04
1.120063616787948080e-04 6.069957186023206995e-04
1.129069105086446964e-04 6.086761213692582287e-04
1.138146998932522728e-04 6.103665504780570079e-04
1.147297880478208250e-04 6.120671121442627276e-04
1.156522336556130564e-04 6.137779139318576315e-04
1.165820958717144737e-04 6.154990647734131246e-04
1.175194343268264952e-04 6.172306749905912774e-04
1.184643091310911504e-04 6.189728563149921904e-04
1.194167808779453098e-04 6.207257219093618560e-04
1.203769106480067101e-04 6.224893863891603008e-04
1.213447600129909727e-04 6.242639658445035605e-04
1.223203910396597537e-04 6.260495778624813315e-04
1.233038662938015133e-04 6.278463415498600556e-04
1.242952488442435120e-04 6.296543775561806548e-04
1.252946022668962635e-04 6.314738080972529758e-04
1.263019906488307856e-04 6.333047569790612548e-04
1.273174785923879434e-04 6.351473496220827724e-04
1.283411312193218903e-04 6.370017130860312991e-04
1.293730141749759542e-04 6.388679760950348712e-04
1.304131936324923234e-04 6.407462690632496341e-04
1.314617362970557765e-04 6.426367241209276398e-04
1.325187094101710225e-04 6.445394751409376250e-04
1.335841807539754405e-04 6.464546577657577422e-04
1.346582186555853207e-04 6.483824094349413276e-04
1.357408919914778031e-04 6.503228694130690430e-04
1.368322701919078357e-04 6.522761788181957385e-04
1.379324232453603156e-04 6.542424806508023369e-04
1.390414217030388751e-04 6.562219198232636897e-04
1.401593366833898784e-04 6.582146431898414042e-04
1.412862398766632263e-04 6.602207995772098803e-04
1.424222035495099155e-04 6.622405398155329064e-04
1.435673005496157018e-04 6.642740167700926556e-04
1.447216043103738219e-04 6.663213853734922245e-04
1.458851888555932766e-04 6.683828026584339929e-04
1.470581288042464439e-04 6.704584277910923418e-04
1.482404993752535005e-04 6.725484221050864785e-04
1.494323763923070944e-04 6.746529491360740748e-04
1.506338362887342053e-04 6.767721746569678887e-04
1.518449561123977960e-04 6.789062667137958597e-04
1.530658135306379010e-04 6.810553956622162784e-04
1.542964868352519631e-04 6.832197342046963809e-04
1.555370549475160993e-04 6.853994574283765913e-04
1.567875974232458582e-04 6.875947428436272445e-04
1.580481944578981772e-04 6.898057704233126431e-04
1.593189268917141331e-04 6.920327226427836972e-04
1.605998762149027836e-04 6.942757845206027267e-04
1.618911245728676994e-04 6.965351436600306740e-04
1.631927547714743707e-04 6.988109902912739094e-04
1.645048502823604668e-04 7.011035173145259728e-04
1.658274952482890303e-04 7.034129203438044698e-04
1.671607744885436294e-04 7.057393977516089253e-04
1.685047735043688306e-04 7.080831507144141239e-04
1.698595784844524666e-04 7.104443832590188850e-04
1.712252763104531162e-04 7.128233023097610074e-04
1.726019545625716561e-04 7.152201177366251635e-04
1.739897015251672390e-04 7.176350424042578354e-04
1.753886061924195933e-04 7.200682922219100047e-04
1.767987582740356131e-04 7.225200861943263490e-04
1.782202482010023241e-04 7.249906464735998137e-04
1.796531671313863902e-04 7.274801984120189864e-04
1.810976069561792093e-04 7.299889706159144558e-04
1.825536603051906913e-04 7.325171950005465466e-04
1.840214205529890317e-04 7.350651068460374669e-04
1.855009818248884901e-04 7.376329448543813682e-04
1.869924390029860373e-04 7.402209512075502099e-04
1.884958877322451124e-04 7.428293716267217722e-04
1.900114244266303096e-04 7.454584554326567063e-04
1.915391462752894717e-04 7.481084556072412116e-04
1.930791512487865791e-04 7.507796288562273209e-04
1.946315381053846194e-04 7.534722356731971427e-04
1.961964063973780064e-04 7.561865404047722009e-04
1.977738564774779071e-04 7.589228113171014823e-04
1.993639895052469273e-04 7.616813206636523703e-04
2.009669074535865442e-04 7.644623447543328698e-04
2.025827131152766066e-04 7.672661640259770006e-04
2.042115101095665802e-04 7.700930631142211122e-04
2.058534028888217061e-04 7.729433309268027817e-04
2.075084967452204437e-04 7.758172607183137347e-04
2.091768978175070437e-04 7.787151501664408334e-04
2.108587130977981157e-04 7.816373014497221289e-04
2.125540504384433778e-04 7.845840213268588529e-04
2.142630185589428939e-04 7.875556212176193418e-04
2.159857270529184936e-04 7.905524172853578817e-04
2.177222863951420583e-04 7.935747305211999711e-04
2.194728079486203492e-04 7.966228868299265282e-04
2.212374039717355080e-04 7.996972171175840407e-04
2.230161876254455695e-04 8.027980573808834314e-04
2.248092729805401858e-04 8.059257487984037953e-04
2.266167750249563080e-04 8.090806378236578209e-04
2.284388096711521430e-04 8.122630762800541306e-04
2.302754937635397665e-04 8.154734214578020788e-04
2.321269450859794802e-04 8.187120362128068188e-04
2.339932823693320662e-04 8.219792890675910700e-04
2.358746252990733016e-04 8.252755543143005038e-04
2.377710945229692154e-04 8.286012121198357925e-04
2.396828116588122773e-04 8.319566486331580503e-04
2.416098993022219345e-04 8.353422560948264288e-04
2.435524810345054568e-04 8.387584329488109117e-04
2.455106814305834002e-04 8.422055839566347339e-04
2.474846260669784966e-04 8.456841203139121290e-04
2.494744415298679689e-04 8.491944597693150149e-04
2.514802554232024976e-04 8.527370267460513418e-04
2.535021963768885052e-04 8.563122524658959775e-04
2.555403940550372540e-04 8.599205750758390741e-04
2.575949791642794299e-04 8.635624397774196775e-04
2.596660834621482478e-04 8.672382989587997665e-04
2.617538397655280432e-04 8.709486123296495200e-04
2.638583819591719805e-04 8.746938470589095144e-04
2.659798450042878508e-04 8.784744779154965303e-04
2.681183649471922817e-04 8.822909874120262591e-04
2.702740789280363965e-04 8.861438659516243611e-04
2.724471251895996152e-04 8.900336119778999230e-04
2.746376430861550673e-04 8.939607321281569947e-04
2.768457730924065081e-04 8.979257413899259521e-04
2.790716568124957612e-04 9.019291632608880888e-04
2.813154369890850264e-04 9.059715299122880847e-04
2.835772575125097687e-04 9.100533823559043937e-04
2.858572634300065251e-04 9.141752706146771866e-04
2.881556009550147093e-04 9.183377538970760329e-04
2.904724174765521954e-04 9.225414007753033815e-04
2.928078615686684769e-04 9.267867893674257805e-04
2.951620829999716594e-04 9.310745075235347511e-04
2.975352327432331367e-04 9.354051530160241608e-04
2.999274629850694619e-04 9.397793337341081273e-04
3.023389271357007093e-04 9.441976678826613121e-04
3.047697798387902592e-04 9.486607841855098635e-04
3.072201769813607489e-04 9.531693220932687446e-04
3.096902757037909041e-04 9.577239319958519726e-04
3.121802344098933610e-04 9.623252754397638650e-04
3.146902127770714722e-04 9.669740253502949988e-04
3.172203717665608431e-04 9.716708662587574333e-04
3.197708736337508822e-04 9.764164945348650145e-04
3.223418819385896186e-04 9.812116186244121754e-04
3.249335615560733576e-04 9.860569592923726628e-04
3.275460786868184112e-04 9.909532498715617390e-04
3.301796008677213533e-04 9.959012365170060582e-04
3.328342969827012402e-04 1.000901678466163463e-03
3.355103372735307910e-04 1.005955348305148395e-03
3.382078933507537606e-04 1.011063032241116006e-03
3.409271382046885081e-04 1.016225530380964782e-03
3.436682462165242097e-04 1.021443657016522918e-03
3.464313931695016933e-04 1.026718240916388216e-03
3.492167562601869186e-04 1.032050125624594129e-03
3.520245141098347170e-04 1.037440169766279527e-03
3.548548467758418155e-04 1.042889247360553016e-03
3.577079357632957039e-04 1.048398248140734387e-03
3.605839640366133823e-04 1.053968077882174847e-03
3.634831160312744351e-04 1.059599658737848601e-03
3.664055776656492962e-04 1.065293929581933490e-03
3.693515363529204323e-04 1.071051846361585581e-03
3.723211810131028376e-04 1.076874382457130436e-03
3.753147020851577164e-04 1.082762529050899578e-03
3.783322915392061292e-04 1.088717295504934872e-03
3.813741428888388612e-04 1.094739709747819499e-03
3.844404512035260921e-04 1.100830818670854973e-03
3.875314131211280593e-04 1.106991688533870638e-03
3.906472268605040580e-04 1.113223405380900062e-03
3.937880922342244404e-04 1.119527075466007944e-03
3.969542106613845847e-04 1.125903825689546179e-03
4.001457851805200199e-04 1.132354804045117942e-03
4.033630204626289942e-04 1.138881180077553571e-03
4.066061228242970685e-04 1.145484145352198809e-03
4.098753002409275805e-04 1.152164913935825683e-03
4.131707623600780910e-04 1.158924722889494987e-03
4.164927205149067673e-04 1.165764832773701467e-03
4.198413877377231754e-04 1.172686528166150830e-03
4.232169787736503666e-04 1.179691118192504468e-03
4.266197100943965753e-04 1.186779937070487180e-03
4.300497999121355008e-04 1.193954344667702474e-03
4.335074681935021648e-04 1.201215727073573708e-03
4.369929366736980021e-04 1.208565497185790788e-03
4.405064288707101722e-04 1.216005095311681111e-03
4.440481700996463379e-04 1.223535989784941495e-03
4.476183874871818226e-04 1.231159677598156737e-03
4.512173099861276548e-04 1.238877685051569932e-03
4.548451683901110995e-04 1.246691568418568799e-03
4.585021953483766981e-04 1.254602914628368112e-03
4.621886253807058666e-04 1.262613341966400179e-03
4.659046948924551587e-04 1.270724500792907129e-03
4.696506421897183995e-04 1.278938074280297921e-03
4.734267074946079193e-04 1.287255779169786153e-03
4.772331329606596022e-04 1.295679366547898906e-03
4.810701626883624022e-04 1.304210622643436034e-03
4.849380427408106443e-04 1.312851369645477067e-03
4.888370211594857259e-04 1.321603466543081265e-03
4.927673479801615792e-04 1.330468809987294266e-03
4.967292752489389914e-04 1.339449335176162367e-03
5.007230570384100295e-04 1.348547016763420583e-03
5.047489494639487194e-04 1.357763869791567225e-03
5.088072107001386608e-04 1.367101950650082215e-03
5.128981009973273848e-04 1.376563358059516851e-03
5.170218826983164536e-04 1.386150234082269466e-03
5.211788202551853513e-04 1.395864765160840636e-03
5.253691802462484052e-04 1.405709183184420969e-03
5.295932313931533053e-04 1.415685766584667132e-03
5.338512445781116783e-04 1.425796841461572304e-03
5.381434928612710425e-04 1.436044782740362145e-03
5.424702514982257572e-04 1.446432015360365206e-03
5.468317979576676167e-04 1.456961015496861279e-03
5.512284119391815118e-04 1.467634311816930779e-03
5.556603753911810604e-04 1.478454486770376750e-03
5.601279725289890887e-04 1.489424177916799392e-03
5.646314898530656714e-04 1.500546079289982520e-03
5.691712161673776610e-04 1.511822942800764881e-03
5.737474425979235829e-04 1.523257579679608217e-03
5.783604626113998020e-04 1.534852861960132354e-03
5.830105720340214050e-04 1.546611724004918770e-03
5.876980690704938955e-04 1.558537164074945284e-03
5.924232543231337496e-04 1.570632245944037029e-03
5.971864308111490003e-04 1.582900100559811061e-03
6.019879039900695493e-04 1.595343927752580857e-03
6.068279817713362074e-04 1.607966997993826204e-03
6.117069745420466173e-04 1.620772654205791244e-03
6.166251951848581705e-04 1.633764313623919159e-03
6.215829590980558299e-04 1.646945469713846730e-03
6.265805842157759703e-04 1.660319694144743582e-03
6.316183910283956673e-04 1.673890638820871345e-03
6.366967026030858094e-04 1.687662037973289590e-03
6.418158446045268408e-04 1.701637710313690880e-03
6.469761453157956994e-04 1.715821561252481092e-03
6.521779356594172277e-04 1.730217585183208570e-03
6.574215492185852628e-04 1.744829867835603551e-03
6.627073222585560044e-04 1.759662588699536113e-03
6.680355937482091106e-04 1.774720023522285495e-03
6.734067053817899620e-04 1.790006546881627676e-03
6.788210016008184612e-04 1.805526634837318137e-03
6.842788296161792178e-04 1.821284867663646497e-03
6.897805394303873749e-04 1.837285932665859173e-03
6.953264838600319193e-04 1.853534627083336210e-03
7.009170185584048243e-04 1.870035861082535713e-03
7.065525020383056154e-04 1.886794660842804321e-03
7.122332956950345887e-04 1.903816171738307184e-03
7.179597638295649210e-04 1.921105661619423952e-03
7.237322736719092875e-04 1.938668524197134646e-03
7.295511954046668890e-04 1.956510282533988239e-03
7.354169021867633599e-04 1.974636592645455380e-03
7.413297701773820378e-04 1.993053247215554723e-03
7.472901785600832326e-04 2.011766179430866767e-03
7.532985095671246170e-04 2.030781466937136258e-03
7.593551485039714589e-04 2.050105335922878906e-03
7.654604837740056978e-04 2.069744165334569484e-03
7.716149069034340799e-04 2.089704491228186554e-03
7.778188125663940524e-04 2.109993011262026145e-03
7.840725986102676072e-04 2.130616589336010655e-03
7.903766660811917992e-04 2.151582260382761333e-03
7.967314192497775395e-04 2.172897235316086084e-03
8.031372656370363390e-04 2.194568906142666150e-03
8.095946160405109900e-04 2.216604851242949883e-03
8.161038845606229802e-04 2.239012840827622232e-03
8.226654886272263389e-04 2.261800842576110020e-03
8.292798490263766963e-04 2.284977027464019442e-03
8.359473899273170763e-04 2.308549775786562178e-03
8.426685389096757583e-04 2.332527683385388247e-03
8.494437269908908456e-04 2.356919568086564189e-03
8.562733886538479887e-04 2.381734476357656814e-03
8.631579618747440555e-04 2.406981690192398337e-03
8.700978881511742561e-04 2.432670734231557989e-03
8.770936125304417460e-04 2.458811383129193718e-03
8.841455836381030423e-04 2.485413669173754721e-03
8.912542537067335343e-04 2.512487890173887607e-03
8.984200786049303250e-04 2.540044617619335865e-03
9.056435178665467670e-04 2.568094705127639370e-03
9.129250347201583668e-04 2.596649297187873622e-03
9.202650961187740447e-04 2.625719838213218769e-03
9.276641727697780039e-04 2.655318081914466791e-03
9.351227391651156535e-04 2.685456101007359288e-03
9.426412736117239111e-04 2.716146297267024810e-03
9.502202582621999214e-04 2.747401411943415153e-03
9.578601791457268385e-04 2.779234536552387374e-03
9.655615261992380252e-04 2.811659124057477605e-03
9.733247932988373400e-04 2.844689000458359984e-03
9.811504782914711766e-04 2.878338376802497441e-03
9.890390830268513869e-04 2.912621861637340256e-03
9.969911133896434009e-04 2.947554473921213704e-03
1.005007079331904580e-03 2.983151656411801508e-03
1.013087494905786680e-03 3.019429289552028311e-03
1.021232878296503407e-03 3.056403705874107934e-03
1.029443751855556657e-03 3.094091704943356495e-03
1.037720642134239016e-03 3.132510568864542086e-03
1.046064079917398415e-03 3.171678078374387099e-03
1.054474600257476443e-03 3.211612529545135146e-03
1.062952742508821392e-03 3.252332751125189096e-03
1.071499050362273225e-03 3.293858122543941343e-03
1.080114071880034984e-03 3.336208592609486018e-03
1.088798359530815255e-03 3.379404698928885602e-03
1.097552470225257940e-03 3.423467588082401702e-03
1.106376965351658047e-03 3.468419036584452411e-03
1.115272410811957854e-03 3.514281472665593473e-03
1.124239377058043176e-03 3.561077998911662754e-03
1.133278439128322613e-03 3.608832415797731067e-03
1.142390176684605170e-03 3.657569246156560684e-03
1.151575174049269306e-03 3.707313760623026644e-03
1.160834020242740338e-03 3.758092004098216761e-03
1.170167309021260572e-03 3.809930823278789326e-03
1.179575638914965186e-03 3.862857895299714496e-03
1.189059613266267969e-03 3.916901757540745821e-03
1.198619840268547610e-03 3.972091838649491509e-03
1.208256933005156424e-03 4.028458490836794338e-03
1.217971509488733305e-03 4.086033023502673965e-03
1.227764192700835652e-03 4.144847738253957213e-03
1.237635610631892440e-03 4.204935965378828883e-03
1.247586396321471048e-03 4.266332101844956363e-03
1.257617187898880636e-03 4.329071650893285758e-03
1.267728628624089715e-03 4.393191263302020227e-03
1.277921366928978092e-03 4.458728780399648026e-03
1.288196056458921655e-03 4.525723278909958222e-03
1.298553356114705033e-03 4.594215117716045696e-03
1.308993930094782708e-03 4.664245986635965659e-03
1.319518447937867347e-03 4.735858957304850750e-03
1.330127584565869844e-03 4.809098536267552432e-03
1.340822020327180238e-03 4.884010720387412310e-03
1.351602441040294271e-03 4.960643054684655065e-03
1.362469538037799693e-03 5.039044692723467465e-03
1.373424008210705378e-03 5.119266459673029596e-03
1.384466554053135831e-03 5.201360918174920134e-03
1.395597883707378481e-03 5.285382437156255567e-03
1.406818711009294410e-03 5.371387263735691309e-03
1.418129755534100088e-03 5.459433598377666508e-03
1.429531742642510582e-03 5.549581673458342523e-03
1.441025403527254004e-03 5.641893835416555633e-03
1.452611475259965850e-03 5.736434630671994120e-03
1.464290700838449810e-03 5.833270895503638032e-03
1.476063829234332790e-03 5.932471850092055701e-03
1.487931615441090514e-03 6.034109196940758146e-03
1.499894820522466258e-03 6.138257223904128139e-03
1.511954211661275995e-03 6.244992912062428611e-03
1.524110562208603635e-03 6.354396048698113253e-03
1.536364651733401320e-03 6.466549345642683133e-03
1.548717266072477871e-03 6.581538563278409651e-03
1.561169197380893369e-03 6.699452640496424832e-03
1.573721244182761615e-03 6.820383830930016808e-03
1.586374211422452015e-03 6.944427845800711999e-03
1.599128910516218203e-03 7.071684003735166646e-03
1.611986159404226295e-03 7.202255387931518794e-03
1.624946782603011418e-03 7.336249011077044212e-03
1.638011611258352943e-03 7.473775988443053311e-03
1.651181483198568877e-03 7.614951719608382442e-03
1.664457242988254346e-03 7.759896079290678692e-03
1.677839741982434674e-03 7.908733617793527529e-03
1.691329838381164501e-03 8.061593771609079292e-03
1.704928397284563839e-03 8.218611084748687901e-03
1.718636290748289759e-03 8.379925441409842579e-03
1.732454397839469076e-03 8.545682310625645622e-03
1.746383604693065158e-03 8.716033003583190802e-03
1.760424804568707030e-03 8.891134944340850499e-03
1.774578897907973197e-03 9.071151954720595503e-03
1.788846792392129962e-03 9.256254554200366372e-03
1.803229403000349181e-03 9.446620275685383566e-03
1.817727652068378127e-03 9.642433998092477324e-03
1.832342469347688794e-03 9.843888296742910049e-03
1.847074792065104025e-03 1.005118381262357086e-02
1.861925564982892453e-03 1.026452964164524702e-02
1.876895740459366300e-03 1.048414374510196409e-02
1.891986278509946891e-03 1.071025338261320271e-02
1.907198146868731292e-03 1.094309556891777911e-02
1.922532321050552480e-03 1.118291755597812867e-02
1.937989784413532597e-03 1.142997734195241519e-02
1.953571528222152950e-03 1.168454420869704732e-02
1.969278551710816443e-03 1.194689928957430938e-02
1.985111862147928910e-03 1.221733616946213408e-02
2.001072474900489600e-03 1.249616151899160532e-02
2.017161413499212255e-03 1.278369576517987029e-02
2.033379709704159245e-03 1.308027380077371460e-02
2.049728403570904786e-03 1.338624573478320104e-02
2.066208543517237227e-03 1.370197768685727131e-02
2.082821186390383921e-03 1.402785262834062817e-02
2.099567397534795547e-03 1.436427127305339030e-02
2.116448250860459082e-03 1.471165302105099763e-02
2.133464828911767197e-03 1.507043695885665682e-02
2.150618222936942318e-03 1.544108291991019843e-02
2.167909532958008437e-03 1.582407260924933307e-02
2.185339867841347514e-03 1.621991079673247571e-02
2.202910345368798862e-03 1.662912658342862587e-02
2.220622092309345284e-03 1.705227474614221667e-02
2.238476244491370819e-03 1.748993716540889198e-02
2.256473946875495271e-03 1.794272434269818944e-02
2.274616353628005488e-03 1.841127701299020286e-02
2.292904628194868642e-03 1.889626785935838091e-02
2.311339943376338781e-03 1.939840333669744232e-02
2.329923481402172269e-03 1.991842561227986919e-02
2.348656434007432171e-03 2.045711463141726416e-02
2.367540002508928404e-03 2.101529031714323772e-02
2.386575397882242065e-03 2.159381491352959509e-02
2.405763840839391602e-03 2.219359548300103152e-02
2.425106561907113944e-03 2.281558656883123787e-02
2.444604801505769268e-03 2.346079303489067430e-02
2.464259810028898452e-03 2.413027309567979811e-02
2.484072847923404163e-03 2.482514155072929746e-02
2.504045185770378563e-03 2.554657323858536278e-02
2.524178104366590642e-03 2.629580672683824380e-02
2.544472894806609330e-03 2.707414825599690350e-02
2.564930858565614858e-03 2.788297595648080163e-02
2.585553307582852400e-03 2.872374435959375305e-02
2.606341564345763129e-03 2.959798922508884156e-02
2.627296961974800917e-03 3.050733270982630696e-02
2.648420844308910834e-03 3.145348890409881137e-02
2.669714565991721487e-03 3.243826976445626092e-02
2.691179492558407830e-03 3.346359147432630826e-02
2.712817000523264337e-03 3.453148126642451021e-02
2.734628477467979449e-03 3.564408474389058057e-02
2.756615322130609533e-03 3.680367374030796279e-02
2.778778944495293151e-03 3.801265476229366558e-02
2.801120765882663104e-03 3.927357806219520381e-02
2.823642219040992281e-03 4.058914739266988869e-02
2.846344748238080220e-03 4.196223049954725393e-02
2.869229809353858723e-03 4.339587041446456989e-02
2.892298869973772019e-03 4.489329761433637211e-02
2.915553409482880744e-03 4.645794312084856881e-02
2.938994919160734832e-03 4.809345261989165371e-02
2.962624902277009691e-03 4.980370168824538313e-02
2.986444874187898710e-03 5.159281222295997865e-02
3.010456362433305052e-03 5.346517017783790349e-02
3.034660906834792810e-03 5.542544472127200472e-02
3.059060059594333972e-03 5.747860894056994879e-02
3.083655385393851197e-03 5.962996222986725880e-02
3.108448461495550309e-03 6.188515451195775174e-02
3.133440877843080702e-03 6.425021245895945476e-02
3.158634237163488508e-03 6.673156789285306090e-02
3.184030155070000263e-03 6.933608856476090876e-02
3.209630260165619291e-03 7.207111153153666905e-02
3.235436194147583815e-03 7.494447937007547855e-02
3.261449611912632142e-03 7.796457949390198094e-02
3.287672181663135653e-03 8.114038686340338535e-02
3.314105585014078328e-03 8.448151041078391654e-02
3.340751517100884992e-03 8.799824353378962738e-02
3.367611686688145103e-03 9.170161904890539173e-02
