2.497382406435652939e-25 9.768325619515944397e-18
1.592405960127358361e-24 3.089015920155193588e-17
1.015365822756892167e-23 9.768326876420302874e-17
6.474277161963938908e-23 3.089016721595150065e-16
4.128193389070159467e-22 9.768331986641967382e-16
2.632259977636328568e-21 3.089019980025807047e-15
1.678407946733001633e-20 9.768352763373603653e-15
1.070203270037972128e-19 3.089033227893325649e-14
6.823937180644061677e-19 9.768437235752100315e-14
4.351147109064984495e-18 3.089087090016611440e-13
1.915297948882004416e-17 7.759322488683919743e-13
8.060281057525431301e-17 1.949163039787816667e-12
3.231548868885900942e-16 4.896382250613372468e-12
4.345363206717196250e-16 6.163781780305984805e-12
1.185699981296668146e-15 1.229732179640797847e-11
3.167099671296256822e-15 2.454290871984140256e-11
8.312293945536222779e-15 4.898397135859626299e-11
2.151611673377367987e-14 9.773430848120292535e-11
5.516190296262407946e-14 1.950308160666369755e-10
7.219962673568143336e-14 2.455395918119563429e-10
1.345996703506809824e-13 3.892770603306517574e-10
2.502777173064534741e-13 6.169465998965407740e-10
3.411676113431318569e-13 7.768626451909397954e-10
4.161104603351930561e-13 9.006720410829545173e-10
5.668224300832851639e-13 1.192414995932578561e-09
1.051017683769589897e-12 1.890432911212288601e-09
1.946696275912857264e-12 3.094630240399093478e-09
3.604197434436283020e-12 4.906521065391501087e-09
4.678350727597027810e-12 5.964785761620009416e-09
6.363945126095426008e-12 7.510858710852283575e-09
8.659328086403540721e-12 9.798092857573101657e-09
1.177437263656969924e-11 1.233578754396143564e-08
1.601314678573479096e-11 1.553407705195085344e-08
2.068158225216417963e-11 1.881943995759334440e-08
2.812629084553211013e-11 2.462793118627416045e-08
3.823985723652250255e-11 3.101071367919697201e-08
4.915490723856361436e-11 3.744047090307774978e-08
6.683712298751739095e-11 4.918310976261355027e-08
9.088989403667837668e-11 6.194746997419662658e-08
1.198094057756214983e-10 7.622496704508910767e-08
1.235276287134856064e-10 8.111821537560480725e-08
1.679810496150610554e-10 1.052041443179145334e-07
2.145827771029579730e-10 1.264403182978826954e-07
2.389577941400671919e-10 1.370814666799720085e-07
2.718434103460653354e-10 1.558050328926489486e-07
3.695913600236930604e-10 2.029070399259184632e-07
4.805596579248377059e-10 2.471473550088626382e-07
6.228436556804378813e-10 3.112918511513913844e-07
6.449051117784316288e-10 3.195404339442749206e-07
6.519284217721749412e-10 3.221516175955882510e-07
6.901021772675798839e-10 3.362246542759246589e-07
7.517420508597271333e-10 3.585491157042282318e-07
7.842145311837404764e-10 3.701260768930860222e-07
8.123077711587138292e-10 3.800461204279264704e-07
8.948523203792971162e-10 4.248355205313744057e-07
1.780367769825735293e-09 1.571243743291283042e-06
2.831798589477310162e-09 2.360915204371286954e-06
4.352717025416528164e-09 3.331634749736530039e-06
6.442936706730940560e-09 4.497300351158025239e-06
9.210451352971400048e-09 5.875749191388290656e-06
1.726412223638507203e-08 9.359364509061765243e-06
2.961440629244172500e-08 1.399035730184682620e-05
4.760234259406434222e-08 2.000744564924680080e-05
7.280858902572716169e-08 2.762541866450402925e-05
1.069774052811704485e-07 3.692082460755834189e-05
1.786399553702715184e-07 5.352425790188030335e-05
3.179080611873818725e-07 7.810458603098302793e-05
4.169532575344421554e-07 9.195064971249766836e-05
4.437988271458211392e-07 9.546604737380116803e-05
8.192319285407806845e-07 1.258634192745901824e-04
1.141875449293972750e-06 1.511711783592540627e-04
1.151056308169158607e-06 1.516162522905594627e-04
1.160310982599042830e-06 1.520617190739969812e-04
1.169640066072338160e-06 1.525075809331920631e-04
1.179044156849500291e-06 1.529538401087521206e-04
1.188523858001092960e-06 1.534004988582314316e-04
1.198079777446463473e-06 1.538475594560966627e-04
1.207712527992725699e-06 1.542950241936938004e-04
1.217422727374059859e-06 1.547428953792163574e-04
1.227210998291326774e-06 1.551911753376745810e-04
1.237077968451999754e-06 1.556398664108656917e-04
1.247024270610419624e-06 1.560889709573458025e-04
1.257050542608372260e-06 1.565384913524021904e-04
1.267157427415992236e-06 1.569884299880273839e-04
1.277345573172994483e-06 1.574387892728940639e-04
1.287615633230241369e-06 1.578895716323311296e-04
1.297968266191637583e-06 1.583407795083009305e-04
1.308404135956368074e-06 1.587924153593775825e-04
1.318923911761472038e-06 1.592444816607264490e-04
1.329528268224759754e-06 1.596969809040847882e-04
1.340217885388075421e-06 1.601499155977431860e-04
1.350993448760907077e-06 1.606032882665285339e-04
1.361855649364347185e-06 1.610571014517879289e-04
1.372805183775407277e-06 1.615113577113734403e-04
1.383842754171686663e-06 1.619660596196283403e-04
1.394969068376405147e-06 1.624212097673742832e-04
1.406184839903791712e-06 1.628768107618992712e-04
1.417490788004843145e-06 1.633328652269473540e-04
1.428887637713447523e-06 1.637893758027086271e-04
1.440376119892879758e-06 1.642463451458110464e-04
1.451956971282670681e-06 1.647037759293125674e-04
1.463630934545853479e-06 1.651616708426951281e-04
1.475398758316589824e-06 1.656200325918590381e-04
1.487261197248177787e-06 1.660788638991187230e-04
1.499219012061446433e-06 1.665381675031994994e-04
1.511272969593541744e-06 1.669979461592355685e-04
1.523423842847100266e-06 1.674582026387684444e-04
1.535672411039822351e-06 1.679189397297473605e-04
1.548019459654441806e-06 1.683801602365298119e-04
1.560465780489097035e-06 1.688418669798836961e-04
1.573012171708108760e-06 1.693040627969903493e-04
1.585659437893165162e-06 1.697667505414485038e-04
1.598408390094917626e-06 1.702299330832794373e-04
1.611259845884993639e-06 1.706936133089329911e-04
1.624214629408424537e-06 1.711577941212946707e-04
1.637273571436498662e-06 1.716224784396938596e-04
1.650437509420036350e-06 1.720876691999129258e-04
1.663707287543094357e-06 1.725533693541973865e-04
1.677083756777103759e-06 1.730195818712670485e-04
1.690567774935438995e-06 1.734863097363281779e-04
1.704160206728429688e-06 1.739535559510867820e-04
1.717861923818813984e-06 1.744213235337626223e-04
1.731673804877634688e-06 1.748896155191046104e-04
1.745596735640589182e-06 1.753584349584067729e-04
1.759631608964829976e-06 1.758277849195256253e-04
1.773779324886221166e-06 1.762976684868982247e-04
1.788040790677058444e-06 1.767680887615613323e-04
1.802416920904248818e-06 1.772390488611715531e-04
1.816908637487962354e-06 1.777105519200266129e-04
1.831516869760752956e-06 1.781826010890873136e-04
1.846242554527153913e-06 1.786551995360006269e-04
1.861086636123756037e-06 1.791283504451240071e-04
1.876050066479764803e-06 1.796020570175501383e-04
1.891133805178046861e-06 1.800763224711331720e-04
1.906338819516666765e-06 1.805511500405157239e-04
1.921666084570917952e-06 1.810265429771568731e-04
1.937116583255853254e-06 1.815025045493609210e-04
1.952691306389317912e-06 1.819790380423075857e-04
1.968391252755488698e-06 1.824561467580828754e-04
1.984217429168925058e-06 1.829338340157107194e-04
2.000170850539134627e-06 1.834121031511860638e-04
2.016252539935656698e-06 1.838909575175083730e-04
2.032463528653673394e-06 1.843704004847168665e-04
2.048804856280140069e-06 1.848504354399256740e-04
2.065277570760456546e-06 1.853310657873609424e-04
2.081882728465670710e-06 1.858122949483982677e-04
2.098621394260217848e-06 1.862941263616014012e-04
2.115494641570212680e-06 1.867765634827616870e-04
2.132503552452285615e-06 1.872596097849386660e-04
2.149649217662972106e-06 1.877432687585016543e-04
2.166932736728663601e-06 1.882275439111718923e-04
2.184355218016116679e-06 1.887124387680662102e-04
2.201917778803531399e-06 1.891979568717412641e-04
2.219621545352200970e-06 1.896841017822386655e-04
2.237467652978737825e-06 1.901708770771316022e-04
2.255457246127878645e-06 1.906582863515716487e-04
2.273591478445877224e-06 1.911463332183371215e-04
2.291871512854483052e-06 1.916350213078821935e-04
2.310298521625523842e-06 1.921243542683868488e-04
2.328873686456074195e-06 1.926143357658080296e-04
2.347598198544241756e-06 1.931049694839314886e-04
2.366473258665554762e-06 1.935962591244246435e-04
2.385500077249966657e-06 1.940882084068907057e-04
2.404679874459476916e-06 1.945808210689230807e-04
2.424013880266382073e-06 1.950741008661616377e-04
2.443503334532148880e-06 1.955680515723490611e-04
2.463149487086927414e-06 1.960626769793885843e-04
2.482953597809698177e-06 1.965579808974027537e-04
2.502916936709068033e-06 1.970539671547929237e-04
2.523040784004713266e-06 1.975506395982997289e-04
2.543326430209479101e-06 1.980480020930646930e-04
2.563775176212136936e-06 1.985460585226926796e-04
2.584388333360810741e-06 1.990448127893150465e-04
2.605167223547067094e-06 1.995442688136545083e-04
2.626113179290693865e-06 2.000444305350898360e-04
2.647227543825145512e-06 2.005453019117226171e-04
2.668511671183685485e-06 2.010468869204441234e-04
2.689966926286220650e-06 2.015491895570039411e-04
2.711594685026826484e-06 2.020522138360787093e-04
2.733396334361986301e-06 2.025559637913422950e-04
2.755373272399531405e-06 2.030604434755371875e-04
2.777526908488301230e-06 2.035656569605462189e-04
2.799858663308522169e-06 2.040716083374657203e-04
2.822369968962913172e-06 2.045783017166794644e-04
2.845062269068526989e-06 2.050857412279335568e-04
2.867937018849323245e-06 2.055939310204125199e-04
2.890995685229493258e-06 2.061028752628160546e-04
2.914239746927530677e-06 2.066125781434368042e-04
2.937670694551058509e-06 2.071230438702395830e-04
2.961290030692419331e-06 2.076342766709406856e-04
2.985099270025038414e-06 2.081462807930890119e-04
3.009099939400551725e-06 2.086590605041478436e-04
3.033293577946724203e-06 2.091726200915775685e-04
3.057681737166151120e-06 2.096869638629191642e-04
3.082265981035754383e-06 2.102020961458793890e-04
3.107047886107075897e-06 2.107180212884162177e-04
3.132029041607380258e-06 2.112347436588255499e-04
3.157211049541573153e-06 2.117522676458291121e-04
3.182595524794930356e-06 2.122705976586630641e-04
3.208184095236660215e-06 2.127897381271674998e-04
3.233978401824296228e-06 2.133096935018776016e-04
3.259980098708929874e-06 2.138304682541148488e-04
3.286190853341291324e-06 2.143520668760802320e-04
3.312612346578673376e-06 2.148744938809476297e-04
3.339246272792728682e-06 2.153977538029586494e-04
3.366094339978126282e-06 2.159218511975184978e-04
3.393158269862079745e-06 2.164467906412925291e-04
3.420439798014765111e-06 2.169725767323043111e-04
3.447940673960612974e-06 2.174992140900342604e-04
3.475662661290508161e-06 2.180267073555195790e-04
3.503607537774883452e-06 2.185550611914551390e-04
3.531777095477728946e-06 2.190842802822952351e-04
3.560173140871508174e-06 2.196143693343568007e-04
3.588797494953013567e-06 2.201453330759234100e-04
3.617651993360135462e-06 2.206771762573498492e-04
3.646738486489582731e-06 2.212099036511688290e-04
3.676058839615548717e-06 2.217435200521978330e-04
3.705614933009321175e-06 2.222780302776470229e-04
3.735408662059871391e-06 2.228134391672293118e-04
3.765441937395393245e-06 2.233497515832697064e-04
3.795716685005834571e-06 2.238869724108174131e-04
3.826234846366403881e-06 2.244251065577579178e-04
3.856998378562081244e-06 2.249641589549267998e-04
3.888009254413114683e-06 2.255041345562239252e-04
3.919269462601541917e-06 2.260450383387297281e-04
3.950781007798716247e-06 2.265868753028214637e-04
3.982545910793864984e-06 2.271296504722913597e-04
4.014566208623679561e-06 2.276733688944655254e-04
4.046843954702949191e-06 2.282180356403240822e-04
4.079381218956243991e-06 2.287636558046222414e-04
4.112180087950649288e-06 2.293102345060126564e-04
4.145242665029583267e-06 2.298577768871689405e-04
4.178571070447675956e-06 2.304062881149099436e-04
4.212167441506737500e-06 2.309557733803255740e-04
4.246033932692826722e-06 2.315062378989037311e-04
4.280172715814407283e-06 2.320576869106578347e-04
4.314585980141624458e-06 2.326101256802561978e-04
4.349275932546702546e-06 2.331635594971522387e-04
4.384244797645467977e-06 2.337179936757155616e-04
4.419494817940009147e-06 2.342734335553648252e-04
4.455028253962483974e-06 2.348298845007011539e-04
4.490847384420087892e-06 2.353873519016430669e-04
4.526954506341178897e-06 2.359458411735625995e-04
4.563351935222588434e-06 2.365053577574222651e-04
4.600042005178106270e-06 2.370659071199137248e-04
4.637027069088167309e-06 2.376274947535970527e-04
4.674309498750734424e-06 2.381901261770417370e-04
4.711891685033402697e-06 2.387538069349685475e-04
4.749776038026718317e-06 2.393185425983926774e-04
4.787964987198735832e-06 2.398843387647682675e-04
4.826460981550818848e-06 2.404512010581338519e-04
4.865266489774685870e-06 2.410191351292593218e-04
4.904384000410727531e-06 2.415881466557939458e-04
4.943816022007593535e-06 2.421582413424156377e-04
4.983565083283056912e-06 2.427294249209815253e-04
5.023633733286185256e-06 2.433017031506798464e-04
5.064024541560801146e-06 2.438750818181830663e-04
5.104740098310263927e-06 2.444495667378018605e-04
5.145783014563579657e-06 2.450251637516411051e-04
5.187155922342835797e-06 2.456018787297566250e-04
5.228861474831996244e-06 2.461797175703133518e-04
5.270902346547042302e-06 2.467586861997448375e-04
5.313281233507485836e-06 2.473387905729139869e-04
5.356000853409258865e-06 2.479200366732750918e-04
5.399063945799002450e-06 2.485024305130373290e-04
5.442473272249738784e-06 2.490859781333294503e-04
5.486231616537979852e-06 2.496706856043658281e-04
5.530341784822237085e-06 2.502565590256138018e-04
5.574806605822977743e-06 2.508436045259624888e-04
5.619628931004028882e-06 2.514318282638927865e-04
5.664811634755440752e-06 2.520212364276489480e-04
5.710357614577807947e-06 2.526118352354112407e-04
5.756269791268091490e-06 2.532036309354701782e-04
5.802551109106918992e-06 2.537966298064025942e-04
5.849204536047399311e-06 2.543908381572477172e-04
5.896233063905451703e-06 2.549862623276861725e-04
5.943639708551668942e-06 2.555829086882199048e-04
5.991427510104722055e-06 2.561807836403529157e-04
6.039599533126312574e-06 2.567798936167741135e-04
6.088158866817701969e-06 2.573802450815417366e-04
6.137108625217819098e-06 2.579818445302682096e-04
6.186451947402955007e-06 2.585846984903078191e-04
6.236191997688073858e-06 2.591888135209446595e-04
6.286331965829728988e-06 2.597941962135828569e-04
6.336875067230619677e-06 2.604008531919378222e-04
6.387824543145790302e-06 2.610087911122292931e-04
6.439183660890489682e-06 2.616180166633756774e-04
6.490955714049693154e-06 2.622285365671896975e-04
6.543144022689324627e-06 2.628403575785764738e-04
6.595751933569157477e-06 2.634534864857316630e-04
6.648782820357443373e-06 2.640679301103427399e-04
6.702240083847262278e-06 2.646836953077906051e-04
6.756127152174600404e-06 2.653007889673530896e-04
6.810447481038206078e-06 2.659192180124106820e-04
6.865204553921187119e-06 2.665389894006527441e-04
6.920401882314406454e-06 2.671601101242860568e-04
6.976043005941666683e-06 2.677825872102450474e-04
7.032131492986708122e-06 2.684064277204028289e-04
7.088670940322036456e-06 2.690316387517847885e-04
7.145664973739574890e-06 2.696582274367834218e-04
7.203117248183189091e-06 2.702862009433744145e-04
7.261031447983067138e-06 2.709155664753352174e-04
7.319411287091995967e-06 2.715463312724646517e-04
7.378260509323530105e-06 2.721785026108040862e-04
7.437582888592074680e-06 2.728120878028611625e-04
7.497382229154901373e-06 2.734470941978341704e-04
7.557662365856112541e-06 2.740835291818388090e-04
7.618427164372561985e-06 2.747214001781365196e-04
7.679680521461753546e-06 2.753607146473642281e-04
7.741426365211742923e-06 2.760014800877663103e-04
7.803668655293026642e-06 2.766437040354282912e-04
7.866411383212482532e-06 2.772873940645116837e-04
7.929658572569326985e-06 2.779325577874915370e-04
7.993414279313156774e-06 2.785792028553946901e-04
8.057682592004042371e-06 2.792273369580412236e-04
8.122467632074718529e-06 2.798769678242862911e-04
8.187773554094892442e-06 2.805281032222646607e-04
8.253604546037667796e-06 2.811807509596370462e-04
8.319964829548111808e-06 2.818349188838377927e-04
8.386858660213985592e-06 2.824906148823250022e-04
8.454290327838651401e-06 2.831478468828323397e-04
8.522264156716156738e-06 2.838066228536224650e-04
8.590784505908568189e-06 2.844669508037425253e-04
8.659855769525495687e-06 2.851288387832824666e-04
8.729482377005876655e-06 2.857922948836332899e-04
8.799668793402052220e-06 2.864573272377491037e-04
8.870419519666067739e-06 2.871239440204105303e-04
8.941739092938355180e-06 2.877921534484896853e-04
9.013632086838661836e-06 2.884619637812178123e-04
9.086103111759354114e-06 2.891333833204542199e-04
9.159156815161094715e-06 2.898064204109580366e-04
9.232797881870850851e-06 2.904810834406612130e-04
9.307031034382343604e-06 2.911573808409441259e-04
9.381861033158896086e-06 2.918353210869134053e-04
9.457292676938688870e-06 2.925149126976803573e-04
9.533330803042539572e-06 2.931961642366441036e-04
9.609980287684064296e-06 2.938790843117740164e-04
9.687246046282425914e-06 2.945636815758967061e-04
9.765133033777526883e-06 2.952499647269832272e-04
9.843646244947761798e-06 2.959379425084394813e-04
9.922790714730348314e-06 2.966276237093988435e-04
1.000257151854417036e-05 2.973190171650161437e-04
1.008299377261529799e-05 2.980121317567650634e-04
1.016406263430507374e-05 2.987069764127362370e-04
1.024578330244081120e-05 2.994035601079394191e-04
1.032816101764925160e-05 3.001018918646059224e-04
1.041120106269256991e-05 3.008019807524948508e-04
1.049490876280720833e-05 3.015038358892014464e-04
1.057928948604533220e-05 3.022074664404660873e-04
1.066434864361910323e-05 3.029128816204882725e-04
1.075009169024769014e-05 3.036200906922405522e-04
1.083652412450704258e-05 3.043291029677864168e-04
1.092365148918255319e-05 3.050399278085994849e-04
1.101147937162446421e-05 3.057525746258856749e-04
1.110001340410621322e-05 3.064670528809076522e-04
1.118925926418559445e-05 3.071833720853117699e-04
1.127922267506886434e-05 3.079015418014569082e-04
1.136990940597776941e-05 3.086215716427466189e-04
1.146132527251949298e-05 3.093434712739632228e-04
1.155347613705963255e-05 3.100672504116044545e-04
1.164636790909813168e-05 3.107929188242224377e-04
1.174000654564823067e-05 3.115204863327657517e-04
1.183439805161852078e-05 3.122499628109236649e-04
1.192954848019797826e-05 3.129813581854727004e-04
1.202546393324419179e-05 3.137146824366259662e-04
1.212215056167465780e-05 3.144499455983859539e-04
1.221961456586119118e-05 3.151871577588981517e-04
1.231786219602760388e-05 3.159263290608091022e-04
1.241689975265047008e-05 3.166674697016259236e-04
1.251673358686320833e-05 3.174105899340790298e-04
1.261737010086335194e-05 3.181557000664877229e-04
1.271881574832309738e-05 3.189028104631276301e-04
1.282107703480320182e-05 3.196519315446024758e-04
1.292416051817014012e-05 3.204030737882161803e-04
1.302807280901669394e-05 3.211562477283510294e-04
1.313282057108582397e-05 3.219114639568451393e-04
1.323841052169805733e-05 3.226687331233755052e-04
1.334484943218224112e-05 3.234280659358424056e-04
1.345214412830975689e-05 3.241894731607570580e-04
1.356030149073228424e-05 3.249529656236322577e-04
1.366932845542301177e-05 3.257185542093759970e-04
1.377923201412146158e-05 3.264862498626876328e-04
1.389001921478184405e-05 3.272560635884574692e-04
1.400169716202501775e-05 3.280280064521689425e-04
1.411427301759414233e-05 3.288020895803041668e-04
1.422775400081389063e-05 3.295783241607519194e-04
1.434214738905347079e-05 3.303567214432198001e-04
1.445746051819328381e-05 3.311372927396476922e-04
1.457370078309535208e-05 3.319200494246262096e-04
1.469087563807758161e-05 3.327050029358169883e-04
1.480899259739174103e-05 3.334921647743764464e-04
1.492805923570539114e-05 3.342815465053829605e-04
1.504808318858761764e-05 3.350731597582671845e-04
1.516907215299866365e-05 3.358670162272449182e-04
1.529103388778357706e-05 3.366631276717540946e-04
1.541397621416972215e-05 3.374615059168944238e-04
1.553790701626837049e-05 3.382621628538710489e-04
1.566283424158031689e-05 3.390651104404404236e-04
1.578876590150547136e-05 3.398703607013603108e-04
1.591571007185671002e-05 3.406779257288428705e-04
1.604367489337768659e-05 3.414878176830115426e-04
1.617266857226493676e-05 3.423000487923603149e-04
1.630269938069411266e-05 3.431146313542179243e-04
1.643377565735043891e-05 3.439315777352137927e-04
1.656590580796353266e-05 3.447509003717491127e-04
1.669909830584635025e-05 3.455726117704703733e-04
1.683336169243866397e-05 3.463967245087463541e-04
1.696870457785475686e-05 3.472232512351498910e-04
1.710513564143557308e-05 3.480522046699418095e-04
1.724266363230536416e-05 3.488835976055589243e-04
1.738129736993267562e-05 3.497174429071064840e-04
1.752104574469601922e-05 3.505537535128530548e-04
1.766191771845391600e-05 3.513925424347298502e-04
1.780392232511966575e-05 3.522338227588340718e-04
1.794706867124065650e-05 3.530776076459349062e-04
1.809136593658233961e-05 3.539239103319840219e-04
1.823682337471695485e-05 3.547727441286306193e-04
1.838345031361688723e-05 3.556241224237384870e-04
1.853125615625292967e-05 3.564780586819088579e-04
1.868025038119723163e-05 3.573345664450059767e-04
1.883044254323114344e-05 3.581936593326864610e-04
1.898184227395798709e-05 3.590553510429339763e-04
1.913445928242068551e-05 3.599196553525962948e-04
1.928830335572439617e-05 3.607865861179274515e-04
1.944338435966416252e-05 3.616561572751334224e-04
1.959971223935755947e-05 3.625283828409222491e-04
1.975729701988248891e-05 3.634032769130580661e-04
1.991614880692005736e-05 3.642808536709189228e-04
2.007627778740263410e-05 3.651611273760599721e-04
2.023769423016715755e-05 3.660441123727788820e-04
2.040040848661360510e-05 3.669298230886878609e-04
2.056443099136888059e-05 3.678182740352883384e-04
2.072977226295588907e-05 3.687094798085497130e-04
2.089644290446815441e-05 3.696034550894941703e-04
2.106445360424975309e-05 3.705002146447842668e-04
2.123381513658069588e-05 3.713997733273152833e-04
2.140453836236795094e-05 3.723021460768123495e-04
2.157663422984185396e-05 3.732073479204322847e-04
2.175011377525827138e-05 3.741153939733690161e-04
2.192498812360628283e-05 3.750262994394639306e-04
2.210126848932166075e-05 3.759400796118214844e-04
2.227896617700600470e-05 3.768567498734288253e-04
2.245809258215167623e-05 3.777763256977792624e-04
2.263865919187262231e-05 3.786988226495022962e-04
2.282067758564097545e-05 3.796242563849966845e-04
2.300415943602967468e-05 3.805526426530693625e-04
2.318911650946098169e-05 3.814839972955776158e-04
2.337556066696102125e-05 3.824183362480787344e-04
2.356350386492049806e-05 3.833556755404812929e-04
2.375295815586132598e-05 3.842960312977042369e-04
2.394393568920963024e-05 3.852394197403388428e-04
2.413644871207484843e-05 3.861858571853166947e-04
2.433050957003508581e-05 3.871353600465822151e-04
2.452613070792886417e-05 3.880879448357705077e-04
2.472332467065314882e-05 3.890436281628904054e-04
2.492210410396788418e-05 3.900024267370116914e-04
2.512248175530691266e-05 3.909643573669594223e-04
2.532447047459543600e-05 3.919294369620105823e-04
2.552808321507412406e-05 3.928976825325992484e-04
2.573333303412969847e-05 3.938691111910242490e-04
2.594023309413236693e-05 3.948437401521634905e-04
2.614879666327987463e-05 3.958215867341941386e-04
2.635903711644832514e-05 3.968026683593164862e-04
2.657096793605000454e-05 3.977870025544847049e-04
2.678460271289785646e-05 3.987746069521427481e-04
2.699995514707715017e-05 3.997654992909652942e-04
2.721703904882399940e-05 4.007596974166048706e-04
2.743586833941095900e-05 4.017572192824441272e-04
2.765645705203987226e-05 4.027580829503540189e-04
2.787881933274168072e-05 4.037623065914571928e-04
2.810296944128369136e-05 4.047699084868980964e-04
2.832892175208398254e-05 4.057809070286178032e-04
2.855669075513319268e-05 4.067953207201350715e-04
2.878629105692382385e-05 4.078131681773335300e-04
2.901773738138683316e-05 4.088344681292537409e-04
2.925104457083595256e-05 4.098592394188932332e-04
2.948622758691940828e-05 4.108875010040097882e-04
2.972330151157949056e-05 4.119192719579335064e-04
2.996228154801966538e-05 4.129545714703827244e-04
3.020318302167953987e-05 4.139934188482871408e-04
3.044602138121770856e-05 4.150358335166172310e-04
3.069081219950237527e-05 4.160818350192195167e-04
3.093757117461010331e-05 4.171314430196576355e-04
3.118631413083246663e-05 4.181846773020612713e-04
3.143705701969079871e-05 4.192415577719788250e-04
3.168981592095924911e-05 4.203021044572399518e-04
3.194460704369581907e-05 4.213663375088207001e-04
3.220144672728194880e-05 4.224342772017187879e-04
3.246035144247027686e-05 4.235059439358320236e-04
3.272133779244085639e-05 4.245813582368468636e-04
3.298442251386598395e-05 4.256605407571298436e-04
3.324962247798337667e-05 4.267435122766293095e-04
3.351695469167823320e-05 4.278302937037803465e-04
3.378643629857377160e-05 4.289209060764202796e-04
3.405808458013061040e-05 4.300153705627070473e-04
3.433191695675511462e-05 4.311137084620481454e-04
3.460795098891636786e-05 4.322159412060336378e-04
3.488620437827247549e-05 4.333220903593776232e-04
3.516669496880567010e-05 4.344321776208665323e-04
3.544944074796655130e-05 4.355462248243143646e-04
3.573445984782773791e-05 4.366642539395253512e-04
3.602177054624650532e-05 4.377862870732625268e-04
3.631139126803705202e-05 4.389123464702257885e-04
3.660334058615192756e-05 4.400424545140352132e-04
3.689763722287320487e-05 4.411766337282229397e-04
3.719430005101305795e-05 4.423149067772319358e-04
3.749334809512399578e-05 4.434572964674222463e-04
3.779480053271900989e-05 4.446038257480845052e-04
3.809867669550122903e-05 4.457545177124621217e-04
3.840499607060381956e-05 4.469093955987793205e-04
3.871377830183954876e-05 4.480684827912787774e-04
3.902504319096049225e-05 4.492318028212654896e-04
3.933881069892800064e-05 4.503993793681586679e-04
3.965510094719265443e-05 4.515712362605524125e-04
3.997393421898470171e-05 4.527473974772831637e-04
4.029533096061478235e-05 4.539278871485058270e-04
4.061931178278505364e-05 4.551127295567777039e-04
4.094589746191101571e-05 4.563019491381497964e-04
4.127510894145377916e-05 4.574955704832678132e-04
4.160696733326323571e-05 4.586936183384800083e-04
4.194149391893188788e-05 4.598961176069533128e-04
4.227871015115954105e-05 4.611030933497984111e-04
4.261863765512916279e-05 4.623145707872033288e-04
4.296129822989354358e-05 4.635305752995738508e-04
4.330671384977335513e-05 4.647511324286848354e-04
4.365490666576627446e-05 4.659762678788383051e-04
4.400589900696741066e-05 4.672060075180299935e-04
4.435971338200145466e-05 4.684403773791259219e-04
4.471637248046587433e-05 4.696794036610472153e-04
4.507589917438614414e-05 4.709231127299620201e-04
4.543831651968246744e-05 4.721715311204893479e-04
4.580364775764817419e-05 4.734246855369090992e-04
4.617191631644039057e-05 4.746826028543829840e-04
4.654314581258220781e-05 4.759453101201820005e-04
4.691736005247738720e-05 4.772128345549265464e-04
4.729458303393689644e-05 4.784852035538321663e-04
4.767483894771786001e-05 4.797624446879675524e-04
4.805815217907496447e-05 4.810445857055188320e-04
4.844454730932414900e-05 4.823316545330661072e-04
4.883404911741904891e-05 4.836236792768672590e-04
4.922668258153994815e-05 4.849206882241522136e-04
4.962247288069570835e-05 4.862227098444266951e-04
5.002144539633837623e-05 4.875297727907855201e-04
5.042362571399083533e-05 4.888419059012351613e-04
5.082903962488767151e-05 4.901591382000268287e-04
5.123771312762902166e-05 4.914814988989983863e-04
5.164967242984788693e-05 4.928090173989278702e-04
5.206494394989082906e-05 4.941417232908946501e-04
5.248355431851198206e-05 4.954796463576519212e-04
5.290553038058106366e-05 4.968228165750100374e-04
5.333089919680465468e-05 4.981712641132278680e-04
5.375968804546178985e-05 4.995250193384164058e-04
5.419192442415316895e-05 5.008841128139515913e-04
5.462763605156446258e-05 5.022485753018978696e-04
5.506685086924404456e-05 5.036184377644420482e-04
5.550959704339465634e-05 5.049937313653377795e-04
5.595590296667983694e-05 5.063744874713599093e-04
5.640579726004461684e-05 5.077607376537718363e-04
5.685930877455085543e-05 5.091525136897992682e-04
5.731646659322762175e-05 5.105498475641199151e-04
5.777730003293601548e-05 5.119527714703594719e-04
5.824183864624942419e-05 5.133613178126024542e-04
5.871011222334855965e-05 5.147755192069105147e-04
5.918215079393184246e-05 5.161954084828539874e-04
5.965798462914130416e-05 5.176210186850550322e-04
6.013764424350362089e-05 5.190523830747392374e-04
6.062116039688719314e-05 5.204895351313023992e-04
6.110856409647451282e-05 5.219325085538851095e-04
6.159988659875078655e-05 5.233813372629611115e-04
6.209515941150832051e-05 5.248360554019368233e-04
6.259441429586697189e-05 5.262966973387596436e-04
6.309768326831101241e-05 5.277632976675444712e-04
6.360499860274237678e-05 5.292358912102036956e-04
6.411639283255018789e-05 5.307145130180964841e-04
6.463189875269723605e-05 5.321991983736853353e-04
6.515154942182297890e-05 5.336899827922052079e-04
6.567537816436340057e-05 5.351869020233465278e-04
6.620341857268838075e-05 5.366899920529497959e-04
6.673570450925573336e-05 5.381992891047112553e-04
6.727227010878271440e-05 5.397148296419018937e-04
6.781314978043521589e-05 5.412366503690982638e-04
6.835837821003402242e-05 5.427647882339252296e-04
6.890799036227963470e-05 5.442992804288145428e-04
6.946202148299416917e-05 5.458401643927715497e-04
7.002050710138170279e-05 5.473874778131568612e-04
7.058348303230679160e-05 5.489412586274815741e-04
7.115098537859100070e-05 5.505015450252130106e-04
7.172305053332844835e-05 5.520683754495957435e-04
7.229971518221938852e-05 5.536417885994849826e-04
7.288101630592292964e-05 5.552218234311919950e-04
7.346699118242856416e-05 5.568085191603445961e-04
7.405767738944652270e-05 5.584019152637569646e-04
7.465311280681794187e-05 5.600020514813203827e-04
7.525333561894380244e-05 5.616089678178992888e-04
7.585838431723369477e-05 5.632227045452456535e-04
7.646829770257427617e-05 5.648433022039251730e-04
7.708311488781729797e-05 5.664708016052579908e-04
7.770287530028813770e-05 5.681052438332728641e-04
7.832761868431411785e-05 5.697466702466746653e-04
7.895738510377315353e-05 5.713951224808283633e-04
7.959221494466316247e-05 5.730506424497524382e-04
8.023214891769166841e-05 5.747132723481304011e-04
8.087722806088687162e-05 5.763830546533354332e-04
8.152749374222918375e-05 5.780600321274686863e-04
8.218298766230408081e-05 5.797442478194126531e-04
8.284375185697639629e-05 5.814357450668989572e-04
8.350982870008574256e-05 5.831345674985888294e-04
8.418126090616432115e-05 5.848407590361730983e-04
8.485809153317582074e-05 5.865543638964805300e-04
8.554036398527675809e-05 5.882754265936064424e-04
8.622812201560003161e-05 5.900039919410528114e-04
8.692140972906037581e-05 5.917401050538846413e-04
8.762027158518320734e-05 5.934838113509019464e-04
8.832475240095553470e-05 5.952351565568261534e-04
8.903489735369996124e-05 5.969941867045016823e-04
8.975075198397198519e-05 5.987609481371134650e-04
9.047236219848014906e-05 6.005354875104188840e-04
9.119977427303040747e-05 6.023178517949969498e-04
9.193303485549338529e-05 6.041080882785120065e-04
9.267219096879608436e-05 6.059062445679922913e-04
9.341729001393698204e-05 6.077123685921267081e-04
9.416837977302631025e-05 6.095265086035747204e-04
9.492550841234997016e-05 6.113487131812947841e-04
9.568872448545836997e-05 6.131790312328874162e-04
9.645807693628021288e-05 6.150175119969538773e-04
9.723361510226086939e-05 6.168642050454730677e-04
9.801538871752682458e-05 6.187191602861927351e-04
9.880344791607466911e-05 6.205824279650392229e-04
9.959784323498630074e-05 6.224540586685414203e-04
1.003986256176697401e-04 6.243341033262737958e-04
1.012058464171258863e-04 6.262226132133128734e-04
1.020195573992420515e-04 6.281196399527150687e-04
1.028398107461114228e-04 6.300252355180071010e-04
1.036666590593794110e-04 6.319394522356961384e-04
1.045001553636170781e-04 6.338623427877959886e-04
1.053403531097211278e-04 6.357939602143695534e-04
1.061873061783421657e-04 6.377343579160918820e-04
1.070410688833396998e-04 6.396835896568258024e-04
1.079016959752651807e-04 6.416417095662198863e-04
1.087692426448732576e-04 6.436087721423202918e-04
1.096437645266606551e-04 6.455848322542017976e-04
1.105253177024345538e-04 6.475699451446159660e-04
1.114139587049086039e-04 6.495641664326588230e-04
1.123097445213284030e-04 6.515675521164549086e-04
1.132127325971260968e-04 6.535801585758594344e-04
1.141229808396038620e-04 6.556020425751780045e-04
1.150405476216480300e-04 6.576332612659065028e-04
1.159654917854720783e-04 6.596738721894885443e-04
1.168978726463901419e-04 6.617239332800892984e-04
1.178377499966209638e-04 6.637835028673913203e-04
1.187851841091218369e-04 6.658526396794050206e-04
1.197402357414545035e-04 6.679314028453022271e-04
1.207029661396809099e-04 6.700198518982648180e-04
1.216734370422910955e-04 6.721180467783538460e-04
1.226517106841623324e-04 6.742260478353970937e-04
1.236378498005498709e-04 6.763439158318962537e-04
1.246319176311106304e-04 6.784717119459535151e-04
1.256339779239582237e-04 6.806094977742161486e-04
1.266440949397511586e-04 6.827573353348416908e-04
1.276623334558139172e-04 6.849152870704811264e-04
1.286887587702905615e-04 6.870834158512834295e-04
1.297234367063328437e-04 6.892617849779182106e-04
1.307664336163209785e-04 6.914504581846190722e-04
1.318178163861187296e-04 6.936494996422460464e-04
1.328776524393629748e-04 6.958589739613681982e-04
1.339460097417868531e-04 6.980789461953656365e-04
1.350229568055790982e-04 7.003094818435537513e-04
1.361085626937771171e-04 7.025506468543246891e-04
1.372028970246960916e-04 7.048025076283104045e-04
1.383060299763935329e-04 7.070651310215673958e-04
1.394180322911692629e-04 7.093385843487790042e-04
1.405389752801027188e-04 7.116229353864801568e-04
1.416689308276254948e-04 7.139182523763042262e-04
1.428079713961315049e-04 7.162246040282459376e-04
1.439561700306237922e-04 7.185420595239507295e-04
1.451136003633983094e-04 7.208706885200190763e-04
1.462803366187667849e-04 7.232105611513380255e-04
1.474564536178159366e-04 7.255617480344288880e-04
1.486420267832060419e-04 7.279243202708186736e-04
1.498371321440069410e-04 7.302983494504302828e-04
1.510418463405747232e-04 7.326839076549993696e-04
1.522562466294658467e-04 7.350810674615049743e-04
1.534804108883917255e-04 7.374899019456284538e-04
1.547144176212128899e-04 7.399104846852301923e-04
1.559583459629730726e-04 7.423428897638489725e-04
1.572122756849744947e-04 7.447871917742231391e-04
1.584762871998931589e-04 7.472434658218350722e-04
1.597504615669357480e-04 7.497117875284744180e-04
1.610348804970377788e-04 7.521922330358259308e-04
1.623296263581033069e-04 7.546848790090791067e-04
1.636347821802876202e-04 7.571898026405580930e-04
1.649504316613215125e-04 7.597070816533776179e-04
1.662766591718787071e-04 7.622367943051156164e-04
1.676135497609866762e-04 7.647790193915166490e-04
1.689611891614799341e-04 7.673338362502070279e-04
1.703196637954991109e-04 7.699013247644431214e-04
1.716890607800322004e-04 7.724815653668749447e-04
1.730694679325016447e-04 7.750746390433371812e-04
1.744609737763958967e-04 7.776806273366583099e-04
1.758636675469458144e-04 7.802996123504968382e-04
1.772776391968480564e-04 7.829316767532006277e-04
1.787029794020330371e-04 7.855769037816851940e-04
1.801397795674798555e-04 7.882353772453390027e-04
1.815881318330783863e-04 7.909071815299505582e-04
1.830481290795372062e-04 7.935924016016578271e-04
1.845198649343408512e-04 7.962911230109244410e-04
1.860034337777536403e-04 7.990034318965341144e-04
1.874989307488719357e-04 8.017294149896142270e-04
1.890064517517257348e-04 8.044691596176782719e-04
1.905260934614280211e-04 8.072227537086946493e-04
1.920579533303754785e-04 8.099902857951777951e-04
1.936021295944973181e-04 8.127718450183057637e-04
1.951587212795549535e-04 8.155675211320574354e-04
1.967278282074929588e-04 8.183774045073769366e-04
1.983095510028394124e-04 8.212015861363601782e-04
1.999039910991600713e-04 8.240401576364683907e-04
2.015112507455624452e-04 8.268932112547595480e-04
2.031314330132528620e-04 8.297608398721531857e-04
2.047646418021467944e-04 8.326431370077112641e-04
2.064109818475307122e-04 8.355401968229463549e-04
2.080705587267800167e-04 8.384521141261549798e-04
2.097434788661286088e-04 8.413789843767753443e-04
2.114298495474941047e-04 8.443209036897669729e-04
2.131297789153578843e-04 8.472779688400186408e-04
2.148433759836995130e-04 8.502502772667777740e-04
2.165707506429886259e-04 8.532379270781070618e-04
2.183120136672314832e-04 8.562410170553615618e-04
2.200672767210747982e-04 8.592596466576968121e-04
2.218366523669668925e-04 8.622939160265971105e-04
2.236202540723753113e-04 8.653439259904273199e-04
2.254181962170645850e-04 8.684097780690162253e-04
2.272305941004303684e-04 8.714915744782566944e-04
2.290575639488937271e-04 8.745894181347389079e-04
2.308992229233546478e-04 8.777034126604003937e-04
2.327556891267046379e-04 8.808336623872070701e-04
2.346270816114017475e-04 8.839802723618572734e-04
2.365135203871043020e-04 8.871433483505119155e-04
2.384151264283673277e-04 8.903229968435464334e-04
2.403320216824005333e-04 8.935193250603341809e-04
2.422643290768877115e-04 8.967324409540467335e-04
2.442121725278715455e-04 8.999624532164887799e-04
2.461756769476987502e-04 9.032094712829499264e-04
2.481549682530311343e-04 9.064736053370872930e-04
2.501501733729206566e-04 9.097549663158318537e-04
2.521614202569481518e-04 9.130536659143172196e-04
2.541888378834299828e-04 9.163698165908411644e-04
2.562325562676881713e-04 9.197035315718425467e-04
2.582927064703889435e-04 9.230549248569120584e-04
2.603694206059460007e-04 9.264241112238249826e-04
2.624628318509946985e-04 9.298112062336002983e-04
2.645730744529312226e-04 9.332163262355819017e-04
2.667002837385220215e-04 9.366395883725511622e-04
2.688445961225824658e-04 9.400811105858606189e-04
2.710061491167236485e-04 9.435410116205920732e-04
2.731850813381726415e-04 9.470194110307487241e-04
2.753815325186605135e-04 9.505164291844591220e-04
2.775956435133835861e-04 9.540321872692182018e-04
2.798275563100365189e-04 9.575668072971506512e-04
2.820774140379165174e-04 9.611204121102942272e-04
2.843453609771038693e-04 9.646931253859173348e-04
2.866315425677130619e-04 9.682850716418555780e-04
2.889361054192202279e-04 9.718963762418766092e-04
2.912591973198649670e-04 9.755271654010716498e-04
2.936009672461269236e-04 9.791775661912639241e-04
2.959615653722810226e-04 9.828477065464585102e-04
2.983411430800266494e-04 9.865377152683001052e-04
3.007398529681959746e-04 9.902477220315702554e-04
3.031578488625402885e-04 9.939778573896987900e-04
3.055952858255932595e-04 9.977282527803086470e-04
3.080523201666166455e-04 1.001499040530783253e-03
3.105291094516230387e-04 1.005290353863854281e-03
3.130258125134807376e-04 1.009102326903227147e-03
3.155425894620996646e-04 1.012935094679216254e-03
3.180796016946977299e-04 1.016788793134414939e-03
3.206370119061527401e-04 1.020663559129390352e-03
3.232149840994350790e-04 1.024559530448398937e-03
3.258136835961245232e-04 1.028476845805129667e-03
3.284332770470129261e-04 1.032415644848471781e-03
3.310739324427898434e-04 1.036376068168306814e-03
3.337358191248175512e-04 1.040358257301327288e-03
3.364191077959890596e-04 1.044362354736877527e-03
3.391239705316758443e-04 1.048388503922819412e-03
3.418505807907626392e-04 1.052436849271426748e-03
3.445991134267701586e-04 1.056507536165296338e-03
3.473697446990699753e-04 1.060600710963291145e-03
3.501626522841864617e-04 1.064716521006505790e-03
3.529780152871912660e-04 1.068855114624252213e-03
3.558160142531896215e-04 1.073016641140073961e-03
3.586768311788966985e-04 1.077201250877783678e-03
3.615606495243110460e-04 1.081409095167524441e-03
3.644676542244783485e-04 1.085640326351852572e-03
3.673980317013509169e-04 1.089895097791848634e-03
3.703519698757437822e-04 1.094173563873247941e-03
3.733296581793836512e-04 1.098475880012597748e-03
3.763312875670594515e-04 1.102802202663435895e-03
3.793570505288660646e-04 1.107152689322494620e-03
3.824071411025496475e-04 1.111527498535924956e-03
3.854817548859502626e-04 1.115926789905549114e-03
3.885810890495449582e-04 1.120350724095126082e-03
3.917053423490931977e-04 1.124799462836653229e-03
3.948547151383819277e-04 1.129273168936681133e-03
3.980294093820741863e-04 1.133772006282654206e-03
4.012296286686611456e-04 1.138296139849273017e-03
4.044555782235165014e-04 1.142845735704878934e-03
4.077074649220593385e-04 1.147420961017862635e-03
4.109854973030195612e-04 1.152021984063089947e-03
4.142898855818116354e-04 1.156648974228359798e-03
4.176208416640140404e-04 1.161302102020865838e-03
4.209785791589608275e-04 1.165981539073701221e-03
4.243633133934382375e-04 1.170687458152367723e-03
4.277752614254939131e-04 1.175420033161314343e-03
4.312146420583570241e-04 1.180179439150493914e-03
4.346816758544678983e-04 1.184965852321941820e-03
4.381765851496248541e-04 1.189779450036373152e-03
4.416995940672408623e-04 1.194620410819805878e-03
4.452509285327164892e-04 1.199488914370196602e-03
4.488308162879285244e-04 1.204385141564100377e-03
4.524394869058330992e-04 1.209309274463351994e-03
4.560771718051906702e-04 1.214261496321761584e-03
4.597441042654044647e-04 1.219241991591835366e-03
4.634405194414808983e-04 1.224250945931510716e-03
4.671666543791101766e-04 1.229288546210914861e-03
4.709227480298662136e-04 1.234354980519134426e-03
4.747090412665322628e-04 1.239450438171014893e-03
4.785257768985465700e-04 1.244575109713967880e-03
4.823731996875736845e-04 1.249729186934802260e-03
4.862515563632006173e-04 1.254912862866569600e-03
4.901610956387583316e-04 1.260126331795427372e-03
4.941020682272733930e-04 1.265369789267524296e-03
4.980747268575441396e-04 1.270643432095894558e-03
5.020793262903483663e-04 1.275947458367375671e-03
5.061161233347813296e-04 1.281282067449539784e-03
5.101853768647225023e-04 1.286647459997635606e-03
5.142873478354395870e-04 1.292043837961559180e-03
5.184222993003213343e-04 1.297471404592826384e-03
5.225904964277474024e-04 1.302930364451571239e-03
5.267922065180934187e-04 1.308420923413549644e-03
5.310276990208709141e-04 1.313943288677165214e-03
5.352972455520092895e-04 1.319497668770506192e-03
5.396011199112725476e-04 1.325084273558395148e-03
5.439395980998180556e-04 1.330703314249457323e-03
5.483129583378964708e-04 1.336355003403193100e-03
5.527214810826917455e-04 1.342039554937069987e-03
5.571654490463092335e-04 1.347757184133631077e-03
5.616451472139039839e-04 1.353508107647603516e-03
5.661608628619563786e-04 1.359292543513029947e-03
5.707128855766959797e-04 1.365110711150405165e-03
5.753015072726692502e-04 1.370962831373825561e-03
5.799270222114637262e-04 1.376849126398152229e-03
5.845897270205758448e-04 1.382769819846177547e-03
5.892899207124340302e-04 1.388725136755810611e-03
5.940279047035741103e-04 1.394715303587262464e-03
5.988039828339672800e-04 1.400740548230246718e-03
6.036184613865072266e-04 1.406801100011189493e-03
6.084716491066500177e-04 1.412897189700444353e-03
6.133638572222143434e-04 1.419029049519515478e-03
6.182953994633398360e-04 1.425196913148291458e-03
6.232665920826042233e-04 1.431401015732277357e-03
6.282777538753078848e-04 1.437641593889851278e-03
6.333292061999149652e-04 1.443918885719501629e-03
6.384212729986624320e-04 1.450233130807093013e-03
6.435542808183347977e-04 1.456584570233129946e-03
6.487285588312020164e-04 1.462973446580012127e-03
6.539444388561333442e-04 1.469400003939316584e-03
6.592022553798729647e-04 1.475864487919067254e-03
6.645023455784920124e-04 1.482367145651009542e-03
6.698450493390106005e-04 1.488908225797903103e-03
6.752307092811921270e-04 1.495487978560785993e-03
6.806596707795195111e-04 1.502106655686276555e-03
6.861322819853395887e-04 1.508764510473848200e-03
6.916488938491914974e-04 1.515461797783121097e-03
6.972098601433128701e-04 1.522198774041147147e-03
7.028155374843235133e-04 1.528975697249692570e-03
7.084662853560997958e-04 1.535792826992530028e-03
7.141624661328235943e-04 1.542650424442718396e-03
7.199044451022241185e-04 1.549548752369885127e-03
7.256925904889989553e-04 1.556488075147501472e-03
7.315272734784324365e-04 1.563468658760165707e-03
7.374088682401970215e-04 1.570490770810869250e-03
7.433377519523474497e-04 1.577554680528267311e-03
7.493143048255111347e-04 1.584660658773940668e-03
7.553389101272666665e-04 1.591808978049650061e-03
7.614119542067261442e-04 1.598999912504591890e-03
7.675338265193093045e-04 1.606233737942640901e-03
7.737049196517188773e-04 1.613510731829582469e-03
7.799256293471169528e-04 1.620831173300348775e-03
7.861963545305012757e-04 1.628195343166228756e-03
7.925174973342920910e-04 1.635603523922089754e-03
7.988894631241165315e-04 1.643055999753567729e-03
8.053126605248051842e-04 1.650553056544262244e-03
8.117875014465981238e-04 1.658094981882915833e-03
8.183144011115562949e-04 1.665682065070572988e-03
8.248937780801936367e-04 1.673314597127740447e-03
8.315260542783162916e-04 1.680992870801527534e-03
8.382116550240800625e-04 1.688717180572765243e-03
8.449510090552669883e-04 1.696487822663122732e-03
8.517445485567761571e-04 1.704305095042197996e-03
8.585927091883436115e-04 1.712169297434602486e-03
8.654959301124780105e-04 1.720080731327017741e-03
8.724546540226235398e-04 1.728039699975239454e-03
8.794693271715507210e-04 1.736046508411205700e-03
8.865403993999699172e-04 1.744101463450001537e-03
8.936683241653849879e-04 1.752204873696842566e-03
9.008535585711680135e-04 1.760357049554042664e-03
9.080965633958750383e-04 1.768558303227956785e-03
9.153978031227946992e-04 1.776808948735898383e-03
9.227577459697327775e-04 1.785109301913039926e-03
9.301768639190419966e-04 1.793459680419283702e-03
9.376556327478873095e-04 1.801860403746114846e-03
9.451945320587568653e-04 1.810311793223416633e-03
9.527940453102197406e-04 1.818814172026274496e-03
9.604546598479251230e-04 1.827367865181732127e-03
9.681768669358612692e-04 1.835973199575548654e-03
9.759611617878553727e-04 1.844630503958892727e-03
9.838080435993319054e-04 1.853340108955036161e-03
9.917180155793266141e-04 1.862102347065997497e-03
9.996915849827517266e-04 1.870917552679157367e-03
1.007729263142932968e-03 1.879786062073854347e-03
1.015831565504395073e-03 1.888708213427928119e-03
1.023999011655918031e-03 1.897684346824238992e-03
1.032232125363859165e-03 1.906714804257148618e-03
1.040531434605736737e-03 1.915799929638972504e-03
1.048897471604094342e-03 1.924940068806375729e-03
1.057330772860628348e-03 1.934135569526758457e-03
1.065831879190593098e-03 1.943386781504575752e-03
1.074401335757484100e-03 1.952694056387629636e-03
1.083039692107994447e-03 1.962057747773322987e-03
1.091747502207262221e-03 1.971478211214865942e-03
1.100525324474391784e-03 1.980955804227438940e-03
1.109373721818265402e-03 1.990490886294314556e-03
1.118293261673642411e-03 2.000083818872930991e-03
1.127284516037544175e-03 2.009734965400922398e-03
1.136348061505941531e-03 2.019444691302109754e-03
1.145484479310726958e-03 2.029213363992416266e-03
1.154694355356990091e-03 2.039041352885771069e-03
1.163978280260586631e-03 2.048929029399935726e-03
1.173336849386020803e-03 2.058876766962285630e-03
1.182770662884619680e-03 2.068884941015552374e-03
1.192280325733021708e-03 2.078953929023486316e-03
1.201866447771974883e-03 2.089084110476498342e-03
1.211529643745439151e-03 2.099275866897209238e-03
1.221270533340016243e-03 2.109529581845975658e-03
1.231089741224685244e-03 2.119845640926341923e-03
1.240987897090862352e-03 2.130224431790431108e-03
1.250965635692782851e-03 2.140666344144281918e-03
1.261023596888203582e-03 2.151171769753123554e-03
1.271162425679441509e-03 2.161741102446593753e-03
1.281382772254733649e-03 2.172374738123875309e-03
1.291685292029932236e-03 2.183073074758792691e-03
1.302070645690537719e-03 2.193836512404832330e-03
1.312539499234063748e-03 2.204665453200079211e-03
1.323092524012751915e-03 2.215560301372125271e-03
1.333730396776620225e-03 2.226521463242863742e-03
1.344453799716864356e-03 2.237549347233249667e-03
1.355263420509605432e-03 2.248644363867968472e-03
1.366159952359986699e-03 2.259806925780028647e-03
1.377144094046632529e-03 2.271037447715314531e-03
1.388216549966456983e-03 2.282336346537018092e-03
1.399378030179837312e-03 2.293704041230017372e-03
1.410629250456148058e-03 2.305140952905186408e-03
1.421970932319659674e-03 2.316647504803608006e-03
1.433403803095815521e-03 2.328224122300721899e-03
1.444928595957869046e-03 2.339871232910378795e-03
1.456546049973901505e-03 2.351589266288821138e-03
1.468256910154220685e-03 2.363378654238577556e-03
1.480061927499130630e-03 2.375239830712269282e-03
1.491961859047099496e-03 2.387173231816340675e-03
1.503957467923304264e-03 2.399179295814692168e-03
1.516049523388567945e-03 2.411258463132223435e-03
1.528238800888693160e-03 2.423411176358299807e-03
1.540526082104185825e-03 2.435637880250108092e-03
1.552912155000389953e-03 2.447939021735944312e-03
1.565397813878014735e-03 2.460315049918383474e-03
1.577983859424071655e-03 2.472766416077368679e-03
1.590671098763223826e-03 2.485293573673203957e-03
1.603460345509540377e-03 2.497896978349436071e-03
1.616352419818679539e-03 2.510577087935661304e-03
1.629348148440479174e-03 2.523334362450203004e-03
1.642448364771976858e-03 2.536169264102713667e-03
1.655653908910854769e-03 2.549082257296660797e-03
1.668965627709308912e-03 2.562073808631699142e-03
1.682384374828365487e-03 2.575144386905963995e-03
1.695911010792617701e-03 2.588294463118230929e-03
1.709546403045413172e-03 2.601524510469988352e-03
1.723291426004482400e-03 2.614835004367385175e-03
1.737146961118006972e-03 2.628226422423062675e-03
1.751113896921157025e-03 2.641699244457906565e-03
1.765193129093063249e-03 2.655253952502639909e-03
1.779385560514258136e-03 2.668891030799344470e-03
1.793692101324577577e-03 2.682610965802825504e-03
1.808113668981521302e-03 2.696414246181883748e-03
1.822651188319096430e-03 2.710301362820478985e-03
1.837305591607120078e-03 2.724272808818731413e-03
1.852077818611005738e-03 2.738329079493844950e-03
1.866968816652030821e-03 2.752470672380875720e-03
1.881979540668080389e-03 2.766698087233392545e-03
1.897110953274896332e-03 2.781011826024014713e-03
1.912364024827800570e-03 2.795412392944802722e-03
1.927739733483925869e-03 2.809900294407536268e-03
1.943239065264943440e-03 2.824476039043858668e-03
1.958863014120289930e-03 2.839140137705287691e-03
1.974612581990917853e-03 2.853893103463092835e-03
1.990488778873540643e-03 2.868735451608037286e-03
2.006492622885407227e-03 2.883667699649990201e-03
2.022625140329583574e-03 2.898690367317385917e-03
2.038887365760781115e-03 2.913803976556572119e-03
2.055280342051691699e-03 2.929009051530988457e-03
2.071805120459868123e-03 2.944306118620215913e-03
2.088462760695141991e-03 2.959695706418894769e-03
2.105254330987574567e-03 2.975178345735462592e-03
2.122180908155969683e-03 2.990754569590797253e-03
2.139243577676923098e-03 3.006424913216679956e-03
2.156443433754433921e-03 3.022189914054095213e-03
2.173781579390075044e-03 3.038050111751418488e-03
2.191259126453722148e-03 3.054006048162436447e-03
2.208877195754864291e-03 3.070058267344201973e-03
2.226636917114475228e-03 3.086207315554749531e-03
2.244539429437466312e-03 3.102453741250657017e-03
2.262585880785727022e-03 3.118798095084434133e-03
2.280777428451740124e-03 3.135240929901765040e-03
2.299115239032807449e-03 3.151782800738588391e-03
2.317600488505856381e-03 3.168424264818022525e-03
2.336234362302853917e-03 3.185165881547107232e-03
2.355018055386829193e-03 3.202008212513411493e-03
2.373952772328496216e-03 3.218951821481439574e-03
2.393039727383515416e-03 3.235997274388908735e-03
2.412280144570350202e-03 3.253145139342839172e-03
2.431675257748767971e-03 3.270395986615448787e-03
2.451226310698963011e-03 3.287750388639945620e-03
2.470934557201314753e-03 3.305208920006063103e-03
2.490801261116799576e-03 3.322772157455494268e-03
2.510827696468034050e-03 3.340440679877104344e-03
2.531015147520977813e-03 3.358215068301990697e-03
2.551364908867293901e-03 3.376095905898351957e-03
2.571878285507360039e-03 3.394083777966174983e-03
2.592556592933968184e-03 3.412179271931773533e-03
2.613401157216680218e-03 3.430382977342090120e-03
2.634413315086864965e-03 3.448695485858870383e-03
2.655594414023425189e-03 3.467117391252610200e-03
2.676945812339200266e-03 3.485649289396342346e-03
2.698468879268086165e-03 3.504291778259223215e-03
2.720164995052831540e-03 3.523045457899942612e-03
2.742035551033557197e-03 3.541910930459921461e-03
2.764081949736978995e-03 3.560888800156350800e-03
2.786305604966342418e-03 3.579979673275005686e-03
2.808707941892100036e-03 3.599184158162895171e-03
2.831290397143299779e-03 3.618502865220681996e-03
2.854054418899711759e-03 3.637936406894954830e-03
2.877001466984704069e-03 3.657485397670245074e-03
2.900133012958846720e-03 3.677150454060886670e-03
2.923450540214297521e-03 3.696932194602672514e-03
2.946955544069917391e-03 3.716831239844287094e-03
2.970649531867168482e-03 3.736848212338561310e-03
2.994534023066777306e-03 3.756983736633494417e-03
3.018610549346168945e-03 3.777238439263111598e-03
3.042880654697701845e-03 3.797612948738074770e-03
3.067345895527675854e-03 3.818107895536118623e-03
3.092007840756143440e-03 3.838723912092248565e-03
3.116868071917523221e-03 3.859461632788759554e-03
3.141928183262013199e-03 3.880321693945022916e-03
3.167189781857842733e-03 3.901304733807056321e-03
3.192654487694320756e-03 3.922411392536907272e-03
3.218323933785727925e-03 3.943642312201805881e-03
3.244199766276029302e-03 3.964998136763088661e-03
3.270283644544457868e-03 3.986479512064946239e-03
3.296577241311910746e-03 4.008087085822891783e-03
3.323082242748229276e-03 4.029821507612080245e-03
3.349800348580326929e-03 4.051683428855374323e-03
3.376733272201181552e-03 4.073673502811158038e-03
3.403882740779730093e-03 4.095792384561003710e-03
