2.497382406435652939e-25 9.768325619515944397e-18
1.592405960127358361e-24 3.089015920155193588e-17
1.015365822756892167e-23 9.768326876420302874e-17
6.474277161963938908e-23 3.089016721595150065e-16
4.128193389070159467e-22 9.768331986641967382e-16
2.632259977636328568e-21 3.089019980025807047e-15
1.678407946733001633e-20 9.768352763373603653e-15
1.070203270037972128e-19 3.089033227893325649e-14
6.823937180644061677e-19 9.768437235752100315e-14
4.351147109064984495e-18 3.089087090016611440e-13
1.915297948882004416e-17 7.759322488683919743e-13
8.060281057525431301e-17 1.949163039787816667e-12
3.231548868885900942e-16 4.896382250613372468e-12
4.345363206717196250e-16 6.163781780305984805e-12
1.185699981296668146e-15 1.229732179640797847e-11
3.167099671296256822e-15 2.454290871984140256e-11
8.312293945536222779e-15 4.898397135859626299e-11
2.151611673377367987e-14 9.773430848120292535e-11
5.516190296262407946e-14 1.950308160666369755e-10
7.219962673568143336e-14 2.455395918119563429e-10
1.345996703506809824e-13 3.892770603306517574e-10
2.502777173064534741e-13 6.169465998965407740e-10
3.411676113431318569e-13 7.768626451909397954e-10
4.161104603351930561e-13 9.006720410829545173e-10
5.668224300832851639e-13 1.192414995932578561e-09
1.051017683769589897e-12 1.890432911212288601e-09
1.946696275912857264e-12 3.094630240399093478e-09
3.604197434436283020e-12 4.906521065391501087e-09
4.678350727597027810e-12 5.964785761620009416e-09
6.363945126095426008e-12 7.510858710852283575e-09
8.659328086403540721e-12 9.798092857573101657e-09
1.177437263656969924e-11 1.233578754396143564e-08
1.601314678573479096e-11 1.553407705195085344e-08
2.068158225216417963e-11 1.881943995759334440e-08
2.812629084553211013e-11 2.462793118627416045e-08
3.823985723652250255e-11 3.101071367919697201e-08
4.915490723856361436e-11 3.744047090307774978e-08
6.683712298751739095e-11 4.918310976261355027e-08
9.088989403667837668e-11 6.194746997419662658e-08
1.198094057756214983e-10 7.622496704508910767e-08
1.235276287134856064e-10 8.111821537560480725e-08
1.679810496150610554e-10 1.052041443179145334e-07
2.145827771029579730e-10 1.264403182978826954e-07
2.389577941400671919e-10 1.370814666799720085e-07
2.718434103460653354e-10 1.558050328926489486e-07
3.695913600236930604e-10 2.029070399259184632e-07
4.805596579248377059e-10 2.471473550088626382e-07
6.228436556804378813e-10 3.112918511513913844e-07
6.449051117784316288e-10 3.195404339442749206e-07
6.519284217721749412e-10 3.221516175955882510e-07
6.901021772675798839e-10 3.362246542759246589e-07
7.517420508597271333e-10 3.585491157042282318e-07
7.842145311837404764e-10 3.701260768930860222e-07
8.123077711587138292e-10 3.800461204279264704e-07
8.948523203792971162e-10 4.248355205313744057e-07
1.780367769825735293e-09 1.571243743291283042e-06
2.831798589477310162e-09 2.360915204371286954e-06
4.352717025416528164e-09 3.331634749736530039e-06
6.442936706730940560e-09 4.497300351158025239e-06
9.210451352971400048e-09 5.875749191388290656e-06
1.726412223638507203e-08 9.359364509061765243e-06
2.961440629244172500e-08 1.399035730184682620e-05
4.760234259406434222e-08 2.000744564924680080e-05
7.280858902572716169e-08 2.762541866450402925e-05
1.069774052811704485e-07 3.692082460755834189e-05
1.786399553702715184e-07 5.352425790188030335e-05
3.179080611873818725e-07 7.810458603098302793e-05
4.169532575344421554e-07 9.195064971249766836e-05
4.437988271458211392e-07 9.546604737380116803e-05
8.192319285407806845e-07 1.258634192745901824e-04
1.238673050992102334e-06 1.514823036680000719e-04
1.248632177865953480e-06 1.519828301471982935e-04
1.258671377692073934e-06 1.524845408728202855e-04
1.268791294269640660e-06 1.529874333599586672e-04
1.278992576574077977e-06 1.534915051090151184e-04
1.289275878798674610e-06 1.539967536059836002e-04
1.299641860396536602e-06 1.545031763227357169e-04
1.310091186122877549e-06 1.550107707173076503e-04
1.320624526077647229e-06 1.555195342341889910e-04
1.331242555748505603e-06 1.560294643046134400e-04
1.341945956054139451e-06 1.565405583468511643e-04
1.352735413387929032e-06 1.570528137665029133e-04
1.363611619661966905e-06 1.575662279567959249e-04
1.374575272351426789e-06 1.580807982988811596e-04
1.385627074539293464e-06 1.585965221621326757e-04
1.396767734961450547e-06 1.591133969044482516e-04
1.407997968052128680e-06 1.596314198725516339e-04
1.419318493989723025e-06 1.601505884022964398e-04
1.430730038742977947e-06 1.606708998189713869e-04
1.442233334117539310e-06 1.611923514376072846e-04
1.453829117802886453e-06 1.617149405632853549e-04
1.465518133419639617e-06 1.622386644914466632e-04
1.477301130567244938e-06 1.627635205082035553e-04
1.489178864872047372e-06 1.632895058906519621e-04
1.501152098035745643e-06 1.638166179071851947e-04
1.513221597884242115e-06 1.643448538178091491e-04
1.525388138416879121e-06 1.648742108744585952e-04
1.537652499856077215e-06 1.654046863213147933e-04
1.550015468697367285e-06 1.659362773951244673e-04
1.562477837759828829e-06 1.664689813255196163e-04
1.575040406236931835e-06 1.670027953353388727e-04
1.587703979747788417e-06 1.675377166409496184e-04
1.600469370388815044e-06 1.680737424525715110e-04
1.613337396785811732e-06 1.686108699746008497e-04
1.626308884146459022e-06 1.691490964059360529e-04
1.639384664313237639e-06 1.696884189403041656e-04
1.652565575816773141e-06 1.702288347665881804e-04
1.665852463929609599e-06 1.707703410691557128e-04
1.679246180720416310e-06 1.713129350281879216e-04
1.692747585108627993e-06 1.718566138200100003e-04
1.706357542919528398e-06 1.724013746174220762e-04
1.720076926939772679e-06 1.729472145900310569e-04
1.733906616973358700e-06 1.734941309045833998e-04
1.747847499898047258e-06 1.740421207252984494e-04
1.761900469722236117e-06 1.745911812142025073e-04
1.776066427642292065e-06 1.751413095314640136e-04
1.790346282100343123e-06 1.756925028357287006e-04
1.804740948842534299e-06 1.762447582844561020e-04
1.819251350977755981e-06 1.767980730342562248e-04
1.833878419036838194e-06 1.773524442412270890e-04
1.848623091032226198e-06 1.779078690612926456e-04
1.863486312518134218e-06 1.784643446505412379e-04
1.878469036651180092e-06 1.790218681655648752e-04
1.893572224251512248e-06 1.795804367637985071e-04
1.908796843864425421e-06 1.801400476038602185e-04
1.924143871822469769e-06 1.807006978458915885e-04
1.939614292308065241e-06 1.812623846518985086e-04
1.955209097416612099e-06 1.818251051860923274e-04
1.970929287220114735e-06 1.823888566152316452e-04
1.986775869831315619e-06 1.829536361089640001e-04
2.002749861468340010e-06 1.835194408401680699e-04
2.018852286519870478e-06 1.840862679852963877e-04
2.035084177610834310e-06 1.846541147247177334e-04
2.051446575668627089e-06 1.852229782430603376e-04
2.067940529989864394e-06 1.857928557295549779e-04
2.084567098307672217e-06 1.863637443783782636e-04
2.101327346859518628e-06 1.869356413889961932e-04
2.118222350455588820e-06 1.875085439665077371e-04
2.135253192547711142e-06 1.880824493219886390e-04
2.152420965298838789e-06 1.886573546728351344e-04
2.169726769653086298e-06 1.892332572431079413e-04
2.187171715406333131e-06 1.898101542638760606e-04
2.204756921277393502e-06 1.903880429735609016e-04
2.222483514979755832e-06 1.909669206182799473e-04
2.240352633293904540e-06 1.915467844521909343e-04
2.258365422140218663e-06 1.921276317378354907e-04
2.276523036652457046e-06 1.927094597464831533e-04
2.294826641251836455e-06 1.932922657584748702e-04
2.313277409721705155e-06 1.938760470635666111e-04
2.331876525282812377e-06 1.944608009612731143e-04
2.350625180669192303e-06 1.950465247612108736e-04
2.369524578204646484e-06 1.956332157834413696e-04
2.388575929879850518e-06 1.962208713588142468e-04
2.407780457430076527e-06 1.968094888293097863e-04
2.427139392413540310e-06 1.973990655483816217e-04
2.446653976290381666e-06 1.979895988812991573e-04
2.466325460502274475e-06 1.985810862054892818e-04
2.486155106552681379e-06 1.991735249108784339e-04
2.506144186087753048e-06 1.997669124002340174e-04
2.526293980977875010e-06 2.003612460895054374e-04
2.546605783399873045e-06 2.009565234081652440e-04
2.567080895919878839e-06 2.015527417995493825e-04
2.587720631576861835e-06 2.021498987211974431e-04
2.608526313966831085e-06 2.027479916451925578e-04
2.629499277327717264e-06 2.033470180585007293e-04
2.650640866624934438e-06 2.039469754633098332e-04
2.671952437637631732e-06 2.045478613773683233e-04
2.693435357045634908e-06 2.051496733343234212e-04
2.715091002517092680e-06 2.057524088840587909e-04
2.736920762796822248e-06 2.063560655930318885e-04
2.758926037795369728e-06 2.069606410446110135e-04
2.781108238678781248e-06 2.075661328394113843e-04
2.803468787959102914e-06 2.081725385956312952e-04
2.826009119585598629e-06 2.087798559493874329e-04
2.848730679036715431e-06 2.093880825550498950e-04
2.871634923412772188e-06 2.099972160855765040e-04
2.894723321529404273e-06 2.106072542328467682e-04
2.917997354011758710e-06 2.112181947079953554e-04
2.941458513389440215e-06 2.118300352417446994e-04
2.965108304192228035e-06 2.124427735847374157e-04
2.988948243046559779e-06 2.130564075078682305e-04
3.012979858772786048e-06 2.136709348026148518e-04
3.037204692483217459e-06 2.142863532813688954e-04
3.061624297680948830e-06 2.149026607777657528e-04
3.086240240359485498e-06 2.155198551470140808e-04
3.111054099103167972e-06 2.161379342662248838e-04
3.136067465188404651e-06 2.167568960347397017e-04
3.161281942685717269e-06 2.173767383744583642e-04
3.186699148562607543e-06 2.179974592301660947e-04
3.212320712787249676e-06 2.186190565698602347e-04
3.238148278433022693e-06 2.192415283850759921e-04
3.264183501783871174e-06 2.198648726912120002e-04
3.290428052440527421e-06 2.204890875278547110e-04
3.316883613427575154e-06 2.211141709591030863e-04
3.343551881301381833e-06 2.217401210738916906e-04
3.370434566258896658e-06 2.223669359863137828e-04
3.397533392247319730e-06 2.229946138359436495e-04
3.424850097074663996e-06 2.236231527881585594e-04
3.452386432521187936e-06 2.242525510344593341e-04
3.480144164451742626e-06 2.248828067927916246e-04
3.508125072929009880e-06 2.255139183078651278e-04
3.536330952327656453e-06 2.261458838514733441e-04
3.564763611449407706e-06 2.267787017228123066e-04
3.593424873639036907e-06 2.274123702487986041e-04
3.622316576901298133e-06 2.280468877843868627e-04
3.651440574018794288e-06 2.286822527128870651e-04
3.680798732670791686e-06 2.293184634462804591e-04
3.710392935552995597e-06 2.299555184255359290e-04
3.740225080498279117e-06 2.305934161209248197e-04
3.770297080598392912e-06 2.312321550323358167e-04
3.800610864326645658e-06 2.318717336895892564e-04
3.831168375661577627e-06 2.325121506527502973e-04
3.861971574211621915e-06 2.331534045124424991e-04
3.893022435340774908e-06 2.337954938901600182e-04
3.924322950295269212e-06 2.344384174385796414e-04
3.955875126331272341e-06 2.350821738418724396e-04
3.987680986843609466e-06 2.357267618160146085e-04
4.019742571495515310e-06 2.363721801090980928e-04
4.052061936349444836e-06 2.370184275016405055e-04
4.084641153998917310e-06 2.376655028068948294e-04
4.117482313701429328e-06 2.383134048711581178e-04
4.150587521512437634e-06 2.389621325740807893e-04
4.183958900420421917e-06 2.396116848289740807e-04
4.217598590483018250e-06 2.402620605831185029e-04
4.251508748964268073e-06 2.409132588180706966e-04
4.285691550472955618e-06 2.415652785499707229e-04
4.320149187102060864e-06 2.422181188298485395e-04
4.354883868569340758e-06 2.428717787439302344e-04
4.389897822359027655e-06 2.435262574139438515e-04
4.425193293864684819e-06 2.441815539974251359e-04
4.460772546533187618e-06 2.448376676880225202e-04
4.496637862009886340e-06 2.454945977158022184e-04
4.532791540284916738e-06 2.461523433475527249e-04
4.569235899840698952e-06 2.468109038870893389e-04
4.605973277800623138e-06 2.474702786755582297e-04
4.643006030078913310e-06 2.481304670917402837e-04
4.680336531531719384e-06 2.487914685523548441e-04
4.717967176109406925e-06 2.494532825123632331e-04
4.755900377010083564e-06 2.501159084652720575e-04
4.794138566834351071e-06 2.507793459434362973e-04
4.832684197741300019e-06 2.514435945183626114e-04
4.871539741605769931e-06 2.521086538010118843e-04
4.910707690176864711e-06 2.527745234421026397e-04
4.950190555237742871e-06 2.534412031324132625e-04
4.989990868766696944e-06 2.541086926030851410e-04
5.030111183099524609e-06 2.547769916259254850e-04
5.070554071093205960e-06 2.554461000137095471e-04
5.111322126290897890e-06 2.561160176204842535e-04
5.152417963088253255e-06 2.567867443418702083e-04
5.193844216901077487e-06 2.574582801153652706e-04
5.235603544334338776e-06 2.581306249206473174e-04
5.277698623352525026e-06 2.588037787798776039e-04
5.320132153451382331e-06 2.594777417580037973e-04
5.362906855831029872e-06 2.601525139630640965e-04
5.406025473570463950e-06 2.608280955464903198e-04
5.449490771803468944e-06 2.615044867034126749e-04
5.493305537895943657e-06 2.621816876729634975e-04
5.537472581624647291e-06 2.628596987385821296e-04
5.581994735357387071e-06 2.635385202283196883e-04
5.626874854234654297e-06 2.642181525151448109e-04
5.672115816352721527e-06 2.648985960172488036e-04
5.717720522948210209e-06 2.655798511983524708e-04
5.763691898584142315e-06 2.662619185680121852e-04
5.810032891337485294e-06 2.669447986819271511e-04
5.856746472988215755e-06 2.676284921422474256e-04
5.903835639209883244e-06 2.683129995978817241e-04
5.951303409761735107e-06 2.689983217448063094e-04
5.999152828682352455e-06 2.696844593263749649e-04
6.047386964484869235e-06 2.703714131336281009e-04
6.096008910353748150e-06 2.710591840056047878e-04
6.145021784343146457e-06 2.717477728296535428e-04
6.194428729576866564e-06 2.724371805417447425e-04
6.244232914449923612e-06 2.731274081267843373e-04
6.294437532831727507e-06 2.738184566189274020e-04
6.345045804270904802e-06 2.745103271018930428e-04
6.396060974201757895e-06 2.752030207092806048e-04
6.447486314152394576e-06 2.758965386248862046e-04
6.499325121954527928e-06 2.765908820830205645e-04
6.551580721954955885e-06 2.772860523688284724e-04
6.604256465228750108e-06 2.779820508186077541e-04
6.657355729794153332e-06 2.786788788201313358e-04
6.710881920829208879e-06 2.793765378129688180e-04
6.764838470890130844e-06 2.800750292888108152e-04
6.819228840131427622e-06 2.807743547917929149e-04
6.874056516527793205e-06 2.814745159188222941e-04
6.929325016097789097e-06 2.821755143199048224e-04
6.985037883129324489e-06 2.828773516984742806e-04
7.041198690406937218e-06 2.835800298117222831e-04
7.097811039440922112e-06 2.842835504709301524e-04
7.154878560698284684e-06 2.849879155418025820e-04
7.212404913835554067e-06 2.856931269448017880e-04
7.270393787933480602e-06 2.863991866554848036e-04
7.328848901733601969e-06 2.871060967048410465e-04
7.387774003876729552e-06 2.878138591796328659e-04
7.447172873143334697e-06 2.885224762227365245e-04
7.507049318695883140e-06 2.892319500334863242e-04
7.567407180323104912e-06 2.899422828680198704e-04
7.628250328686238675e-06 2.906534770396251247e-04
7.689582665567253880e-06 2.913655349190899524e-04
7.751408124119058370e-06 2.920784589350538369e-04
7.813730669117733782e-06 2.927922515743606254e-04
7.876554297216786034e-06 2.935069153824145264e-04
7.939883037203442255e-06 2.942224529635376258e-04
8.003720950257022933e-06 2.949388669813306544e-04
8.068072130209365587e-06 2.956561601590342991e-04
8.132940703807362625e-06 2.963743352798947411e-04
8.198330830977604934e-06 2.970933951875301708e-04
8.264246705093148128e-06 2.978133427863009883e-04
8.330692553242428569e-06 2.985341810416814682e-04
8.397672636500344402e-06 2.992559129806348392e-04
8.465191250201504998e-06 2.999785416919904780e-04
8.533252724215691147e-06 3.007020703268242475e-04
8.601861423225515852e-06 3.014265020988410575e-04
8.671021747006333135e-06 3.021518402847608409e-04
8.740738130708386415e-06 3.028780882247073480e-04
8.811015045141223527e-06 3.036052493225997067e-04
8.881856997060408912e-06 3.043333270465464757e-04
8.953268529456531255e-06 3.050623249292445764e-04
9.025254221846543858e-06 3.057922465683788758e-04
9.097818690567434347e-06 3.065230956270274072e-04
9.170966589072281324e-06 3.072548758340681624e-04
9.244702608228638665e-06 3.079875909845901133e-04
9.319031476619394844e-06 3.087212449403075936e-04
9.393957960845990398e-06 3.094558416299775000e-04
9.469486865834076550e-06 3.101913850498214261e-04
9.545623035141689500e-06 3.109278792639499651e-04
9.622371351269811679e-06 3.116653284047914032e-04
9.699736735975524903e-06 3.124037366735245877e-04
9.777724150587611466e-06 3.131431083405149924e-04
9.856338596324703102e-06 3.138834477457547959e-04
9.935585114616042195e-06 3.146247592993076212e-04
1.001546878742474174e-05 3.153670474817564734e-04
1.009599473757370500e-05 3.161103168446563407e-04
1.017716812907415059e-05 3.168545720109915099e-04
1.025899416745674141e-05 3.175998176756354317e-04
1.034147810010545113e-05 3.183460586058176858e-04
1.042462521659402600e-05 3.190932996415928990e-04
1.050844084902524020e-05 3.198415456963157335e-04
1.059293037237281086e-05 3.205908017571201048e-04
1.067809920482608282e-05 3.213410728854028441e-04
1.076395280813751379e-05 3.220923642173127276e-04
1.085049668797289534e-05 3.228446809642439514e-04
1.093773639426445215e-05 3.235980284133348640e-04
1.102567752156675169e-05 3.243524119279715787e-04
1.111432570941543114e-05 3.251078369482971147e-04
1.120368664268892283e-05 3.258643089917250923e-04
1.129376605197294605e-05 3.266218336534594991e-04
1.138456971392805838e-05 3.273804166070198233e-04
1.147610345166005978e-05 3.281400636047709040e-04
1.156837313509345454e-05 3.289007804784597729e-04
1.166138468134787270e-05 3.296625731397567803e-04
1.175514405511749167e-05 3.304254475808035508e-04
1.184965726905360376e-05 3.311894098747665224e-04
1.194493038415014493e-05 3.319544661763965034e-04
1.204096951013241172e-05 3.327206227225941925e-04
1.213778080584885301e-05 3.334878858329823120e-04
1.223537047966602449e-05 3.342562619104835417e-04
1.233374478986674501e-05 3.350257574419054462e-04
1.243291004505139533e-05 3.357963789985312026e-04
1.253287260454251194e-05 3.365681332367180252e-04
1.263363887879259270e-05 3.373410268985013380e-04
1.273521532979516708e-05 3.381150668122059389e-04
1.283760847149923915e-05 3.388902598930648626e-04
1.294082487022695957e-05 3.396666131438443688e-04
1.304487114509477036e-05 3.404441336554771703e-04
1.314975396843785310e-05 3.412228286077015164e-04
1.325548006623799919e-05 3.420027052697092204e-04
1.336205621855497825e-05 3.427837710008004089e-04
1.346948925996128971e-05 3.435660332510459699e-04
1.357778607998049045e-05 3.443494995619576977e-04
1.368695362352899368e-05 3.451341775671671122e-04
1.379699889136142525e-05 3.459200749931108914e-04
1.390792894051959353e-05 3.467071996597261702e-04
1.401975088478503027e-05 3.474955594811525070e-04
1.413247189513520765e-05 3.482851624664432834e-04
1.424609920020336364e-05 3.490760167202853429e-04
1.436064008674210857e-05 3.498681304437273581e-04
1.447610190009070102e-05 3.506615119349167629e-04
1.459249204464605912e-05 3.514561695898459005e-04
1.470981798433764785e-05 3.522521119031070077e-04
1.482808724310608321e-05 3.530493474686569565e-04
1.494730740538566478e-05 3.538478849805904531e-04
1.506748611659074384e-05 3.546477332339236996e-04
1.518863108360598932e-05 3.554489011253871076e-04
1.531075007528067227e-05 3.562513976542275003e-04
1.543385092292679571e-05 3.570552319230216429e-04
1.555794152082138690e-05 3.578604131384982307e-04
1.568302982671269607e-05 3.586669506123709903e-04
1.580912386233050498e-05 3.594748537621820800e-04
1.593623171390060115e-05 3.602841321121561706e-04
1.606436153266327052e-05 3.610947952940649877e-04
1.619352153539608608e-05 3.619068530481024258e-04
1.632372000494079973e-05 3.627203152237720761e-04
1.645496529073450640e-05 3.635351917807841870e-04
1.658726580934512140e-05 3.643514927899653096e-04
1.672063004501105895e-05 3.651692284341782977e-04
1.685506655018537633e-05 3.659884090092562392e-04
1.699058394608420397e-05 3.668090449249453329e-04
1.712719092323958359e-05 3.676311467058622387e-04
1.726489624205684628e-05 3.684547249924628666e-04
1.740370873337632757e-05 3.692797905420224956e-04
1.754363729903973425e-05 3.701063542296311251e-04
1.768469091246099040e-05 3.709344270491991813e-04
1.782687861920166075e-05 3.717640201144772091e-04
1.797020953755108354e-05 3.725951446600891709e-04
1.811469285911104687e-05 3.734278120425784308e-04
1.826033784938530330e-05 3.742620337414679960e-04
1.840715384837370586e-05 3.750978213603338766e-04
1.855515027117116540e-05 3.759351866278927575e-04
1.870433660857146987e-05 3.767741413991045779e-04
1.885472242767585374e-05 3.776146976562886086e-04
1.900631737250659553e-05 3.784568675102541126e-04
1.915913116462539920e-05 3.793006632014472141e-04
1.931317360375687823e-05 3.801460971011111573e-04
1.946845456841698286e-05 3.809931817124630454e-04
1.962498401654647577e-05 3.818419296718857038e-04
1.978277198614955082e-05 3.826923537501358071e-04
1.994182859593752051e-05 3.835444668535667500e-04
2.010216404597775841e-05 3.843982820253693004e-04
2.026378861834777465e-05 3.852538124468283523e-04
2.042671267779460389e-05 3.861110714385952909e-04
2.059094667239949586e-05 3.869700724619793320e-04
2.075650113424790824e-05 3.878308291202538227e-04
2.092338668010493069e-05 3.886933551599827089e-04
2.109161401209614015e-05 3.895576644723618013e-04
2.126119391839386693e-05 3.904237710945808590e-04
2.143213727390906812e-05 3.912916892112022066e-04
2.160445504098867968e-05 3.921614331555584336e-04
2.177815827011866058e-05 3.930330174111689584e-04
2.195325810063261714e-05 3.939064566131762713e-04
2.212976576142614319e-05 3.947817655498003374e-04
2.230769257167695057e-05 3.956589591638140328e-04
2.248704994157068148e-05 3.965380525540378263e-04
2.266784937303272120e-05 3.974190609768553308e-04
2.285010246046573684e-05 3.983019998477486424e-04
2.303382089149320282e-05 3.991868847428555259e-04
2.321901644770895727e-05 4.000737314005474161e-04
2.340570100543268767e-05 4.009625557230287797e-04
2.359388653647159642e-05 4.018533737779591349e-04
2.378358510888807021e-05 4.027462018000961064e-04
2.397480888777365801e-05 4.036410561929624943e-04
2.416757013602914783e-05 4.045379535305351358e-04
2.436188121515097917e-05 4.054369105589565895e-04
2.455775458602399132e-05 4.063379441982726235e-04
2.475520280972048039e-05 4.072410715441916588e-04
2.495423854830578181e-05 4.081463098698683901e-04
2.515487456565021243e-05 4.090536766277141326e-04
2.535712372824760590e-05 4.099631894512296114e-04
2.556099900604048196e-05 4.108748661568658862e-04
2.576651347325170069e-05 4.117887247459080984e-04
2.597368030922295735e-05 4.127047834063890335e-04
2.618251279925995525e-05 4.136230605150256691e-04
2.639302433548431083e-05 4.145435746391854838e-04
2.660522841769244847e-05 4.154663445388791666e-04
2.681913865422125797e-05 4.163913891687805939e-04
2.703476876282082987e-05 4.173187276802766766e-04
2.725213257153412630e-05 4.182483794235443658e-04
2.747124401958373974e-05 4.191803639496578544e-04
2.769211715826584483e-05 4.201147010127249427e-04
2.791476615185121442e-05 4.210514105720538714e-04
2.813920527849362853e-05 4.219905127943496433e-04
2.836544893114548307e-05 4.229320280559440109e-04
2.859351161848073389e-05 4.238759769450526228e-04
2.882340796582542685e-05 4.248223802640687611e-04
2.905515271609548865e-05 4.257712590318864622e-04
2.928876073074224598e-05 4.267226344862583851e-04
2.952424699070544943e-05 4.276765280861856639e-04
2.976162659737392399e-05 4.286329615143431599e-04
3.000091477355410047e-05 4.295919566795382695e-04
3.024212686444612943e-05 4.305535357192062694e-04
3.048527833862802171e-05 4.315177210019387308e-04
3.073038478904760868e-05 4.324845351300512890e-04
3.097746193402242399e-05 4.334540009421860001e-04
3.122652561824784217e-05 4.344261415159513732e-04
3.147759181381300659e-05 4.354009801706012713e-04
3.173067662122525139e-05 4.363785404697518135e-04
3.198579627044245851e-05 4.373588462241367121e-04
3.224296712191399337e-05 4.383419214944038098e-04
3.250220566762980604e-05 4.393277905939510812e-04
3.276352853217800944e-05 4.403164780918035091e-04
3.302695247381108378e-05 4.413080088155325702e-04
3.329249438552046321e-05 4.423024078542172992e-04
3.356017129611991128e-05 4.432997005614487218e-04
3.383000037133758356e-05 4.442999125583778179e-04
3.410199891491670973e-05 4.453030697368082083e-04
3.437618436972545067e-05 4.463091982623340528e-04
3.465257431887528686e-05 4.473183245775225626e-04
3.493118648684876484e-05 4.483304754051453569e-04
3.521203874063603246e-05 4.493456777514555724e-04
3.549514909088065764e-05 4.503639589095130569e-04
3.578053569303464923e-05 4.513853464625587858e-04
3.606821684852266658e-05 4.524098682874400741e-04
3.635821100591576997e-05 4.534375525580840345e-04
3.665053676211444111e-05 4.544684277490245957e-04
3.694521286354110381e-05 4.555025226389793395e-04
3.724225820734249071e-05 4.565398663144821742e-04
3.754169184260125269e-05 4.575804881735668576e-04
3.784353297155778023e-05 4.586244179295080364e-04
3.814780095084146404e-05 4.596716856146153577e-04
3.845451529271201846e-05 4.607223215840863979e-04
3.876369566631088112e-05 4.617763565199158623e-04
3.907536189892240442e-05 4.628338214348627893e-04
3.938953397724552296e-05 4.638947476764784155e-04
3.970623204867530087e-05 4.649591669311934012e-04
4.002547642259511785e-05 4.660271112284672347e-04
4.034728757167897214e-05 4.670986129449993278e-04
4.067168613320436125e-05 4.681737048090034285e-04
4.099869291037580148e-05 4.692524199045475198e-04
4.132832887365880313e-05 4.703347916759586080e-04
4.166061516212478941e-05 4.714208539322937009e-04
4.199557308480663379e-05 4.725106408518797425e-04
4.233322412206516128e-05 4.736041869869210379e-04
4.267358992696674929e-05 4.747015272681779654e-04
4.301669232667178401e-05 4.758026970097163784e-04
4.336255332383450774e-05 4.769077319137299742e-04
4.371119509801399958e-05 4.780166680754349240e-04
4.406264000709643187e-05 4.791295419880407780e-04
4.441691058872896140e-05 4.802463905477975890e-04
4.477402956176493705e-05 4.813672510591196344e-04
4.513401982772092521e-05 4.824921612397885576e-04
4.549690447224530228e-05 4.836211592262366844e-04
4.586270676659865141e-05 4.847542835789107885e-04
4.623145016914620745e-05 4.858915732877210742e-04
4.660315832686213328e-05 4.870330677775711503e-04
4.697785507684602721e-05 4.881788069139778290e-04
4.735556444785155326e-05 4.893288310087740836e-04
4.773631066182724823e-05 4.904831808259037295e-04
4.812011813547006824e-05 4.916418975873053897e-04
4.850701148179095636e-05 4.928050229788873702e-04
4.889701551169341382e-05 4.939725991565985415e-04
4.929015523556453966e-05 4.951446687525910524e-04
4.968645586487880283e-05 4.963212748814819228e-04
5.008594281381502139e-05 4.975024611467121060e-04
5.048864170088590477e-05 4.986882716470077918e-04
5.089457835058114863e-05 4.998787509829391790e-04
5.130377879502339783e-05 5.010739442635878853e-04
5.171626927563762637e-05 5.022738971133160549e-04
5.213207624483406314e-05 5.034786556786459465e-04
5.255122636770444652e-05 5.046882666352444724e-04
5.297374652373211616e-05 5.059027771950253731e-04
5.339966380851562337e-05 5.071222351133575354e-04
5.382900553550648359e-05 5.083466886963932231e-04
5.426179923776067111e-05 5.095761868085119930e-04
5.469807266970419491e-05 5.108107788798831126e-04
5.513785380891314173e-05 5.120505149141519035e-04
5.558117085790762412e-05 5.132954454962454548e-04
5.602805224596052783e-05 5.145456218003097420e-04
5.647852663092061131e-05 5.158010955977693690e-04
5.693262290105015382e-05 5.170619192655211008e-04
5.739037017687775535e-05 5.183281457942596690e-04
5.785179781306553601e-05 5.195998287969366084e-04
5.831693540029181925e-05 5.208770225173601489e-04
5.878581276714865504e-05 5.221597818389322587e-04
5.925845998205461003e-05 5.234481622935289102e-04
5.973490735518317016e-05 5.247422200705280154e-04
6.021518544040631538e-05 5.260420120259804745e-04
6.069932503725403888e-05 5.273475956919370256e-04
6.118735719288945175e-05 5.286590292859244967e-04
6.167931320409962212e-05 5.299763717205805682e-04
6.217522461930288737e-05 5.312996826134462874e-04
6.267512324057172466e-05 5.326290222969214290e-04
6.317904112567236565e-05 5.339644518283833546e-04
6.368701059012053865e-05 5.353060330004763079e-04
6.419906420925374489e-05 5.366538283515690866e-04
6.471523482032048901e-05 5.380079011763903071e-04
6.523555552458575903e-05 5.393683155368371408e-04
6.576005968945409748e-05 5.407351362729682573e-04
6.628878095060911177e-05 5.421084290141803220e-04
6.682175321417072478e-05 5.434882601905707605e-04
6.735901065886937971e-05 5.448746970444944861e-04
6.790058773823789029e-05 5.462678076423104715e-04
6.844651918282089573e-05 5.476676608863350780e-04
6.899684000240215078e-05 5.490743265269882635e-04
6.955158548824955610e-05 5.504878751751532710e-04
7.011079121537841670e-05 5.519083783147427482e-04
7.067449304483280664e-05 5.533359083154788891e-04
7.124272712598508049e-05 5.547705384458937773e-04
7.181552989885442613e-05 5.562123428865492795e-04
7.239293809644351018e-05 5.576613967434867905e-04
7.297498874709411050e-05 5.591177760619042269e-04
7.356171917686177644e-05 5.605815578400706774e-04
7.415316701190927291e-05 5.620528200434806625e-04
7.474937018091981113e-05 5.635316416192525562e-04
7.535036691752918512e-05 5.650181025107756149e-04
7.595619576277761365e-05 5.665122836726125535e-04
7.656689556758143654e-05 5.680142670856596189e-04
7.718250549522431316e-05 5.695241357725709924e-04
7.780306502386907482e-05 5.710419738134546756e-04
7.842861394908914722e-05 5.725678663618381271e-04
7.905919238642065386e-05 5.741018996609190432e-04
7.969484077393501099e-05 5.756441610600975976e-04
8.033559987483195974e-05 5.771947390318011998e-04
8.098151078005391636e-05 5.787537231886067573e-04
8.163261491092099005e-05 5.803212043006630459e-04
8.228895402178719703e-05 5.818972743134242457e-04
8.295057020271818236e-05 5.834820263656976787e-04
8.361750588219024637e-05 5.850755548080101938e-04
8.428980382981146179e-05 5.866779552213049077e-04
8.496750715906428502e-05 5.882893244359711218e-04
8.565065933007033952e-05 5.899097605512128350e-04
8.633930415237758783e-05 5.915393629547689713e-04
8.703348578776945877e-05 5.931782323429813123e-04
8.773324875309727140e-05 5.948264707412329001e-04
8.843863792313481735e-05 5.964841815247462877e-04
8.914969853345618579e-05 5.981514694397660308e-04
8.986647618333661405e-05 5.998284406251192403e-04
9.058901683867654029e-05 6.015152026341716524e-04
9.131736683494972532e-05 6.032118644571810582e-04
9.205157288017435963e-05 6.049185365440626220e-04
9.279168205790847002e-05 6.066353308275650039e-04
9.353774183026946330e-05 6.083623607468769106e-04
9.428980004097731920e-05 6.100997412716629899e-04
9.504790491842337035e-05 6.118475889265457667e-04
9.581210507876281284e-05 6.136060218160371968e-04
9.658244952903228891e-05 6.153751596499321998e-04
9.735898767029290768e-05 6.171551237691733863e-04
9.814176930079783674e-05 6.189460371721938097e-04
9.893084461918633457e-05 6.207480245417558483e-04
9.972626422770253002e-05 6.225612122722843766e-04
1.005280791354406969e-04 6.243857284977154731e-04
1.013363407616159800e-04 6.262217031198654381e-04
1.021511009388624032e-04 6.280692678373346475e-04
1.029724119165565310e-04 6.299285561749548091e-04
1.038003263641680606e-04 6.317997035137894873e-04
1.046348973746376938e-04 6.336828471217086046e-04
1.054761784677814783e-04 6.355781261845349674e-04
1.063242235937234996e-04 6.374856818377903564e-04
1.071790871363552313e-04 6.394056571990395545e-04
1.080408239168232921e-04 6.413381974008583323e-04
1.089094891970449980e-04 6.432834496244274527e-04
1.097851386832519687e-04 6.452415631337736187e-04
1.106678285295629804e-04 6.472126893106679895e-04
1.115576153415847097e-04 6.491969816902000466e-04
1.124545561800418321e-04 6.511945959970330978e-04
1.133587085644363536e-04 6.532056901823676560e-04
1.142701304767358765e-04 6.552304244616198505e-04
1.151888803650924536e-04 6.572689613528309152e-04
1.161150171475904311e-04 6.593214657158320401e-04
1.170486002160248530e-04 6.613881047921659970e-04
1.179896894397102354e-04 6.634690482458006650e-04
1.189383451693195643e-04 6.655644682046337000e-04
1.198946282407550601e-04 6.676745393028205456e-04
1.208585999790491231e-04 6.697994387239369560e-04
1.218303222022970464e-04 6.719393462449904479e-04
1.228098572256215238e-04 6.740944442813135351e-04
1.237972678651682863e-04 6.762649179323387437e-04
1.247926174421352149e-04 6.784509550282985611e-04
1.257959697868324064e-04 6.806527461778466310e-04
1.268073892427758090e-04 6.828704848166394434e-04
1.278269406708134248e-04 6.851043672568929389e-04
1.288546894532844721e-04 6.873545927379321342e-04
1.298907014982127813e-04 6.896213634777678117e-04
1.309350432435329873e-04 6.919048847257094903e-04
1.319877816613512008e-04 6.942053648160494790e-04
1.330489842622399935e-04 6.965230152228374209e-04
1.341187190995671839e-04 6.988580506157669042e-04
1.351970547738608620e-04 7.012106889172133864e-04
1.362840604372079708e-04 7.035811513604284207e-04
1.373798057976891539e-04 7.059696625489381063e-04
1.384843611238493002e-04 7.083764505171581205e-04
1.395977972492028923e-04 7.108017467922634995e-04
1.407201855767776263e-04 7.132457864573365841e-04
1.418515980836925915e-04 7.157088082158234894e-04
1.429921073257742605e-04 7.181910544573339014e-04
1.441417864422095602e-04 7.206927713248102198e-04
1.453007091602356968e-04 7.232142087830995512e-04
1.464689497998687944e-04 7.257556206889675824e-04
1.476465832786695608e-04 7.283172648625759089e-04
1.488336851165476848e-04 7.308994031604718273e-04
1.500303314406050488e-04 7.335023015501141146e-04
1.512365989900170242e-04 7.361262301859791430e-04
1.524525651209544233e-04 7.387714634872829958e-04
1.536783078115437791e-04 7.414382802173568850e-04
1.549139056668680920e-04 7.441269635647142482e-04
1.561594379240077463e-04 7.468378012258564732e-04
1.574149844571213802e-04 7.495710854898496658e-04
1.586806257825689034e-04 7.523271133247266731e-04
1.599564430640741967e-04 7.551061864657456933e-04
1.612425181179306651e-04 7.579086115055625036e-04
1.625389334182469870e-04 7.607346999863539259e-04
1.638457721022372352e-04 7.635847684939457659e-04
1.651631179755516546e-04 7.664591387539918454e-04
1.664910555176511340e-04 7.693581377302555202e-04
1.678296698872248829e-04 7.722820977250432302e-04
1.691790469276510699e-04 7.752313564818463527e-04
1.705392731725025100e-04 7.782062572902431839e-04
1.719104358510954484e-04 7.812071490931217629e-04
1.732926228940837726e-04 7.842343865962718950e-04
1.746859229390976232e-04 7.872883303804179304e-04
1.760904253364274045e-04 7.903693470157420638e-04
1.775062201547543623e-04 7.934778091789688450e-04
1.789333981869259394e-04 7.966140957730710737e-04
1.803720509557785103e-04 7.997785920496628884e-04
1.818222707200066555e-04 8.029716897341512838e-04
1.832841504800788123e-04 8.061937871537120824e-04
1.847577839842025013e-04 8.094452893681671228e-04
1.862432657343353868e-04 8.127266083038306443e-04
1.877406909922458319e-04 8.160381628904061829e-04
1.892501557856219978e-04 8.193803792010099802e-04
1.907717569142292990e-04 8.227536905953976689e-04
1.923055919561191148e-04 8.261585378664884497e-04
1.938517592738855293e-04 8.295953693902553914e-04
1.954103580209733831e-04 8.330646412790872375e-04
1.969814881480371730e-04 8.365668175386927353e-04
1.985652504093497978e-04 8.401023702286592679e-04
2.001617463692649188e-04 8.436717796267488405e-04
2.017710784087296263e-04 8.472755343970325747e-04
2.033933497318497991e-04 8.509141317619660621e-04
2.050286643725088601e-04 8.545880776785077073e-04
2.066771272010385749e-04 8.582978870183915164e-04
2.083388439309452785e-04 8.620440837526584157e-04
2.100139211256883622e-04 8.658272011405646019e-04
2.117024662055142436e-04 8.696477819229812009e-04
2.134045874543453330e-04 8.735063785204057966e-04
2.151203940267232100e-04 8.774035532357107306e-04
2.168499959548098586e-04 8.813398784617587113e-04
2.185935041554430051e-04 8.853159368940073789e-04
2.203510304372491887e-04 8.893323217482536390e-04
2.221226875078142950e-04 8.933896369836412561e-04
2.239085889809102248e-04 8.974884975310863135e-04
2.257088493837822770e-04 9.016295295272665818e-04
2.275235841644926405e-04 9.058133705543250673e-04
2.293529096993241118e-04 9.100406698854471158e-04
2.311969433002434183e-04 9.143120887364715368e-04
2.330558032224234121e-04 9.186283005237050976e-04
2.349296086718277699e-04 9.229899911281128858e-04
2.368184798128547802e-04 9.273978591660592043e-04
2.387225377760434459e-04 9.318526162667850480e-04
2.406419046658416308e-04 9.363549873568127648e-04
2.425767035684355704e-04 9.409057109514619996e-04
2.445270585596446265e-04 9.455055394537003732e-04
2.464930947128769452e-04 9.501552394605067070e-04
2.484749381071507104e-04 9.548555920769878115e-04
2.504727158351796081e-04 9.596073932384484393e-04
2.524865560115220424e-04 9.644114540406591076e-04
2.545165877807983586e-04 9.692686010785434014e-04
2.565629413259718698e-04 9.741796767935336897e-04
2.586257478766973775e-04 9.791455398298440794e-04
2.607051397177372358e-04 9.841670653999202729e-04
2.628012501974432281e-04 9.892451456593269726e-04
2.649142137363098381e-04 9.943806900913584098e-04
2.670441658355931689e-04 9.995746259016450013e-04
2.691912430860009860e-04 1.004827898423056023e-03
2.713555831764518787e-04 1.010141471531202095e-03
2.735373249029047311e-04 1.015516328070840404e-03
2.757366081772601846e-04 1.020953470293522449e-03
2.779535740363326822e-04 1.026453920306802207e-03
2.801883646508949912e-04 1.032018720535359674e-03
2.824411233347947172e-04 1.037648934194388903e-03
2.847119945541461161e-04 1.043345645775628060e-03
2.870011239365935713e-04 1.049109961546397952e-03
2.893086582806507490e-04 1.054943010062062972e-03
2.916347455651146711e-04 1.060845942692292864e-03
2.939795349585545988e-04 1.066819934161574151e-03
2.963431768288794657e-04 1.072866183104387782e-03
2.987258227529794173e-04 1.078985912635507284e-03
3.011276255264470382e-04 1.085180370935881662e-03
3.035487391733756126e-04 1.091450831854586835e-03
3.059893189562358268e-04 1.097798595527332832e-03
3.084495213858338405e-04 1.104224989012056284e-03
3.109295042313472046e-04 1.110731366942116667e-03
3.134294265304424731e-04 1.117319112197650340e-03
3.159494485994745095e-04 1.123989636595654380e-03
3.184897320437660791e-04 1.130744381599390908e-03
3.210504397679732010e-04 1.137584819047714494e-03
3.236317359865305146e-04 1.144512451904966662e-03
3.262337862341830024e-04 1.151528815032071100e-03
3.288567573766011426e-04 1.158635475979534306e-03
3.315008176210810088e-04 1.165834035803026050e-03
3.341661365273326236e-04 1.173126129902285573e-03
3.368528850183527177e-04 1.180513428884091441e-03
3.395612353913857423e-04 1.187997639450086729e-03
3.422913613289736787e-04 1.195580505310258387e-03
3.450434379100925293e-04 1.203263808122900834e-03
3.478176416213817784e-04 1.211049368461958710e-03
3.506141503684611326e-04 1.218939046812608958e-03
3.534331434873395797e-04 1.226934744596042647e-03
3.562748017559162262e-04 1.235038405224401711e-03
3.591393074055719906e-04 1.243252015186868285e-03
3.620268441328579529e-04 1.251577605167952670e-03
3.649375971112739652e-04 1.260017251199052439e-03
3.678717530031442424e-04 1.268573075844398306e-03
3.708294999715878765e-04 1.277247249422546870e-03
3.738110276925838923e-04 1.286041991264623690e-03
3.768165273671374594e-04 1.294959571010563526e-03
3.798461917335394541e-04 1.304002309944643154e-03
3.829002150797270691e-04 1.313172582371645303e-03
3.859787932557436812e-04 1.322472817035051911e-03
3.890821236862967861e-04 1.331905498578721692e-03
3.922104053834206123e-04 1.341473169053540625e-03
3.953638389592374516e-04 1.351178429470627652e-03
3.985426266388225310e-04 1.361023941402692179e-03
4.017469722731730765e-04 1.371012428635255340e-03
4.049770813522794548e-04 1.381146678869457373e-03
4.082331610183050053e-04 1.391429545478307505e-03
4.115154200788682763e-04 1.401863949318222493e-03
4.148240690204344394e-04 1.412452880597853989e-03
4.181593200218129561e-04 1.423199400806234981e-03
4.215213869677636644e-04 1.434106644702360604e-03
4.249104854627145387e-04 1.445177822368435248e-03
4.283268328445868933e-04 1.456416221329051965e-03
4.317706481987332355e-04 1.467825208738725165e-03
4.352421523719873331e-04 1.479408233640236697e-03
4.387415679868251952e-04 1.491168829296392155e-03
4.422691194556436362e-04 1.503110615597887112e-03
4.458250329951504568e-04 1.515237301550075282e-03
4.494095366408717746e-04 1.527552687841542568e-03
4.530228602617741157e-04 1.540060669497547892e-03
4.566652355750081015e-04 1.552765238621486073e-03
4.603368961607661922e-04 1.565670487227644641e-03
4.640380774772627829e-04 1.578780610168711894e-03
4.677690168758336163e-04 1.592099908161586979e-03
4.715299536161555961e-04 1.605632790915228342e-03
4.753211288815923133e-04 1.619383780364428305e-03
4.791427857946593230e-04 1.633357514013522279e-03
4.829951694326155677e-04 1.647558748394293941e-03
4.868785268431804060e-04 1.661992362642432299e-03
4.907931070603742396e-04 1.676663362197156927e-03
4.947391611204918476e-04 1.691576882628768007e-03
4.987169420781990478e-04 1.706738193599123456e-03
5.027267050227610893e-04 1.722152702960231489e-03
5.067687070944014742e-04 1.737825960996412789e-03
5.108432075007906126e-04 1.753763664815666690e-03
5.149504675336704371e-04 1.769971662896199045e-03
5.190907505856098792e-04 1.786455959794251832e-03
5.232643221668951137e-04 1.803222721019694628e-03
5.274714499225578203e-04 1.820278278086139446e-03
5.317124036495363701e-04 1.837629133742575954e-03
5.359874553139804508e-04 1.855281967393932179e-03
5.402968790686904586e-04 1.873243640718188921e-03
5.446409512706980533e-04 1.891521203488129082e-03
5.490199504989898283e-04 1.910121899606091094e-03
5.534341575723700831e-04 1.929053173360515631e-03
5.578838555674716987e-04 1.948322675913477043e-03
5.623693298369081750e-04 1.967938272028784720e-03
5.668908680275731209e-04 1.987908047050730969e-03
5.714487600990868698e-04 2.008240314143971798e-03
5.760432983423895712e-04 2.028943621805565437e-03
5.806747773984879133e-04 2.050026761660694516e-03
5.853434942773484305e-04 2.071498776554118494e-03
5.900497483769449837e-04 2.093368968949997026e-03
5.947938415024584631e-04 2.115646909653318489e-03
5.995760778856296883e-04 2.138342446866797579e-03
6.043967642042722289e-04 2.161465715597766374e-03
6.092562096019372292e-04 2.185027147430285838e-03
6.141547257077388045e-04 2.209037480678435923e-03
6.190926266563387056e-04 2.233507770937524350e-03
6.240702291080896030e-04 2.258449402050754281e-03
6.290878522693447951e-04 2.283874097509783641e-03
6.341458179129266445e-04 2.309793932308479205e-03
6.392444503987616562e-04 2.336221345270114887e-03
6.443840766946820880e-04 2.363169151869339187e-03
6.495650263973914941e-04 2.390650557571199087e-03
6.547876317536043900e-04 2.418679171710725467e-03
6.600522276813508256e-04 2.447269021937689259e-03
6.653591517914551889e-04 2.476434569252396970e-03
6.707087444091862057e-04 2.506190723659785027e-03
6.761013485960797606e-04 2.536552860470318773e-03
6.815373101719427807e-04 2.567536837277850821e-03
6.870169777370270124e-04 2.599159011645931373e-03
6.925407026943855961e-04 2.631436259535891928e-03
6.981088392724082081e-04 2.664385994511656638e-03
7.037217445475347707e-04 2.698026187758019705e-03
7.093797784671580309e-04 2.732375388951227991e-03
7.150833038727039473e-04 2.767452748022524237e-03
7.208326865229010543e-04 2.803278037857668149e-03
7.266282951172362004e-04 2.839871677977632257e-03
7.324705013195963350e-04 2.877254759248094613e-03
7.383596797821070793e-04 2.915449069668006252e-03
7.442962081691548507e-04 2.954477121290084371e-03
7.502804671816083737e-04 2.994362178329050724e-03
7.563128405812313349e-04 3.035128286516529036e-03
7.623937152152908446e-04 3.076800303764553636e-03
7.685234810413692956e-04 3.119403932203345092e-03
7.747025311523684501e-04 3.162965751662347169e-03
7.809312618017202846e-04 3.207513254667609861e-03
7.872100724287945089e-04 3.253074883032515928e-03
7.935393656845186969e-04 3.299680066123348264e-03
7.999195474571968272e-04 3.347359260885613298e-03
8.063510268985382657e-04 3.396143993722111447e-03
8.128342164498983868e-04 3.446066904318789356e-03
8.193695318687235643e-04 3.497161791520019165e-03
8.259573922552173415e-04 3.549463661360840322e-03
8.325982200792152003e-04 3.603008777369744522e-03
8.392924412072763889e-04 3.657834713262555354e-03
8.460404849299951908e-04 3.713980408154644169e-03
8.528427839895278426e-04 3.771486224426465368e-03
8.596997746073482176e-04 3.830394008385422551e-03
8.666118965122191582e-04 3.890747153875323029e-03
8.735795929683911644e-04 3.952590668994046541e-03
8.806033108040314762e-04 4.015971246089598476e-03
8.876835004398730316e-04 4.080937335214828744e-03
8.948206159181050934e-04 4.147539221232598647e-03
9.020151149314873306e-04 4.215829104774115529e-03
9.092674588527009053e-04 4.285861187266476816e-03
9.165781127639376514e-04 4.357691760258148445e-03
9.239475454867208384e-04 4.431379299285635384e-03
9.313762296119751935e-04 4.506984562539959396e-03
9.388646415303302439e-04 4.584570694607676550e-03
9.464132614626715075e-04 4.664203335576352742e-03
9.540225734909372557e-04 4.745950735820889978e-03
9.616930655891579209e-04 4.829883876792707975e-03
9.694252296547554949e-04 4.916076598172624407e-03
9.772195615400829701e-04 5.004605731751448142e-03
9.850765610842253991e-04 5.095551242447877126e-03
9.929967321450536809e-04 5.188996376880768320e-03
1.000980582631532919e-03 5.285027819951393542e-03
1.009028624536298683e-03 5.383735859918104341e-03
1.017141373968487956e-03 5.485214562477634323e-03
1.025319351186835919e-03 5.589561954402574168e-03
1.033563080633041840e-03 5.696880217320782550e-03
1.041873090965395607e-03 5.807275892262398279e-03
1.050249915092686366e-03 5.920860095642869504e-03
1.058694090208372887e-03 6.037748747395616650e-03
1.067206157825034522e-03 6.158062812017646437e-03
1.075786663809097767e-03 6.281928553343844694e-03
1.084436158415838861e-03 6.409477803922597125e-03
1.093155196324675652e-03 6.540848249926845860e-03
1.101944336674735717e-03 6.676183732599663689e-03
1.110804143100713312e-03 6.815634567305399807e-03
1.119735183769015371e-03 6.959357881332644234e-03
1.128738031414193953e-03 7.107517971678446733e-03
1.137813263375679661e-03 7.260286684131438475e-03
1.146961461634802811e-03 7.417843815067148676e-03
1.156183212852115137e-03 7.580377537472543156e-03
1.165479108405013129e-03 7.748084852827495823e-03
1.174849744425657348e-03 7.921172070592223668e-03
1.184295721839208988e-03 8.099855317179261577e-03
1.193817646402360252e-03 8.284361076429033743e-03
1.203416128742183918e-03 8.474926763760977019e-03
1.213091784395291034e-03 8.671801336336198290e-03
1.222845233847301297e-03 8.875245941745622813e-03
1.232677102572640000e-03 9.085534607931870787e-03
1.242588021074644399e-03 9.302954977260517733e-03
1.252578624925999038e-03 9.527809087884656081e-03
1.262649554809490253e-03 9.760414205791751938e-03
1.272801456559098090e-03 1.000110371118927838e-02
1.283034981201409356e-03 1.025022804317476596e-02
1.293350784997365907e-03 1.050815570695152849e-02
1.303749529484354028e-03 1.077527434819250743e-02
1.314231881518620592e-03 1.105199189952753291e-02
1.324798513318045049e-03 1.133873780453382302e-02
1.335450102505245139e-03 1.163596432504936454e-02
1.346187332151029762e-03 1.194414793810993046e-02
1.357010890818206817e-03 1.226379082933207187e-02
1.367921472605734736e-03 1.259542249013496928e-02
1.378919777193239821e-03 1.293960142681632904e-02
1.390006509885882485e-03 1.329691699017447604e-02
1.401182381659587780e-03 1.366799133511174130e-02
1.412448109206640651e-03 1.405348152046283217e-02
1.423804414981641583e-03 1.445408176017712321e-02
1.435252027247843881e-03 1.487052583795325095e-02
1.446791680123850473e-03 1.530358969848224018e-02
1.458424113630694529e-03 1.575409422961860512e-02
1.470150073739295848e-03 1.622290825106879886e-02
1.481970312418294999e-03 1.671095172658212252e-02
1.493885587682282747e-03 1.721919921815985924e-02
1.505896663640404623e-03 1.774868360247654209e-02
1.518004310545366213e-03 1.830050007155360411e-02
1.530209304842825718e-03 1.887581044175559719e-02
1.542512429221184209e-03 1.947584779740536842e-02
1.554914472661785051e-03 2.010192149777596457e-02
1.567416230489504731e-03 2.075542257891520997e-02
1.580018504423756328e-03 2.143782958474168415e-02
1.592722102629906501e-03 2.215071486513739071e-02
1.605527839771094282e-03 2.289575138238412327e-02
1.618436537060482464e-03 2.367472007129904632e-02
1.631449022313916650e-03 2.448951780284540011e-02
1.644566130003012562e-03 2.534216600588637403e-02
1.657788701308670308e-03 2.623482000716553103e-02
1.671117584175013443e-03 2.716977915558466822e-02
1.684553633363773846e-03 2.814949780349889491e-02
1.698097710509102265e-03 2.917659722510435732e-02
1.711750684172822943e-03 3.025387856017260763e-02
1.725513429900136239e-03 3.138433688045795533e-02
1.739386830275760354e-03 3.257117648618798600e-02
1.753371774980537088e-03 3.381782755126970519e-02
1.767469160848481914e-03 3.512796424832202030e-02
1.781679891924297428e-03 3.650552449855791470e-02
1.796004879521349764e-03 3.795473150704267717e-02
1.810445042280103617e-03 3.948011726114704356e-02
1.825001306227043213e-03 4.108654818933417385e-02
1.839674604834049508e-03 4.277925319899622547e-02
1.854465879078265279e-03 4.456385433619505787e-02
1.869376077502439863e-03 4.644640033718313438e-02
1.884406156275750298e-03 4.843340337184036393e-02
1.899557079255130955e-03 5.053187931311022008e-02
1.914829818047075662e-03 5.274939190459286553e-02
1.930225352069947671e-03 5.509410124123362978e-02
1.945744668616790308e-03 5.757481702613725938e-02
1.961388762918634624e-03 6.020105712063461567e-02
1.977158638208330061e-03 6.298311196568304182e-02
1.993055305784875806e-03 6.593211552135685993e-02
2.009079785078273644e-03 6.906012344870171571e-02
2.025233103714906436e-03 7.238019934575865011e-02
2.041516297583429850e-03 7.590650994850142719e-02
2.057930410901211843e-03 7.965443031942240348e-02
2.074476496281293415e-03 8.364066017329245539e-02
2.091155614799888440e-03 8.788335263342930692e-02
2.107968836064434259e-03 9.240225687498099250e-02
2.124917238282173979e-03 9.721887629711578604e-02
2.142001908329314690e-03 1.023566440768554631e-01
2.159223941820715646e-03 1.078411181972884353e-01
2.176584443180156706e-03 1.137001983164345753e-01
2.194084525711151919e-03 1.199643671551219454e-01
2.211725311668357244e-03 1.266669594385790576e-01
2.229507932329532083e-03 1.338444618339996728e-01
2.247433528068086724e-03 1.415368477927816671e-01
2.265503248426216538e-03 1.497879517405401040e-01
2.283718252188611259e-03 1.586458876713238708e-01
2.302079707456777900e-03 1.681635179066707231e-01
2.320588791723943081e-03 1.783989785900603753e-01
2.339246691950564241e-03 1.894162694197411012e-01
2.358054604640450174e-03 2.012859161976902900e-01
2.377013735917483505e-03 2.140857161240181106e-01
2.396125301602978520e-03 2.279015763103006964e-01
2.415390527293643976e-03 2.428284607557331665e-01
2.434810648440179082e-03 2.589714567269509327e-01
2.454386910426503959e-03 2.764469814910367473e-01
2.474120568649615035e-03 2.953841467153203171e-01
2.494012888600105702e-03 3.159263039699369835e-01
2.514065145943311479e-03 3.382327973856515957e-01
2.534278626601118699e-03 3.624809537190107900e-01
2.554654626834430668e-03 3.888683448512538221e-01
2.575194453326284764e-03 4.176153633309691582e-01
2.595899423265666476e-03 4.489681581093286633e-01
2.616770864431963110e-03 4.832019852857551978e-01
2.637810115280120066e-03 5.206250376893999388e-01
2.659018525026472356e-03 5.615828277172445482e-01
2.680397453735261330e-03 6.064632103318161604e-01
2.701948272405866117e-03 6.557021478488833655e-01
2.723672363060716372e-03 7.097903355489331156e-01
2.745571118833918002e-03 7.692808277445717380e-01
2.767645944060599227e-03 8.347978283546337863e-01
2.789898254366956609e-03 9.070468390304223805e-01
2.812329476761050908e-03 9.868263923644062796e-01
2.834941049724312451e-03 1.075041638795099841e+00
2.857734423303788518e-03 1.172720104849641398e+00
2.880711059205135795e-03 1.281029998974599904e+00
2.903872430886347920e-03 1.401301511391165766e+00
2.927220023652261048e-03 1.535051638608870839e+00
2.950755334749794075e-03 1.684013164421610309e+00
2.974479873463967312e-03 1.850168551044544474e+00
2.998395161214694425e-03 2.035789641012117013e+00
3.022502731654335903e-03 2.243484248066542897e+00
3.046804130766067858e-03 2.476250930322055233e+00
3.071300916963014098e-03 2.737543499896620602e+00
3.095994661188183113e-03 3.031347140362364634e+00
3.120886947015218214e-03 3.362268389677610436e+00
3.145979370749936097e-03 3.735641717768545256e+00
3.171273541532711963e-03 4.157656004604088906e+00
3.196771081441660434e-03 4.635504931396987160e+00
3.222473625596662151e-03 5.177566165678515020e+00
3.248382822264220433e-03 5.793615289567508597e+00
3.274500332963154511e-03 6.495081738781584235e+00
3.300827832571164022e-03 7.295355649790594477e+00
3.327367009432228781e-03 8.210156532245530769e+00
3.354119565464880239e-03 9.257977192494996288e+00
3.381087216271345085e-03 1.046061945731292120e+01
3.408271691247555767e-03 1.184384214480038544e+01
3.435674733694069147e-03 1.343814660567175068e+01
3.463298100927850350e-03 1.527973127345610038e+01
3.491143564394973836e-03 1.741165435065784095e+01
3.519212909784210502e-03 1.988525344898527436e+01
3.547507937141561925e-03 2.276188324869819724e+01
3.576030460985677156e-03 2.611504775979115323e+01
3.604782310424224905e-03 3.003302348243671460e+01
3.633765329271190347e-03 3.462209487928660678e+01
3.662981376165104323e-03 4.001055565600430697e+01
3.692432324688253546e-03 4.635367044798140057e+01
