2.497382406435652939e-25 9.768325619515944397e-18
1.592405960127358361e-24 3.089015920155193588e-17
1.015365822756892167e-23 9.768326876420302874e-17
6.474277161963938908e-23 3.089016721595150065e-16
4.128193389070159467e-22 9.768331986641967382e-16
2.632259977636328568e-21 3.089019980025807047e-15
1.678407946733001633e-20 9.768352763373603653e-15
1.070203270037972128e-19 3.089033227893325649e-14
6.823937180644061677e-19 9.768437235752100315e-14
4.351147109064984495e-18 3.089087090016611440e-13
1.915297948882004416e-17 7.759322488683919743e-13
8.060281057525431301e-17 1.949163039787816667e-12
3.231548868885900942e-16 4.896382250613372468e-12
4.345363206717196250e-16 6.163781780305984805e-12
1.185699981296668146e-15 1.229732179640797847e-11
3.167099671296256822e-15 2.454290871984140256e-11
8.312293945536222779e-15 4.898397135859626299e-11
2.151611673377367987e-14 9.773430848120292535e-11
5.516190296262407946e-14 1.950308160666369755e-10
7.219962673568143336e-14 2.455395918119563429e-10
1.345996703506809824e-13 3.892770603306517574e-10
2.502777173064534741e-13 6.169465998965407740e-10
3.411676113431318569e-13 7.768626451909397954e-10
4.161104603351930561e-13 9.006720410829545173e-10
5.668224300832851639e-13 1.192414995932578561e-09
1.051017683769589897e-12 1.890432911212288601e-09
1.946696275912857264e-12 3.094630240399093478e-09
3.604197434436283020e-12 4.906521065391501087e-09
4.678350727597027810e-12 5.964785761620009416e-09
6.363945126095426008e-12 7.510858710852283575e-09
8.659328086403540721e-12 9.798092857573101657e-09
1.177437263656969924e-11 1.233578754396143564e-08
1.601314678573479096e-11 1.553407705195085344e-08
2.068158225216417963e-11 1.881943995759334440e-08
2.812629084553211013e-11 2.462793118627416045e-08
3.823985723652250255e-11 3.101071367919697201e-08
4.915490723856361436e-11 3.744047090307774978e-08
6.683712298751739095e-11 4.918310976261355027e-08
9.088989403667837668e-11 6.194746997419662658e-08
1.198094057756214983e-10 7.622496704508910767e-08
1.235276287134856064e-10 8.111821537560480725e-08
1.679810496150610554e-10 1.052041443179145334e-07
2.145827771029579730e-10 1.264403182978826954e-07
2.389577941400671919e-10 1.370814666799720085e-07
2.718434103460653354e-10 1.558050328926489486e-07
3.695913600236930604e-10 2.029070399259184632e-07
4.805596579248377059e-10 2.471473550088626382e-07
6.228436556804378813e-10 3.112918511513913844e-07
6.449051117784316288e-10 3.195404339442749206e-07
6.519284217721749412e-10 3.221516175955882510e-07
6.901021772675798839e-10 3.362246542759246589e-07
7.517420508597271333e-10 3.585491157042282318e-07
7.842145311837404764e-10 3.701260768930860222e-07
8.123077711587138292e-10 3.800461204279264704e-07
8.948523203792971162e-10 4.248355205313744057e-07
1.780367769825735293e-09 1.571243743291283042e-06
2.831798589477310162e-09 2.360915204371286954e-06
4.352717025416528164e-09 3.331634749736530039e-06
6.442936706730940560e-09 4.497300351158025239e-06
9.210451352971400048e-09 5.875749191388290656e-06
1.726412223638507203e-08 9.359364509061765243e-06
2.961440629244172500e-08 1.399035730184682620e-05
4.760234259406434222e-08 2.000744564924680080e-05
7.280858902572716169e-08 2.762541866450402925e-05
1.069774052811704485e-07 3.692082460755834189e-05
1.786399553702715184e-07 5.352425790188030335e-05
3.179080611873818725e-07 7.810458603098302793e-05
4.169532575344421554e-07 9.195064971249766836e-05
4.437988271458211392e-07 9.546604737380116803e-05
8.192319285407806845e-07 1.258634192745901824e-04
1.124553209108988353e-06 1.517492295041900801e-04
1.133594794438500911e-06 1.522200478296519444e-04
1.142709075541418245e-06 1.526916394557382441e-04
1.151896636903234441e-06 1.531640051508178818e-04
1.161158067708799743e-06 1.536371456907792985e-04
1.170493961880102877e-06 1.541110618590560335e-04
1.179904918114360006e-06 1.545857544466520408e-04
1.189391539922407136e-06 1.550612242521671406e-04
1.198954435667401896e-06 1.555374720818226606e-04
1.208594218603839147e-06 1.560144987494870234e-04
1.218311506916875544e-06 1.564923050767014960e-04
1.228106923761974069e-06 1.569708918927062110e-04
1.237981097304866832e-06 1.574502600344658348e-04
1.247934660761836780e-06 1.579304103466960493e-04
1.257968252440326153e-06 1.584113436818891663e-04
1.268082515779869774e-06 1.588930609003409884e-04
1.278278099393357622e-06 1.593755628701766134e-04
1.288555657108629660e-06 1.598588504673774033e-04
1.298915848010405654e-06 1.603429245758071682e-04
1.309359336482549793e-06 1.608277860872391626e-04
1.319886792250677288e-06 1.613134359013828115e-04
1.330498890425104031e-06 1.617998749259105167e-04
1.341196311544138231e-06 1.622871040764847892e-04
1.351979741617724850e-06 1.627751242767855441e-04
1.362849872171435409e-06 1.632639364585371244e-04
1.373807400290817787e-06 1.637535415615358936e-04
1.384853028666096693e-06 1.642439405336776120e-04
1.395987465637237720e-06 1.647351343309853009e-04
1.407211425239371399e-06 1.652271239176368351e-04
1.418525627248583579e-06 1.657199102659928614e-04
1.429930797228073017e-06 1.662134943566249338e-04
1.441427666574681640e-06 1.667078771783435940e-04
1.453016972565797307e-06 1.672030597282266691e-04
1.464699458406634550e-06 1.676990430116478677e-04
1.476475873277894789e-06 1.681958280423051044e-04
1.488346972383810677e-06 1.686934158422493670e-04
1.500313517000576477e-06 1.691918074419135830e-04
1.512376274525166811e-06 1.696910038801415410e-04
1.524536018524549901e-06 1.701910062042171097e-04
1.536793528785293005e-06 1.706918154698934575e-04
1.549149591363571658e-06 1.711934327414224610e-04
1.561604998635577239e-06 1.716958590915844938e-04
1.574160549348330059e-06 1.721990956017179170e-04
1.586817048670903248e-06 1.727031433617490837e-04
1.599575308246055984e-06 1.732080034702223996e-04
1.612436146242283028e-06 1.737136770343305711e-04
1.625400387406284181e-06 1.742201651699448284e-04
1.638468863115851116e-06 1.747274690016455806e-04
1.651642411433186198e-06 1.752355896627530993e-04
1.664921877158642907e-06 1.757445282953582551e-04
1.678308111884902918e-06 1.762542860503537158e-04
1.691801974051588762e-06 1.767648640874650630e-04
1.705404329000311011e-06 1.772762635752820714e-04
1.719116049030165032e-06 1.777884856912903674e-04
1.732938013453668408e-06 1.783015316219031148e-04
1.746871108653149191e-06 1.788154025624928906e-04
1.760916228137590493e-06 1.793300997174236417e-04
1.775074272599928036e-06 1.798456243000832110e-04
1.789346149974811016e-06 1.803619775329154840e-04
1.803732775496827149e-06 1.808791606474531859e-04
1.818235071759192952e-06 1.813971748843505431e-04
1.832853968772922380e-06 1.819160214934164601e-04
1.847590404026463241e-06 1.824357017336475329e-04
1.862445322545818954e-06 1.829562168732614704e-04
1.877419676955151014e-06 1.834775681897307578e-04
1.892514427537869325e-06 1.839997569698163219e-04
1.907730542298214894e-06 1.845227845096014934e-04
1.923068997023334847e-06 1.850466521145262408e-04
1.938530775345859316e-06 1.855713610994216205e-04
1.954116868806979987e-06 1.860969127885440380e-04
1.969828276920036014e-06 1.866233085156104030e-04
1.985666007234611966e-06 1.871505496238329866e-04
2.001631075401150350e-06 1.876786374659544408e-04
2.017724505236082933e-06 1.882075734042835773e-04
2.033947328787486816e-06 1.887373588107307126e-04
2.050300586401270309e-06 1.892679950668436093e-04
2.066785326787886098e-06 1.897994835638436067e-04
2.083402607089583119e-06 1.903318257026619424e-04
2.100153492948203076e-06 1.908650228939760721e-04
2.117039058573514819e-06 1.913990765582466416e-04
2.134060386812104813e-06 1.919339881257543497e-04
2.151218569216815195e-06 1.924697590366372169e-04
2.168514706116745974e-06 1.930063907409280456e-04
2.185949906687817527e-06 1.935438846985918784e-04
2.203525289023898925e-06 1.940822423795643251e-04
2.221241980208510963e-06 1.946214652637893474e-04
2.239101116387103908e-06 1.951615548412578014e-04
2.257103842839915457e-06 1.957025126120461717e-04
2.275251314055419510e-06 1.962443400863553040e-04
2.293544693804357693e-06 1.967870387845496261e-04
2.311985155214372703e-06 1.973306102371966131e-04
2.330573880845238809e-06 1.978750559851062251e-04
2.349312062764697983e-06 1.984203775793711040e-04
2.368200902624903778e-06 1.989665765814064994e-04
2.387241611739483958e-06 1.995136545629908444e-04
2.406435411161218081e-06 2.000616131063063055e-04
2.425783531760344423e-06 2.006104538039798460e-04
2.445287214303489900e-06 2.011601782591244806e-04
2.464947709533243300e-06 2.017107880853807726e-04
2.484766278248359569e-06 2.022622849069583321e-04
2.504744191384616304e-06 2.028146703586783438e-04
2.524882730096313990e-06 2.033679460860154985e-04
2.545183185838436506e-06 2.039221137451407105e-04
2.565646860449468498e-06 2.044771750029642150e-04
2.586275066234884450e-06 2.050331315371783935e-04
2.607069126051299297e-06 2.055899850363015222e-04
2.628030373391304696e-06 2.061477371997213559e-04
2.649160152468984205e-06 2.067063897377393916e-04
2.670459818306113710e-06 2.072659443716149677e-04
2.691930736819058110e-06 2.078264028336100416e-04
2.713574284906366382e-06 2.083877668670342117e-04
2.735391850537068412e-06 2.089500382262897383e-04
2.757384832839684609e-06 2.095132186769175142e-04
2.779554642191949559e-06 2.100773099956424925e-04
2.801902700311256937e-06 2.106423139704200907e-04
2.824430440345833283e-06 2.112082324004828111e-04
2.847139306966642774e-06 2.117750670963867532e-04
2.870030756460032720e-06 2.123428198800590477e-04
2.893106256821123183e-06 2.129114925848451818e-04
2.916367287847943256e-06 2.134810870555568665e-04
2.939815341236336443e-06 2.140516051485199861e-04
2.963451920675613550e-06 2.146230487316233592e-04
2.987278541944985267e-06 2.151954196843671222e-04
3.011296733010766827e-06 2.157687198979123581e-04
3.035508034124363618e-06 2.163429512751300753e-04
3.059913997921045815e-06 2.169181157306513525e-04
3.084516189519514563e-06 2.174942151909174009e-04
3.109316186622275806e-06 2.180712515942300346e-04
3.134315579616810320e-06 2.186492268908025733e-04
3.159515971677564956e-06 2.192281430428110172e-04
3.184918978868762955e-06 2.198080020244458171e-04
3.210526230248038854e-06 2.203888058219634826e-04
3.236339367970909412e-06 2.209705564337392477e-04
3.262360047396078439e-06 2.215532558703194098e-04
3.288589937191595860e-06 2.221369061544745918e-04
3.315030719441867198e-06 2.227215093212532473e-04
3.341684089755519831e-06 2.233070674180351388e-04
3.368551757374145509e-06 2.238935825045857645e-04
3.395635445281905566e-06 2.244810566531108670e-04
3.422936890316027640e-06 2.250694919483114021e-04
3.450457843278182037e-06 2.256588904874388328e-04
3.478200069046764837e-06 2.262492543803508579e-04
3.506165346690069551e-06 2.268405857495675462e-04
3.534355469580382873e-06 2.274328867303280675e-04
3.562772245508985503e-06 2.280261594706472876e-04
3.591417496802084698e-06 2.286204061313732317e-04
3.620293060437681522e-06 2.292156288862451157e-04
3.649400788163365181e-06 2.298118299219509991e-04
3.678742546615073818e-06 2.304090114381869006e-04
3.708320217436788734e-06 2.310071756477154268e-04
3.738135697401207792e-06 2.316063247764254575e-04
3.768190898531378917e-06 2.322064610633917223e-04
3.798487748223319130e-06 2.328075867609352451e-04
3.829028189369612750e-06 2.334097041346842221e-04
3.859814180484008245e-06 2.340128154636350892e-04
3.890847695827013310e-06 2.346169230402137798e-04
3.922130725532500463e-06 2.352220291703382830e-04
3.953665275735334155e-06 2.358281361734808769e-04
3.985453368700018982e-06 2.364352463827311748e-04
4.017497042950387205e-06 2.370433621448595515e-04
4.049798353400323039e-06 2.376524858203807040e-04
4.082359371485542344e-06 2.382626197836185686e-04
4.115182185296431110e-06 2.388737664227705867e-04
4.148268899711952048e-06 2.394859281399731908e-04
4.181621636534628605e-06 2.400991073513677511e-04
4.215242534626610647e-06 2.407133064871664946e-04
4.249133750046835347e-06 2.413285279917193468e-04
4.283297456189295998e-06 2.419447743235810975e-04
4.317735843922414510e-06 2.425620479555791638e-04
4.352451121729546384e-06 2.431803513748818403e-04
4.387445515850595309e-06 2.437996870830668752e-04
4.422721270424789877e-06 2.444200575961904794e-04
4.458280647634587707e-06 2.450414654448575019e-04
4.494125927850756098e-06 2.456639131742914149e-04
4.530259409778598710e-06 2.462874033444047324e-04
4.566683410605375720e-06 2.469119385298708391e-04
4.603400266148897122e-06 2.475375213201953849e-04
4.640412331007317112e-06 2.481641543197886553e-04
4.677721978710131263e-06 2.487918401480384840e-04
4.715331601870384960e-06 2.494205814393837079e-04
4.753243612338115109e-06 2.500503808433876757e-04
4.791460441355007347e-06 2.506812410248133289e-04
4.829984539710317862e-06 2.513131646636977408e-04
4.868818377898036123e-06 2.519461544554280107e-04
4.907964446275310534e-06 2.525802131108170496e-04
4.947425255222155650e-06 2.532153433561806668e-04
4.987203335302439259e-06 2.538515479334145486e-04
5.027301237426158646e-06 2.544888296000722664e-04
5.067721533013033152e-06 2.551271911294436100e-04
5.108466814157400308e-06 2.557666353106335727e-04
5.149539693794445209e-06 2.564071649486420932e-04
5.190942805867768192e-06 2.570487828644442332e-04
5.232678805498288289e-06 2.576914918950705164e-04
5.274750369154517175e-06 2.583352948936891110e-04
5.317160194824195156e-06 2.589801947296870911e-04
5.359911002187308649e-06 2.596261942887534858e-04
5.403005532790504441e-06 2.602732964729623298e-04
5.446446550222895603e-06 2.609215042008563635e-04
5.490236840293285355e-06 2.615708204075319803e-04
5.534379211208820707e-06 2.622212480447239026e-04
5.578876493755079291e-06 2.628727900808910511e-04
5.623731541477601226e-06 2.635254495013027924e-04
5.668947230864881269e-06 2.641792293081264890e-04
5.714526461532837344e-06 2.648341325205143975e-04
5.760472156410757991e-06 2.654901621746928449e-04
5.806787261928740593e-06 2.661473213240504818e-04
5.853474748206649181e-06 2.668056130392284890e-04
5.900537609244582494e-06 2.674650404082108907e-04
5.947978863114867554e-06 2.681256065364152484e-04
5.995801552155611771e-06 2.687873145467846014e-04
6.044008743165802591e-06 2.694501675798799487e-04
6.092603527601970749e-06 2.701141687939734369e-04
6.141589021776451043e-06 2.707793213651417093e-04
6.190968367057221120e-06 2.714456284873610452e-04
6.240744730069347933e-06 2.721130933726021188e-04
6.290921302898068130e-06 2.727817192509262765e-04
6.341501303293487111e-06 2.734515093705817599e-04
6.392487974876925579e-06 2.741224669981018802e-04
6.443884587348938119e-06 2.747945954184023254e-04
6.495694436698983504e-06 2.754678979348808526e-04
6.547920845416795836e-06 2.761423778695161675e-04
6.600567162705453990e-06 2.768180385629689716e-04
6.653636764696154438e-06 2.774948833746826308e-04
6.707133054664726430e-06 2.781729156829855238e-04
6.761059463249870025e-06 2.788521388851934995e-04
6.815419448673164434e-06 2.795325563977132553e-04
6.870216496960832255e-06 2.802141716561470713e-04
6.925454122167302807e-06 2.808969881153972731e-04
6.981135866600555083e-06 2.815810092497727547e-04
7.037265301049282671e-06 2.822662385530949050e-04
7.093846025011886563e-06 2.829526795388059195e-04
7.150881666927299266e-06 2.836403357400763534e-04
7.208375884407677450e-06 2.843292107099148428e-04
7.266332364472958081e-06 2.850193080212775005e-04
7.324754823787299197e-06 2.857106312671795888e-04
7.383647008897424814e-06 2.864031840608060003e-04
7.443012696472886670e-06 2.870969700356249899e-04
7.502855693548255507e-06 2.877919928455004443e-04
7.563179837767258838e-06 2.884882561648068619e-04
7.623988997628893144e-06 2.891857636885444946e-04
7.685287072735488487e-06 2.898845191324546529e-04
7.747077994042800912e-06 2.905845262331370710e-04
7.809365724112084378e-06 2.912857887481679216e-04
7.872154257364213337e-06 2.919883104562180491e-04
7.935447620335841601e-06 2.926920951571725560e-04
7.999249871937608470e-06 2.933971466722520177e-04
8.063565103714433657e-06 2.941034688441326655e-04
8.128397440107906066e-06 2.948110655370702032e-04
8.193751038720780000e-06 2.955199406370218876e-04
8.259630090583583857e-06 2.962300980517715916e-04
8.326038820423407408e-06 2.969415417110548672e-04
8.392981486934791399e-06 2.976542755666847120e-04
8.460462383052873655e-06 2.983683035926791268e-04
8.528485836228661237e-06 2.990836297853894299e-04
8.597056208706540454e-06 2.998002581636288982e-04
8.666177897804051852e-06 3.005181927688032511e-04
8.735855336193838676e-06 3.012374376650412962e-04
8.806092992187950096e-06 3.019579969393281242e-04
8.876895370024370427e-06 3.026798747016370560e-04
8.948267010155852284e-06 3.034030750850643548e-04
9.020212489541119732e-06 3.041276022459649684e-04
9.092736421938361812e-06 3.048534603640878373e-04
9.165843458201107931e-06 3.055806536427139682e-04
9.239538286576500344e-06 3.063091863087946155e-04
9.313825633005906151e-06 3.070390626130906010e-04
9.388710261428022955e-06 3.077702868303131521e-04
9.464196974084357903e-06 3.085028632592652273e-04
9.540290611827205480e-06 3.092367962229847938e-04
9.616996054430078307e-06 3.099720900688880502e-04
9.694318220900626526e-06 3.107087491689148185e-04
9.772262069796113521e-06 3.114467779196745316e-04
9.850832599541368373e-06 3.121861807425935220e-04
9.930034848749357340e-06 3.129269620840633413e-04
1.000987389654429643e-05 3.136691264155903251e-04
1.009035486288733895e-05 3.144126782339461894e-04
1.017148290890496342e-05 3.151576220613204146e-04
1.025326323721989409e-05 3.159039624454724679e-04
1.033570109228478109e-05 3.166517039598870068e-04
1.041880176071848778e-05 3.174008512039285402e-04
1.050257057164513937e-05 3.181514088029986382e-04
1.058701289703586180e-05 3.189033814086936289e-04
1.067213415205325812e-05 3.196567736989637054e-04
1.075793979539871746e-05 3.204115903782733875e-04
1.084443532966242935e-05 3.211678361777633929e-04
1.093162630167629322e-05 3.219255158554129429e-04
1.101951830286960618e-05 3.226846341962045605e-04
1.110811696962763578e-05 3.234451960122891948e-04
1.119742798365308623e-05 3.242072061431533502e-04
1.128745707233043608e-05 3.249706694557863255e-04
1.137821000909324558e-05 3.257355908448508123e-04
1.146969261379440155e-05 3.265019752328526814e-04
1.156191075307930488e-05 3.272698275703135335e-04
1.165487034076214117e-05 3.280391528359437379e-04
1.174857733820506181e-05 3.288099560368175855e-04
1.184303775470053298e-05 3.295822422085492543e-04
1.193825764785668817e-05 3.303560164154705110e-04
1.203424312398575720e-05 3.311312837508094409e-04
1.213100033849571559e-05 3.319080493368709137e-04
1.222853549628496635e-05 3.326863183252181874e-04
1.232685485214028793e-05 3.334660958968566806e-04
1.242596471113793816e-05 3.342473872624177988e-04
1.252587142904796178e-05 3.350301976623457968e-04
1.262658141274182157e-05 3.358145323670848575e-04
1.272810112060321789e-05 3.366003966772683942e-04
1.283043706294229619e-05 3.373877959239095442e-04
1.293359580241310215e-05 3.381767354685932358e-04
1.303758395443446727e-05 3.389672207036697180e-04
1.314240818761424362e-05 3.397592570524498256e-04
1.324807522417692164e-05 3.405528499694014904e-04
1.335459184039475976e-05 3.413480049403481509e-04
1.346196486702229535e-05 3.421447274826681906e-04
1.357020118973442339e-05 3.429430231454967085e-04
1.367930774956795644e-05 3.437428975099284271e-04
1.378929154336671675e-05 3.445443561892217940e-04
1.390015962423028580e-05 3.453474048290061725e-04
1.401191910196624710e-05 3.461520491074884906e-04
1.412457714354618467e-05 3.469582947356635765e-04
1.423814097356526106e-05 3.477661474575253066e-04
1.435261787470550714e-05 3.485756130502790009e-04
1.446801518820289472e-05 3.493866973245562577e-04
1.458434031431805979e-05 3.501994061246313061e-04
1.470160071281092904e-05 3.510137453286385511e-04
1.481980390341907150e-05 3.518297208487928835e-04
1.493895746633991443e-05 3.526473386316105862e-04
1.505906904271689617e-05 3.534666046581330049e-04
1.518014633512943234e-05 3.542875249441511409e-04
1.530219710808690208e-05 3.551101055404329537e-04
1.542522918852658146e-05 3.559343525329515317e-04
1.554925046631551726e-05 3.567602720431159186e-04
1.567426889475658172e-05 3.575878702280030244e-04
1.580029249109841350e-05 3.584171532805921381e-04
1.592732933704962763e-05 3.592481274300006878e-04
1.605538757929704386e-05 3.600807989417225481e-04
1.618447543002811284e-05 3.609151741178672152e-04
1.631460116745760123e-05 3.617512592974020716e-04
1.644577313635838992e-05 3.625890608563961154e-04
1.657799974859668714e-05 3.634285852082653687e-04
1.671128948367142232e-05 3.642698388040204556e-04
1.684565088925801764e-05 3.651128281325163481e-04
1.698109258175657747e-05 3.659575597207040637e-04
1.711762324684440467e-05 3.668040401338839890e-04
1.725525164003304329e-05 3.676522759759618601e-04
1.739398658722970218e-05 3.685022738897065315e-04
1.753383698530329663e-05 3.693540405570093716e-04
1.767481180265497923e-05 3.702075826991467478e-04
1.781692007979323802e-05 3.710629070770433253e-04
1.796017092991370747e-05 3.719200204915390517e-04
1.810457353948351615e-05 3.727789297836566840e-04
1.825013716883047273e-05 3.736396418348726222e-04
1.839687115273687669e-05 3.745021635673897488e-04
1.854478490103813687e-05 3.753665019444118404e-04
1.869388789922623160e-05 3.762326639704206897e-04
1.884418970905799357e-05 3.771006566914555588e-04
1.899569996916828372e-05 3.779704871953950716e-04
1.914842839568812883e-05 3.788421626122404073e-04
1.930238478286775488e-05 3.797156901144015302e-04
1.945757900370472635e-05 3.805910769169861289e-04
1.961402101057705595e-05 3.814683302780902375e-04
1.977172083588144729e-05 3.823474574990911863e-04
1.993068859267667402e-05 3.832284659249429932e-04
2.009093447533206488e-05 3.841113629444746816e-04
2.025246876018133518e-05 3.849961559906909842e-04
2.041530180618148697e-05 3.858828525410739133e-04
2.057944405557721832e-05 3.867714601178891569e-04
2.074490603457051637e-05 3.876619862884933413e-04
2.091169835399566806e-05 3.885544386656444925e-04
2.107983170999977660e-05 3.894488249078141779e-04
2.124931688472862773e-05 3.903451527195039308e-04
2.142016474701818372e-05 3.912434298515620541e-04
2.159238625309153900e-05 3.921436641015046531e-04
2.176599244726158482e-05 3.930458633138387810e-04
2.194099446263920674e-05 3.939500353803880258e-04
2.211740352184725884e-05 3.948561882406202640e-04
2.229523093774027069e-05 3.957643298819801315e-04
2.247448811412989039e-05 3.966744683402214397e-04
2.265518654651622980e-05 3.975866116997445253e-04
2.283733782282503048e-05 3.985007680939350633e-04
2.302095362415076236e-05 3.994169457055065666e-04
2.320604572550578708e-05 4.003351527668441321e-04
2.339262599657537269e-05 4.012553975603536083e-04
2.358070640247896278e-05 4.021776884188109791e-04
2.377029900453745624e-05 4.031020337257162477e-04
2.396141596104664655e-05 4.040284419156494342e-04
2.415406952805696986e-05 4.049569214746297718e-04
2.434827206015941940e-05 4.058874809404784808e-04
2.454403601127787705e-05 4.068201289031828441e-04
2.474137393546772988e-05 4.077548740052652689e-04
2.494029848772092754e-05 4.086917249421536508e-04
2.514082242477759906e-05 4.096306904625562906e-04
2.534295860594402918e-05 4.105717793688387087e-04
2.554671999391739060e-05 4.115150005174040377e-04
2.575211965561698149e-05 4.124603628190772636e-04
2.595917076302216804e-05 4.134078752394903882e-04
2.616788659401715419e-05 4.143575467994739352e-04
2.637828053324238180e-05 4.153093865754492681e-04
2.659036607295294779e-05 4.162634036998243245e-04
2.680415681388380761e-05 4.172196073613947706e-04
2.701966646612194474e-05 4.181780068057454271e-04
2.723690884998565187e-05 4.191386113356571704e-04
2.745589789691071372e-05 4.201014303115166524e-04
2.767664765034389464e-05 4.210664731517285687e-04
2.789917226664348038e-05 4.220337493331330217e-04
2.812348601598708725e-05 4.230032683914246197e-04
2.834960328328685084e-05 4.239750399215760196e-04
2.857753856911183802e-05 4.249490735782649408e-04
2.880730649061801125e-05 4.259253790763042674e-04
2.903892178248553490e-05 4.269039661910762175e-04
2.927239929786376585e-05 4.278848447589693308e-04
2.950775400932371495e-05 4.288680246778206061e-04
2.974500100981820628e-05 4.298535159073596989e-04
2.998415551364982915e-05 4.308413284696572935e-04
3.022523285744651338e-05 4.318314724495775944e-04
3.046824850114514461e-05 4.328239579952347215e-04
3.071321802898294520e-05 4.338187953184522491e-04
3.096015715049680033e-05 4.348159946952259974e-04
3.120908170153084774e-05 4.358155664661931671e-04
3.146000764525180935e-05 4.368175210371026121e-04
3.171295107317287110e-05 4.378218688792904784e-04
3.196792820618549788e-05 4.388286205301595308e-04
3.222495539559965092e-05 4.398377865936621100e-04
3.248404912419246884e-05 4.408493777407882950e-04
3.274522600726513435e-05 4.418634047100565587e-04
3.300850279370856367e-05 4.428798783080094108e-04
3.327389636707736299e-05 4.438988094097131069e-04
3.354142374667253988e-05 4.449202089592619105e-04
3.381110208863305770e-05 4.459440879702854460e-04
3.408294868703585356e-05 4.469704575264612004e-04
3.435698097500503815e-05 4.479993287820316882e-04
3.463321652582978947e-05 4.490307129623245970e-04
3.491167305409124548e-05 4.500646213642781925e-04
3.519236841679864635e-05 4.511010653569719263e-04
3.547532061453434677e-05 4.521400563821593218e-04
3.576054779260827448e-05 4.531816059548073104e-04
3.604806824222146891e-05 4.542257256636393083e-04
3.633790040163913370e-05 4.552724271716826845e-04
3.663006285737307441e-05 4.563217222168214869e-04
3.692457434537350095e-05 4.573736226123529636e-04
3.722145375223070307e-05 4.584281402475493959e-04
3.752072011638606352e-05 4.594852870882248116e-04
3.782239262935310011e-05 4.605450751773057082e-04
3.812649063694812323e-05 4.616075166354068732e-04
3.843303364053082068e-05 4.626726236614127873e-04
3.874204129825492549e-05 4.637404085330628224e-04
3.905353342632880427e-05 4.648108836075420238e-04
3.936753000028627765e-05 4.658840613220774753e-04
3.968405115626765937e-05 4.669599541945372665e-04
4.000311719231091913e-05 4.680385748240378633e-04
4.032474856965353826e-05 4.691199358915548387e-04
4.064896591404449608e-05 4.702040501605377781e-04
4.097579001706713205e-05 4.712909304775323945e-04
4.130524183747237560e-05 4.723805897728069266e-04
4.163734250252277739e-05 4.734730410609841195e-04
4.197211330934747062e-05 4.745682974416777066e-04
4.230957572630780501e-05 4.756663721001358285e-04
4.264975139437421575e-05 4.767672783078886816e-04
4.299266212851394814e-05 4.778710294234014789e-04
4.333832991908994259e-05 4.789776388927345662e-04
4.368677693327124617e-05 4.800871202502071168e-04
4.403802551645435423e-05 4.811994871190681980e-04
4.439209819369631556e-05 4.823147532121716875e-04
4.474901767115923532e-05 4.834329323326601877e-04
4.510880683756622979e-05 4.845540383746493743e-04
4.547148876566950388e-05 4.856780853239243793e-04
4.583708671372970433e-05 4.868050872586372584e-04
4.620562412700765991e-05 4.879350583500129688e-04
4.657712463926777009e-05 4.890680128630603895e-04
4.695161207429358408e-05 4.902039651572900631e-04
4.732911044741570602e-05 4.913429296874365993e-04
4.770964396705173474e-05 4.924849210041900779e-04
4.809323703625880059e-05 4.936299537549296203e-04
4.847991425429842838e-05 4.947780426844675854e-04
4.886970041821412600e-05 4.959292026357968019e-04
4.926262052442156349e-05 4.970834485508457152e-04
4.965869977031145746e-05 4.982407954712402562e-04
5.005796355586561517e-05 4.994012585390706976e-04
5.046043748528562974e-05 5.005648529976669666e-04
5.086614736863497211e-05 5.017315941923788372e-04
5.127511922349410026e-05 5.029014975713646867e-04
5.168737927662886330e-05 5.040745786863850240e-04
5.210295396567253957e-05 5.052508531936041481e-04
5.252186994082105447e-05 5.064303368543984210e-04
5.294415406654218452e-05 5.076130455361712625e-04
5.336983342329828009e-05 5.087989952131758429e-04
5.379893530928280492e-05 5.099882019673423290e-04
5.423148724217109897e-05 5.111806819891165149e-04
5.466751696088486330e-05 5.123764515783023549e-04
5.510705242737117318e-05 5.135755271449121955e-04
5.555012182839560617e-05 5.147779252100250294e-04
5.599675357734966815e-05 5.159836624066526647e-04
5.644697631607312709e-05 5.171927554806121825e-04
5.690081891669059733e-05 5.184052212914054417e-04
5.735831048346316715e-05 5.196210768131091003e-04
5.781948035465479184e-05 5.208403391352677816e-04
5.828435810441363516e-05 5.220630254637994910e-04
5.875297354466877943e-05 5.232891531219061292e-04
5.922535672704180946e-05 5.245187395509917031e-04
5.970153794477420553e-05 5.257518023115906195e-04
6.018154773466977294e-05 5.269883590843017253e-04
6.066541687905314473e-05 5.282284276707323225e-04
6.115317640774368024e-05 5.294720259944480376e-04
6.164485760004533520e-05 5.307191721019334247e-04
6.214049198675263225e-05 5.319698841635595076e-04
6.264011135217267769e-05 5.332241804745592364e-04
6.314374773616340732e-05 5.344820794560137863e-04
6.365143343618828514e-05 5.357435996558428679e-04
6.416320100938753600e-05 5.370087597498092403e-04
6.467908327466576339e-05 5.382775785425277784e-04
6.519911331479687374e-05 5.395500749684849478e-04
6.572332447854550765e-05 5.408262680930668457e-04
6.625175038280560166e-05 5.421061771135963483e-04
6.678442491475626997e-05 5.433898213603784990e-04
6.732138223403474897e-05 5.446772202977559789e-04
6.786265677492732580e-05 5.459683935251742268e-04
6.840828324857732969e-05 5.472633607782532821e-04
6.895829664521112095e-05 5.485621419298722032e-04
6.951273223638210490e-05 5.498647569912602090e-04
7.007162557723235047e-05 5.511712261130988786e-04
7.063501250877307397e-05 5.524815695866337837e-04
7.120292916018280884e-05 5.537958078447957708e-04
7.177541195112438640e-05 5.551139614633309165e-04
7.235249759408053768e-05 5.564360511619423008e-04
7.293422309670796744e-05 5.577620978054395866e-04
7.352062576421097080e-05 5.590921224049013932e-04
7.411174320173350859e-05 5.604261461188448246e-04
7.470761331677086591e-05 5.617641902544068169e-04
7.530827432160055546e-05 5.631062762685357841e-04
7.591376473573274990e-05 5.644524257691937823e-04
7.652412338838066367e-05 5.658026605165683218e-04
7.713938942095051809e-05 5.671570024242962148e-04
7.775960228955157785e-05 5.685154735606955546e-04
7.838480176752651624e-05 5.698780961500128726e-04
7.901502794800183810e-05 5.712448925736761515e-04
7.965032124645920087e-05 5.726158853715626910e-04
8.029072240332711847e-05 5.739910972432757559e-04
8.093627248659359048e-05 5.753705510494347766e-04
8.158701289443973754e-05 5.767542698129735730e-04
8.224298535789441626e-05 5.781422767204528893e-04
8.290423194351078902e-05 5.795345951233833379e-04
8.357079505606360224e-05 5.809312485395600519e-04
8.424271744126871769e-05 5.823322606544093730e-04
8.492004218852440935e-05 5.837376553223463807e-04
8.560281273367423575e-05 5.851474565681448903e-04
8.629107286179304656e-05 5.865616885883212202e-04
8.698486670999456476e-05 5.879803757525277168e-04
8.768423877026179127e-05 5.894035426049579890e-04
8.838923389230043536e-05 5.908312138657695984e-04
8.909989728641467958e-05 5.922634144325114114e-04
8.981627452640691912e-05 5.937001693815717679e-04
9.053841155250001195e-05 5.951415039696326134e-04
9.126635467428358464e-05 5.965874436351410867e-04
9.200015057368340465e-05 5.980380139997914070e-04
9.273984630795551300e-05 5.994932408700213988e-04
9.348548931270370805e-05 6.009531502385217008e-04
9.423712740492145082e-05 6.024177682857578776e-04
9.499480878605851735e-05 6.038871213815070593e-04
9.575858204511167955e-05 6.053612360864060737e-04
9.652849616174116309e-05 6.068401391535169264e-04
9.730460050941129645e-05 6.083238575299033382e-04
9.808694485855689628e-05 6.098124183582195358e-04
9.887557937977495531e-05 6.113058489783195328e-04
9.967055464704180899e-05 6.128041769288729160e-04
1.004719216409567296e-04 6.143074299490009068e-04
1.012797317520110262e-04 6.158156359799242400e-04
1.020940367838836261e-04 6.173288231666260043e-04
1.029148889567633416e-04 6.188470198595295542e-04
1.037423409106972384e-04 6.203702546161902988e-04
1.045764457089669633e-04 6.218985562030041872e-04
1.054172568414912418e-04 6.234319535969316990e-04
1.062648282282561849e-04 6.249704759872340854e-04
1.071192142227731761e-04 6.265141527772285840e-04
1.079804696155641614e-04 6.280630135860559935e-04
1.088486496376757785e-04 6.296170882504681984e-04
1.097238099642209577e-04 6.311764068266264259e-04
1.106060067179492537e-04 6.327409995919212968e-04
1.114952964728461803e-04 6.343108970468031753e-04
1.123917362577606251e-04 6.358861299166327936e-04
1.132953835600627990e-04 6.374667291535488986e-04
1.142062963293303201e-04 6.390527259383486924e-04
1.151245329810645469e-04 6.406441516823885469e-04
1.160501524004368089e-04 6.422410380295006565e-04
1.169832139460641809e-04 6.438434168579255197e-04
1.179237774538167407e-04 6.454513202822653468e-04
1.188719032406542619e-04 6.470647806554496095e-04
1.198276521084944038e-04 6.486838305707227090e-04
1.207910853481119492e-04 6.503085028636479067e-04
1.217622647430689021e-04 6.519388306141277352e-04
1.227412525736771383e-04 6.535748471484453337e-04
1.237281116209919686e-04 6.552165860413225896e-04
1.247229051708383107e-04 6.568640811179945419e-04
1.257256970178692373e-04 6.585173664563074214e-04
1.267365514696564943e-04 6.601764763888307843e-04
1.277555333508152940e-04 6.618414455049913313e-04
1.287827080071607942e-04 6.635123086532248313e-04
1.298181413098988641e-04 6.651891009431469114e-04
1.308618996598503808e-04 6.668718577477459643e-04
1.319140499917089446e-04 6.685606147055914508e-04
1.329746597783339950e-04 6.702554077230658391e-04
1.340437970350773190e-04 6.719562729766152993e-04
1.351215303241448510e-04 6.736632469150189394e-04
1.362079287589936275e-04 6.753763662616833014e-04
1.373030620087634362e-04 6.770956680169500867e-04
1.384070003027452740e-04 6.788211894604332611e-04
1.395198144348845811e-04 6.805529681533694980e-04
1.406415757683213911e-04 6.822910419409947483e-04
1.417723562399667220e-04 6.840354489549403281e-04
1.429122283651152597e-04 6.857862276156515566e-04
1.440612652420966125e-04 6.875434166348265604e-04
1.452195405569622899e-04 6.893070550178788218e-04
1.463871285882114692e-04 6.910771820664214117e-04
1.475641042115537595e-04 6.928538373807733393e-04
1.487505429047116759e-04 6.946370608624892126e-04
1.499465207522604634e-04 6.964268927169098245e-04
1.511521144505073046e-04 6.982233734557400599e-04
1.523674013124099661e-04 7.000265438996461018e-04
1.535924592725342042e-04 7.018364451808751896e-04
1.548273668920523431e-04 7.036531187459053004e-04
1.560722033637808315e-04 7.054766063581125032e-04
1.573270485172589426e-04 7.073069501004658520e-04
1.585919828238679984e-04 7.091441923782449384e-04
1.598670874019917103e-04 7.109883759217831400e-04
1.611524440222186696e-04 7.128395437892366725e-04
1.624481351125858742e-04 7.146977393693755435e-04
1.637542437638646483e-04 7.165630063844034532e-04
1.650708537348895494e-04 7.184353888928023081e-04
1.663980494579287480e-04 7.203149312921988505e-04
1.677359160440997522e-04 7.222016783222650086e-04
1.690845392888266853e-04 7.240956750676370022e-04
1.704440056773424766e-04 7.259969669608650226e-04
1.718144023902350430e-04 7.279055997853883927e-04
1.731958173090376255e-04 7.298216196785402158e-04
1.745883390218652849e-04 7.317450731345737092e-04
1.759920568290953896e-04 7.336760070077247503e-04
1.774070607490943713e-04 7.356144685152929625e-04
1.788334415239907493e-04 7.375605052407574946e-04
1.802712906254936372e-04 7.395141651369189313e-04
1.817207002607594687e-04 7.414754965290700417e-04
1.831817633783048573e-04 7.434445481181941760e-04
1.846545736739668622e-04 7.454213689841957544e-04
1.861392255969122596e-04 7.474060085891584028e-04
1.876358143556934631e-04 7.493985167806304108e-04
1.891444359243551565e-04 7.513989437949464018e-04
1.906651870485883608e-04 7.534073402605746990e-04
1.921981652519347001e-04 7.554237572014948316e-04
1.937434688420406486e-04 7.574482460406089775e-04
1.953011969169611637e-04 7.594808586031823530e-04
1.968714493715157125e-04 7.615216471203171055e-04
1.984543269036937656e-04 7.635706642324552621e-04
2.000499310211124404e-04 7.656279629929162644e-04
2.016583640475263768e-04 7.676935968714657284e-04
2.032797291293887048e-04 7.697676197579162967e-04
2.049141302424670359e-04 7.718500859657638361e-04
2.065616721985102228e-04 7.739410502358556182e-04
2.082224606519702495e-04 7.760405677400887504e-04
2.098966021067776011e-04 7.781486940851504563e-04
2.115842039231708425e-04 7.802654853162852445e-04
2.132853743245821155e-04 7.823909979210995911e-04
2.150002224045770630e-04 7.845252888334022920e-04
2.167288581338506972e-04 7.866684154370803773e-04
2.184713923672800266e-04 7.888204355700066846e-04
2.202279368510321399e-04 7.909814075279884144e-04
2.219986042297315951e-04 7.931513900687507061e-04
2.237835080536832659e-04 7.953304424159534985e-04
2.255827627861544402e-04 7.975186242632495903e-04
2.273964838107153295e-04 7.997159957783796713e-04
2.292247874386376641e-04 8.019226176073002057e-04
2.310677909163547637e-04 8.041385508783566345e-04
2.329256124329795300e-04 8.063638572064900801e-04
2.347983711278841320e-04 8.085985986974835154e-04
2.366861870983401610e-04 8.108428379522502174e-04
2.385891814072196382e-04 8.130966380711548546e-04
2.405074760907598803e-04 8.153600626583845570e-04
2.424411941663885391e-04 8.176331758263507762e-04
2.443904596406128258e-04 8.199160422001371172e-04
2.463553975169721069e-04 8.222087269219891274e-04
2.483361338040531666e-04 8.245112956558380219e-04
2.503327955235725008e-04 8.268238145918780767e-04
2.523455107185209787e-04 8.291463504511761146e-04
2.543744084613755907e-04 8.314789704903279358e-04
2.564196188623757595e-04 8.338217425061594194e-04
2.584812730778682818e-04 8.361747348404664380e-04
2.605595033187176469e-04 8.385380163848043210e-04
2.626544428587845523e-04 8.409116565853155898e-04
2.647662260434727232e-04 8.432957254476098436e-04
2.668949882983435496e-04 8.456902935416794236e-04
2.690408661378018468e-04 8.480954320068719975e-04
2.712039971738496491e-04 8.505112125568977310e-04
2.733845201249113449e-04 8.529377074848927282e-04
2.755825748247293385e-04 8.553749896685230222e-04
2.777983022313308898e-04 8.578231325751382213e-04
2.800318444360686801e-04 8.602822102669744871e-04
2.822833446727320678e-04 8.627522974064025067e-04
2.845529473267326658e-04 8.652334692612294580e-04
2.868407979443639158e-04 8.677258017100410907e-04
2.891470432421335761e-04 8.702293712476056068e-04
2.914718311161741617e-04 8.727442549903196081e-04
2.938153106517259736e-04 8.752705306817041338e-04
2.961776321326985693e-04 8.778082766979584863e-04
2.985589470513076932e-04 8.803575720535600268e-04
3.009594081177898914e-04 8.829184964069172054e-04
3.033791692701968685e-04 8.854911300660778858e-04
3.058183856842662811e-04 8.880755539944876513e-04
3.082772137833731415e-04 8.906718498168048146e-04
3.107558112485615614e-04 8.932800998247658435e-04
3.132543370286550990e-04 8.959003869831100916e-04
3.157729513504518382e-04 8.985327949355566800e-04
3.183118157289984503e-04 9.011774080108382991e-04
3.208710929779479029e-04 9.038343112287909554e-04
3.234509472200011401e-04 9.065035903065024820e-04
3.260515438974303484e-04 9.091853316645123317e-04
3.286730497826909655e-04 9.118796224330815185e-04
3.313156329891145694e-04 9.145865504585060351e-04
3.339794629816908900e-04 9.173062043095032373e-04
3.366647105879350382e-04 9.200386732836475599e-04
3.393715480088412549e-04 9.227840474138725851e-04
3.421001488299281121e-04 9.255424174750327432e-04
3.448506880323687698e-04 9.283138749905241009e-04
3.476233420042124686e-04 9.310985122389710700e-04
3.504182885516969321e-04 9.338964222609719883e-04
3.532357069106488077e-04 9.367076988659119204e-04
3.560757777579800034e-04 9.395324366388359575e-04
3.589386832232733648e-04 9.423707309473871360e-04
3.618246069004619168e-04 9.452226779488140688e-04
3.647337338596035169e-04 9.480883745970375594e-04
3.676662506587473930e-04 9.509679186497899638e-04
3.706223453558999954e-04 9.538614086758168955e-04
3.736022075210832763e-04 9.567689440621484276e-04
3.766060282484924452e-04 9.596906250214406586e-04
3.796340001687502721e-04 9.626265525993834161e-04
3.826863174612593491e-04 9.655768286821761557e-04
3.857631758666560493e-04 9.685415560040828986e-04
3.888647726993622270e-04 9.715208381550456077e-04
3.919913068602388874e-04 9.745147795883802883e-04
3.951429788493415534e-04 9.775234856285396588e-04
3.983199907787768985e-04 9.805470624789486798e-04
4.015225463856657382e-04 9.835856172299200974e-04
4.047508510452074498e-04 9.866392578666378574e-04
4.080051117838504808e-04 9.897080932772164136e-04
4.112855372925676455e-04 9.927922332608411348e-04
4.145923379402413600e-04 9.958917885359822204e-04
4.179257257871523638e-04 9.990068707486829923e-04
4.212859145985798975e-04 1.002137592480934272e-03
4.246731198585098678e-04 1.005284067259122269e-03
4.280875587834526239e-04 1.008446409562553658e-03
4.315294503363743058e-04 1.011624734832071524e-03
4.349990152407378035e-04 1.014819159478740898e-03
4.384964759946573969e-04 1.018029800892625812e-03
4.420220568851676688e-04 1.021256777451642244e-03
4.455759840026051214e-04 1.024500208530502131e-03
4.491584852551097065e-04 1.027760214509734586e-03
4.527697903832381891e-04 1.031036916784797749e-03
4.564101309746976969e-04 1.034330437775275420e-03
4.600797404791974465e-04 1.037640900934160872e-03
4.637788542234182144e-04 1.040968430757226735e-03
4.675077094261052444e-04 1.044313152792490304e-03
4.712665452132799838e-04 1.047675193649757986e-03
4.750556026335744420e-04 1.051054681010271013e-03
4.788751246736903423e-04 1.054451743636435719e-03
4.827253562739795400e-04 1.057866511381649237e-03
4.866065443441542205e-04 1.061299115200217561e-03
4.905189377791192330e-04 1.064749687157368367e-03
4.944627874749336601e-04 1.068218360439359685e-03
4.984383463449012456e-04 1.071705269363681153e-03
5.024458693357868608e-04 1.075210549389357629e-03
5.064856134441691462e-04 1.078734337127346468e-03
5.105578377329196256e-04 1.082276770351036938e-03
5.146628033478157192e-04 1.085837988006845044e-03
5.188007735342890650e-04 1.089418130224916121e-03
5.229720136543042699e-04 1.093017338329921968e-03
5.271767912033797996e-04 1.096635754851967709e-03
5.314153758277396231e-04 1.100273523537595357e-03
5.356880393416061292e-04 1.103930789360900357e-03
5.399950557446311699e-04 1.107607698534746792e-03
5.443367012394657737e-04 1.111304398522093388e-03
5.487132542494753580e-04 1.115021038047428600e-03
5.531249954365927450e-04 1.118757767108312590e-03
5.575722077193165675e-04 1.122514736987028500e-03
5.620551762908560433e-04 1.126292100262348212e-03
5.665741886374165868e-04 1.130090010821407183e-03
5.711295345566402447e-04 1.133908623871698537e-03
5.757215061761868612e-04 1.137748095953171898e-03
5.803503979724689834e-04 1.141608584950458850e-03
5.850165067895366031e-04 1.145490250105208338e-03
5.897201318581110846e-04 1.149393252028538953e-03
5.944615748147774950e-04 1.153317752713620657e-03
5.992411397213261203e-04 1.157263915548362339e-03
6.040591330842524920e-04 1.161231905328233803e-03
6.089158638744127799e-04 1.165221888269202472e-03
6.138116435468361776e-04 1.169234032020797587e-03
6.187467860607011099e-04 1.173268505679296711e-03
6.237216078994666998e-04 1.177325479801045582e-03
6.287364280911692492e-04 1.181405126415895285e-03
6.337915682288813510e-04 1.185507619040779498e-03
6.388873524913327639e-04 1.189633132693410783e-03
6.440241076637034587e-04 1.193781843906118693e-03
6.492021631585769090e-04 1.197953930739814295e-03
6.544218510370660965e-04 1.202149572798090439e-03
6.596835060301082165e-04 1.206368951241460798e-03
6.649874655599279788e-04 1.210612248801726416e-03
6.703340697616804508e-04 1.214879649796493828e-03
6.757236615052597843e-04 1.219171340143820892e-03
6.811565864172887874e-04 1.223487507377013115e-03
6.866331929032830524e-04 1.227828340659550734e-03
6.921538321699919174e-04 1.232194030800173217e-03
6.977188582479242843e-04 1.236584770268096909e-03
7.033286280140493190e-04 1.241000753208390973e-03
7.089835012146845005e-04 1.245442175457486030e-03
7.146838404885620232e-04 1.249909234558850644e-03
7.204300113900890526e-04 1.254402129778801802e-03
7.262223824127872008e-04 1.258921062122481289e-03
7.320613250129239056e-04 1.263466234349978207e-03
7.379472136333346290e-04 1.268037850992607398e-03
7.438804257274322972e-04 1.272636118369351163e-03
7.498613417834165597e-04 1.277261244603452748e-03
7.558903453486718075e-04 1.281913439639172049e-03
7.619678230543641424e-04 1.286592915258708697e-03
7.680941646402355627e-04 1.291299885099277817e-03
7.742697629795952576e-04 1.296034564670358376e-03
7.804950141045181996e-04 1.300797171371113285e-03
7.867703172312385694e-04 1.305587924507962136e-03
7.930960747857521056e-04 1.310407045312341747e-03
7.994726924296243452e-04 1.315254756958624113e-03
8.059005790860012839e-04 1.320131284582216728e-03
8.123801469658376365e-04 1.325036855297833781e-03
8.189118115943288178e-04 1.329971698217951876e-03
8.254959918375582477e-04 1.334936044471429469e-03
8.321331099293596519e-04 1.339930127222324066e-03
8.388235914983911082e-04 1.344954181688877252e-03
8.455678655954343903e-04 1.350008445162692930e-03
8.523663647209069223e-04 1.355093157028104201e-03
8.592195248525974060e-04 1.360208558781712210e-03
8.661277854736258762e-04 1.365354894052135757e-03
8.730915896006232000e-04 1.370532408619934157e-03
8.801113838121469310e-04 1.375741350437736758e-03
8.871876182773153060e-04 1.380981969650562410e-03
8.943207467846777054e-04 1.386254518616333864e-03
9.015112267713157237e-04 1.391559251926599268e-03
9.087595193521750669e-04 1.396896426427444255e-03
9.160660893496406360e-04 1.402266301240619141e-03
9.234314053233420036e-04 1.407669137784862794e-03
9.308559396002017523e-04 1.413105199797442049e-03
9.383401683047272153e-04 1.418574753355889744e-03
9.458845713895384661e-04 1.424078066899962195e-03
9.534896326661532629e-04 1.429615411253814822e-03
9.611558398360097594e-04 1.435187059648381381e-03
9.688836845217422677e-04 1.440793287743981962e-03
9.766736622987099662e-04 1.446434373653143930e-03
9.845262727267731304e-04 1.452110597963653799e-03
9.924420193823349935e-04 1.457822243761824205e-03
1.000421409890631889e-03 1.463569596655994428e-03
1.008464955958286637e-03 1.469352944800260538e-03
1.016573173406125612e-03 1.475172578918432578e-03
1.024746582202252978e-03 1.481028792328231572e-03
1.032985706495401397e-03 1.486921880965712262e-03
1.041291074648540999e-03 1.492852143409942800e-03
1.049663219272763950e-03 1.498819880907905407e-03
1.058102677261440290e-03 1.504825397399656584e-03
1.066609989824644604e-03 1.510868999543717173e-03
1.075185702523869359e-03 1.516950996742733688e-03
1.083830365307006036e-03 1.523071701169366032e-03
1.092544532543613788e-03 1.529231427792442132e-03
1.101328763060472390e-03 1.535430494403371496e-03
1.110183620177413594e-03 1.541669221642806391e-03
1.119109671743452172e-03 1.547947933027571041e-03
1.128107490173198193e-03 1.554266954977857971e-03
1.137177652483566592e-03 1.560626616844680873e-03
1.146320740330776002e-03 1.567027250937605681e-03
1.155537340047655933e-03 1.573469192552749436e-03
1.164828042681244086e-03 1.579952780001055851e-03
1.174193444030688328e-03 1.586478354636844520e-03
1.183634144685458090e-03 1.593046260886647010e-03
1.193150750063853285e-03 1.599656846278318771e-03
1.202743870451835218e-03 1.606310461470440536e-03
1.212414121042160436e-03 1.613007460282011142e-03
1.222162121973831804e-03 1.619748199722424861e-03
1.231988498371868997e-03 1.626533040021754892e-03
1.241893880387392101e-03 1.633362344661318548e-03
1.251878903238039372e-03 1.640236480404557926e-03
1.261944207248697457e-03 1.647155817328217232e-03
1.272090437892566634e-03 1.654120728853832132e-03
1.282318245832554139e-03 1.661131591779516168e-03
1.292628286962997511e-03 1.668188786312075050e-03
1.303021222451730557e-03 1.675292696099433837e-03
1.313497718782479992e-03 1.682443708263374645e-03
1.324058447797607290e-03 1.689642213432610875e-03
1.334704086741192930e-03 1.696888605776171758e-03
1.345435318302464324e-03 1.704183283037129714e-03
1.356252830659580681e-03 1.711526646566657959e-03
1.367157317523761328e-03 1.718919101358410339e-03
1.378149478183773782e-03 1.726361056083265677e-03
1.389230017550777867e-03 1.733852923124390216e-03
1.400399646203527408e-03 1.741395118612657205e-03
1.411659080433945316e-03 1.748988062462423620e-03
1.423009042293053427e-03 1.756632178407645586e-03
1.434450259637277264e-03 1.764327894038359833e-03
1.445983466175124622e-03 1.772075640837527917e-03
1.457609401514231703e-03 1.779875854218231079e-03
1.469328811208800434e-03 1.787728973561254981e-03
1.481142446807405489e-03 1.795635442253020733e-03
1.493051065901190117e-03 1.803595707723919250e-03
1.505055432172451189e-03 1.811610221486997536e-03
1.517156315443608707e-03 1.819679439177044169e-03
1.529354491726579507e-03 1.827803820590064455e-03
1.541650743272537797e-03 1.835983829723135050e-03
1.554045858622080979e-03 1.844219934814664069e-03
1.566540632655798139e-03 1.852512608385039131e-03
1.579135866645240338e-03 1.860862327277691946e-03
1.591832368304311801e-03 1.869269572700557342e-03
1.604630951841063335e-03 1.877734830267957945e-03
1.617532438009906207e-03 1.886258590042883942e-03
1.630537654164249074e-03 1.894841346579720408e-03
1.643647434309547777e-03 1.903483598967368193e-03
1.656862619156798146e-03 1.912185850872820609e-03
1.670184056176443610e-03 1.920948610585151680e-03
1.683612599652723873e-03 1.929772391059957591e-03
1.697149110738460078e-03 1.938657709964233117e-03
1.710794457510273446e-03 1.947605089721686066e-03
1.724549515024263171e-03 1.956615057558522275e-03
1.738415165372116057e-03 1.965688145549665360e-03
1.752392297737674978e-03 1.974824890665449403e-03
1.766481808453962930e-03 1.984025834818781316e-03
1.780684601060657669e-03 1.993291524912745114e-03
1.795001586362042316e-03 2.002622512888718384e-03
1.809433682485410248e-03 2.012019355774942366e-03
1.823981814939941177e-03 2.021482615735582106e-03
1.838646916676058398e-03 2.031012860120279696e-03
1.853429928145247261e-03 2.040610661514196279e-03
1.868331797360377362e-03 2.050276597788556684e-03
1.883353479956490070e-03 2.060011252151701909e-03
1.898495939252082621e-03 2.069815213200644662e-03
1.913760146310886827e-03 2.079689074973137524e-03
1.929147080004135241e-03 2.089633437000268899e-03
1.944657727073345350e-03 2.099648904359584581e-03
1.960293082193589713e-03 2.109736087728729306e-03
1.976054148037286948e-03 2.119895603439641684e-03
1.991941935338496436e-03 2.130128073533266077e-03
2.007957462957742772e-03 2.140434125814842138e-03
2.024101757947348919e-03 2.150814393909723440e-03
2.040375855617300189e-03 2.161269517319762933e-03
2.056780799601639915e-03 2.171800141480267378e-03
2.073317641925389015e-03 2.182406917817511678e-03
2.089987443072018926e-03 2.193090503806840834e-03
2.106791272051456668e-03 2.203851563031343497e-03
2.123730206468635480e-03 2.214690765241128338e-03
2.140805332592605331e-03 2.225608786413162468e-03
2.158017745426185543e-03 2.236606308811755605e-03
2.175368548776195499e-03 2.247684021049613234e-03
2.192858855324234836e-03 2.258842618149520774e-03
2.210489786698038254e-03 2.270082801606641831e-03
2.228262473543406261e-03 2.281405279451440959e-03
2.246178055596705775e-03 2.292810766313236118e-03
2.264237681757967895e-03 2.304299983484395156e-03
2.282442510164559880e-03 2.315873658985180637e-03
2.300793708265457763e-03 2.327532527629225679e-03
2.319292452896112248e-03 2.339277331089694573e-03
2.337939930353909613e-03 2.351108817966094788e-03
2.356737336474264057e-03 2.363027743851750344e-03
2.375685876707289441e-03 2.375034871401988587e-03
2.394786766195111574e-03 2.387130970402971415e-03
2.414041229849791560e-03 2.399316817841240339e-03
2.433450502431870610e-03 2.411593197973971488e-03
2.453015828629565367e-03 2.423960902399915820e-03
2.472738463138582539e-03 2.436420730131070526e-03
2.492619670742577537e-03 2.448973487665063401e-03
2.512660726394270148e-03 2.461619989058272742e-03
2.532862915297193381e-03 2.474361055999681897e-03
2.553227532988127085e-03 2.487197517885480179e-03
2.573755885420168660e-03 2.500130211894407550e-03
2.594449289046484204e-03 2.513159983063883822e-03
2.615309070904734464e-03 2.526287684366871223e-03
2.636336568702165196e-03 2.539514176789541867e-03
2.657533130901406151e-03 2.552840329409711978e-03
2.678900116806937071e-03 2.566267019476094896e-03
2.700438896652260570e-03 2.579795132488307396e-03
2.722150851687775430e-03 2.593425562277736421e-03
2.744037374269345068e-03 2.607159211089188616e-03
2.766099867947598503e-03 2.620996989663382931e-03
2.788339747557935181e-03 2.634939817320267226e-03
2.810758439311250145e-03 2.648988622043190952e-03
2.833357380885405136e-03 2.663144340563913109e-03
2.856138021517409635e-03 2.677407918448487106e-03
2.879101822096374712e-03 2.691780310183998232e-03
2.902250255257189399e-03 2.706262479266205792e-03
2.925584805474958604e-03 2.720855398288039156e-03
2.949106969160203862e-03 2.735560049029027094e-03
2.972818254754816970e-03 2.750377422545605306e-03
2.996720182828806808e-03 2.765308519262344236e-03
3.020814286177804248e-03 2.780354349064130971e-03
3.045102109921357658e-03 2.795515931389241492e-03
3.069585211602024206e-03 2.810794295323393484e-03
3.094265161285240061e-03 2.826190479694735448e-03
3.119143541660024561e-03 2.841705533169814647e-03
3.144221948140462838e-03 2.857340514350502174e-03
3.169501988968024576e-03 2.873096491871921995e-03
3.194985285314685952e-03 2.888974544501354044e-03
3.220673471386911128e-03 2.904975761238169467e-03
3.246568194530437355e-03 2.921101241414765515e-03
3.272671115335923971e-03 2.937352094798517839e-03
3.298983907745443606e-03 2.953729441694797481e-03
3.325508259159817761e-03 2.970234413051012212e-03
3.352245870546845773e-03 2.986868150561726876e-03
