2.497382406435652939e-25 9.768325619515944397e-18
1.592405960127358361e-24 3.089015920155193588e-17
1.015365822756892167e-23 9.768326876420302874e-17
6.474277161963938908e-23 3.089016721595150065e-16
4.128193389070159467e-22 9.768331986641967382e-16
2.632259977636328568e-21 3.089019980025807047e-15
1.678407946733001633e-20 9.768352763373603653e-15
1.070203270037972128e-19 3.089033227893325649e-14
6.823937180644061677e-19 9.768437235752100315e-14
4.351147109064984495e-18 3.089087090016611440e-13
1.915297948882004416e-17 7.759322488683919743e-13
8.060281057525431301e-17 1.949163039787816667e-12
3.231548868885900942e-16 4.896382250613372468e-12
4.345363206717196250e-16 6.163781780305984805e-12
1.185699981296668146e-15 1.229732179640797847e-11
3.167099671296256822e-15 2.454290871984140256e-11
8.312293945536222779e-15 4.898397135859626299e-11
2.151611673377367987e-14 9.773430848120292535e-11
5.516190296262407946e-14 1.950308160666369755e-10
7.219962673568143336e-14 2.455395918119563429e-10
1.345996703506809824e-13 3.892770603306517574e-10
2.502777173064534741e-13 6.169465998965407740e-10
3.411676113431318569e-13 7.768626451909397954e-10
4.161104603351930561e-13 9.006720410829545173e-10
5.668224300832851639e-13 1.192414995932578561e-09
1.051017683769589897e-12 1.890432911212288601e-09
1.946696275912857264e-12 3.094630240399093478e-09
3.604197434436283020e-12 4.906521065391501087e-09
4.678350727597027810e-12 5.964785761620009416e-09
6.363945126095426008e-12 7.510858710852283575e-09
8.659328086403540721e-12 9.798092857573101657e-09
1.177437263656969924e-11 1.233578754396143564e-08
1.601314678573479096e-11 1.553407705195085344e-08
2.068158225216417963e-11 1.881943995759334440e-08
2.812629084553211013e-11 2.462793118627416045e-08
3.823985723652250255e-11 3.101071367919697201e-08
4.915490723856361436e-11 3.744047090307774978e-08
6.683712298751739095e-11 4.918310976261355027e-08
9.088989403667837668e-11 6.194746997419662658e-08
1.198094057756214983e-10 7.622496704508910767e-08
1.235276287134856064e-10 8.111821537560480725e-08
1.679810496150610554e-10 1.052041443179145334e-07
2.145827771029579730e-10 1.264403182978826954e-07
2.389577941400671919e-10 1.370814666799720085e-07
2.718434103460653354e-10 1.558050328926489486e-07
3.695913600236930604e-10 2.029070399259184632e-07
4.805596579248377059e-10 2.471473550088626382e-07
6.228436556804378813e-10 3.112918511513913844e-07
6.449051117784316288e-10 3.195404339442749206e-07
6.519284217721749412e-10 3.221516175955882510e-07
6.901021772675798839e-10 3.362246542759246589e-07
7.517420508597271333e-10 3.585491157042282318e-07
7.842145311837404764e-10 3.701260768930860222e-07
8.123077711587138292e-10 3.800461204279264704e-07
8.948523203792971162e-10 4.248355205313744057e-07
1.780367769825735293e-09 1.571243743291283042e-06
2.831798589477310162e-09 2.360915204371286954e-06
4.352717025416528164e-09 3.331634749736530039e-06
6.442936706730940560e-09 4.497300351158025239e-06
9.210451352971400048e-09 5.875749191388290656e-06
1.726412223638507203e-08 9.359364509061765243e-06
2.961440629244172500e-08 1.399035730184682620e-05
4.760234259406434222e-08 2.000744564924680080e-05
7.280858902572716169e-08 2.762541866450402925e-05
1.069774052811704485e-07 3.692082460755834189e-05
1.786399553702715184e-07 5.352425790188030335e-05
3.179080611873818725e-07 7.810458603098302793e-05
4.169532575344421554e-07 9.195064971249766836e-05
4.437988271458211392e-07 9.546604737380116803e-05
8.192319285407806845e-07 1.258634192745901824e-04
1.126555466740723498e-06 1.514418859873355964e-04
1.135613150537682784e-06 1.519132158068108105e-04
1.144743659542266579e-06 1.523853611559469713e-04
1.153947579280640424e-06 1.528583222110569545e-04
1.163225499986693221e-06 1.533320991575507972e-04
1.172578016639887107e-06 1.538066921900310257e-04
1.182005729003413542e-06 1.542821015123883367e-04
1.191509241662654527e-06 1.547583273378974947e-04
1.201089164063953213e-06 1.552353698893132572e-04
1.210746110553698962e-06 1.557132293989665428e-04
1.220480700417721794e-06 1.561919061088606008e-04
1.230293557921008066e-06 1.566714002707675314e-04
1.240185312347734002e-06 1.571517121463245905e-04
1.250156598041618342e-06 1.576328420071312528e-04
1.260208054446604489e-06 1.581147901348457330e-04
1.270340326147866432e-06 1.585975568212822653e-04
1.280554062913143531e-06 1.590811423685080590e-04
1.290849919734410936e-06 1.595655470889408218e-04
1.301228556869883529e-06 1.600507713054461758e-04
1.311690639886354867e-06 1.605368153514352626e-04
1.322236839701881710e-06 1.610236795709627552e-04
1.332867832628807793e-06 1.615113643188245446e-04
1.343584300417134450e-06 1.619998699606564293e-04
1.354386930298241069e-06 1.624891968730319376e-04
1.365276415028955370e-06 1.629793454435612607e-04
1.376253452935979646e-06 1.634703160709897259e-04
1.387318747960673394e-06 1.639621091652968378e-04
1.398473009704195093e-06 1.644547251477954293e-04
1.409716953473009044e-06 1.649481644512307841e-04
1.421051300324756442e-06 1.654424275198802482e-04
1.432476777114495331e-06 1.659375148096528410e-04
1.443994116541313243e-06 1.664334267881892185e-04
1.455604057195314876e-06 1.669301639349617453e-04
1.467307343604985207e-06 1.674277267413747290e-04
1.479104726284935472e-06 1.679261157108650343e-04
1.490996961784033480e-06 1.684253313590027240e-04
1.502984812733919335e-06 1.689253742135919981e-04
1.515069047897911421e-06 1.694262448147724857e-04
1.527250442220307535e-06 1.699279437151205092e-04
1.539529776876078822e-06 1.704304714797507823e-04
1.551907839320966910e-06 1.709338286864182173e-04
1.564385423341982526e-06 1.714380159256200561e-04
1.576963329108308157e-06 1.719430338006982194e-04
1.589642363222614057e-06 1.724488829279418180e-04
1.602423338772782526e-06 1.729555639366900702e-04
1.615307075384050622e-06 1.734630774694353561e-04
1.628294399271572369e-06 1.739714241819265410e-04
1.641386143293401301e-06 1.744806047432725178e-04
1.654583147003902245e-06 1.749906198360463166e-04
1.667886256707588520e-06 1.755014701563889989e-04
1.681296325513395573e-06 1.760131564141140660e-04
1.694814213389390419e-06 1.765256793328123829e-04
1.708440787217917715e-06 1.770390396499569663e-04
1.722176920851193710e-06 1.775532381170082336e-04
1.736023495167344464e-06 1.780682754995197123e-04
1.749981398126894687e-06 1.785841525772438316e-04
1.764051524829712705e-06 1.791008701442380654e-04
1.778234777572410281e-06 1.796184290089712654e-04
1.792532065906207249e-06 1.801368299944307804e-04
1.806944306695258204e-06 1.806560739382291961e-04
1.821472424175449716e-06 1.811761616927120232e-04
1.836117350013672517e-06 1.816970941250652778e-04
1.850880023367564645e-06 1.822188721174236299e-04
1.865761390945740567e-06 1.827414965669787702e-04
1.880762407068500995e-06 1.832649683860883174e-04
1.895884033729032918e-06 1.837892885023847272e-04
1.911127240655100292e-06 1.843144578588848772e-04
1.926493005371231707e-06 1.848404774140998969e-04
1.941982313261406122e-06 1.853673481421452959e-04
1.957596157632247033e-06 1.858950710328515789e-04
1.973335539776718285e-06 1.864236470918751603e-04
1.989201469038338491e-06 1.869530773408097112e-04
2.005194962875906631e-06 1.874833628172977243e-04
2.021317046928751114e-06 1.880145045751429450e-04
2.037568755082503164e-06 1.885465036844225059e-04
2.053951129535397044e-06 1.890793612316000896e-04
2.070465220865106045e-06 1.896130783196390385e-04
2.087112088096112944e-06 1.901476560681164129e-04
2.103892798767625104e-06 1.906830956133368318e-04
2.120808429002032524e-06 1.912193981084472634e-04
2.137860063573921967e-06 1.917565647235520043e-04
2.155048795979635307e-06 1.922945966458281474e-04
2.172375728507400465e-06 1.928334950796415910e-04
2.189841972308015465e-06 1.933732612466633200e-04
2.207448647466106772e-06 1.939138963859863641e-04
2.225196883071957688e-06 1.944554017542431351e-04
2.243087817293915694e-06 1.949977786257230366e-04
2.261122597451380851e-06 1.955410282924910750e-04
2.279302380088384168e-06 1.960851520645064984e-04
2.297628331047751266e-06 1.966301512697418968e-04
2.316101625545869124e-06 1.971760272543033308e-04
2.334723448248049574e-06 1.977227813825504078e-04
2.353494993344501369e-06 1.982704150372172785e-04
2.372417464626909595e-06 1.988189296195337966e-04
2.391492075565635942e-06 1.993683265493476271e-04
2.410720049387534351e-06 1.999186072652465172e-04
2.430102619154397278e-06 2.004697732246815158e-04
2.449641027842026642e-06 2.010218259040902474e-04
2.469336528419947249e-06 2.015747667990212702e-04
2.489190383931756336e-06 2.021285974242586505e-04
2.509203867576121524e-06 2.026833193139472697e-04
2.529378262788428435e-06 2.032389340217188628e-04
2.549714863323085197e-06 2.037954431208182195e-04
2.570214973336490162e-06 2.043528482042304695e-04
2.590879907470665825e-06 2.049111508848087742e-04
2.611710990937562316e-06 2.054703527954026155e-04
2.632709559604044033e-06 2.060304555889868152e-04
2.653876960077556430e-06 2.065914609387910705e-04
2.675214549792480606e-06 2.071533705384303291e-04
2.696723697097183730e-06 2.077161861020356253e-04
2.718405781341772073e-06 2.082799093643857295e-04
2.740262192966541579e-06 2.088445420810393664e-04
2.762294333591150530e-06 2.094100860284683820e-04
2.784503616104498634e-06 2.099765430041911009e-04
2.806891464755335410e-06 2.105439148269070109e-04
2.829459315243596600e-06 2.111122033366315026e-04
2.852208614812470717e-06 2.116814103948321533e-04
2.875140822341210566e-06 2.122515378845647672e-04
2.898257408438689303e-06 2.128225877106111510e-04
2.921559855537704000e-06 2.133945617996168068e-04
2.945049657990050858e-06 2.139674621002299814e-04
2.968728322162346235e-06 2.145412905832411220e-04
2.992597366532633717e-06 2.151160492417233342e-04
3.016658321787759447e-06 2.156917400911735996e-04
3.040912730921533929e-06 2.162683651696546976e-04
3.065362149333681146e-06 2.168459265379380494e-04
3.090008144929583042e-06 2.174244262796473474e-04
3.114852298220832071e-06 2.180038665014029169e-04
3.139896202426580389e-06 2.185842493329673243e-04
3.165141463575714469e-06 2.191655769273912022e-04
3.190589700609844990e-06 2.197478514611606200e-04
3.216242545487131057e-06 2.203310751343448331e-04
3.242101643286933660e-06 2.209152501707451984e-04
3.268168652315308546e-06 2.215003788180448211e-04
3.294445244211355865e-06 2.220864633479593942e-04
3.320933104054417694e-06 2.226735060563886078e-04
3.347633930472138265e-06 2.232615092635686146e-04
3.374549435749400873e-06 2.238504753142258783e-04
3.401681345938125371e-06 2.244404065777312661e-04
3.429031400967963091e-06 2.250313054482554415e-04
3.456601354757873105e-06 2.256231743449255589e-04
3.484392975328601853e-06 2.262160157119824731e-04
3.512408044916058922e-06 2.268098320189391678e-04
3.540648360085616519e-06 2.274046257607402694e-04
3.569115731847312308e-06 2.280003994579225899e-04
3.597811985771990330e-06 2.285971556567764835e-04
3.626738962108374930e-06 2.291948969295085038e-04
3.655898515901077276e-06 2.297936258744053082e-04
3.685292517109564518e-06 2.303933451159982399e-04
3.714922850728070436e-06 2.309940573052289396e-04
3.744791416906479743e-06 2.315957651196171529e-04
3.774900131072182671e-06 2.321984712634278872e-04
3.805250924052907876e-06 2.328021784678413334e-04
3.835845742200544255e-06 2.334068894911231398e-04
3.866686547515957604e-06 2.340126071187959055e-04
3.897775317774810166e-06 2.346193341638121382e-04
3.929114046654391101e-06 2.352270734667281601e-04
3.960704743861470614e-06 2.358358278958793688e-04
3.992549435261179396e-06 2.364456003475565561e-04
4.024650163006924851e-06 2.370563937461838528e-04
4.057008985671346622e-06 2.376682110444975130e-04
4.089627978378335145e-06 2.382810552237260820e-04
4.122509232936105609e-06 2.388949292937721897e-04
4.155654857971337482e-06 2.395098362933950219e-04
4.189066979064409248e-06 2.401257792903948240e-04
4.222747738885693633e-06 2.407427613817981376e-04
4.256699297332975148e-06 2.413607856940448520e-04
4.290923831669956069e-06 2.419798553831762049e-04
4.325423536665882198e-06 2.425999736350245995e-04
4.360200624736293475e-06 2.432211436654044506e-04
4.395257326084896920e-06 2.438433687203049019e-04
4.430595888846590685e-06 2.444666520760831662e-04
4.466218579231632449e-06 2.450909970396603055e-04
4.502127681670966555e-06 2.457164069487180404e-04
4.538325498962725983e-06 2.463428851718965900e-04
4.574814352419901534e-06 2.469704351089950056e-04
4.611596582019207019e-06 2.475990601911719647e-04
4.648674546551141312e-06 2.482287638811491132e-04
4.686050623771247262e-06 2.488595496734150037e-04
4.723727210552598794e-06 2.494914210944314736e-04
4.761706723039511134e-06 2.501243817028410529e-04
4.799991596802476687e-06 2.507584350896761068e-04
4.838584286994362149e-06 2.513935848785698755e-04
4.877487268507848210e-06 2.520298347259686527e-04
4.916703036134144901e-06 2.526671883213461325e-04
4.956234104722978324e-06 2.533056493874192737e-04
4.996083009343862339e-06 2.539452216803658995e-04
5.036252305448670446e-06 2.545859089900437064e-04
5.076744569035511248e-06 2.552277151402114409e-04
5.117562396813926132e-06 2.558706439887519207e-04
5.158708406371409174e-06 2.565146994278963552e-04
5.200185236341275514e-06 2.571598853844509446e-04
5.241995546571864657e-06 2.578062058200248871e-04
5.284142018297117666e-06 2.584536647312606636e-04
5.326627354308520610e-06 2.591022661500658403e-04
5.369454279128426989e-06 2.597520141438470391e-04
5.412625539184785385e-06 2.604029128157458605e-04
5.456143902987253705e-06 2.610549663048763775e-04
5.500012161304747451e-06 2.617081787865645822e-04
5.544233127344402534e-06 2.623625544725908133e-04
5.588809636931985672e-06 2.630180976114325627e-04
5.633744548693751511e-06 2.636748124885107528e-04
5.679040744239759196e-06 2.643327034264372050e-04
5.724701128348667850e-06 2.649917747852647654e-04
5.770728629154016909e-06 2.656520309627386227e-04
5.817126198331999775e-06 2.663134763945510419e-04
5.863896811290753652e-06 2.669761155545971815e-04
5.911043467361168125e-06 2.676399529552337298e-04
5.958569189989224310e-06 2.683049931475388426e-04
6.006477026929886634e-06 2.689712407215760380e-04
6.054770050442553138e-06 2.696387003066579285e-04
6.103451357488066878e-06 2.703073765716145068e-04
6.152524069927330746e-06 2.709772742250625161e-04
6.201991334721501168e-06 2.716483980156769880e-04
6.251856324133797092e-06 2.723207527324659257e-04
6.302122235932933585e-06 2.729943432050469920e-04
6.352792293598194438e-06 2.736691743039262577e-04
6.403869746526142086e-06 2.743452509407798235e-04
6.455357870239004658e-06 2.750225780687379890e-04
6.507259966594723200e-06 2.757011606826713737e-04
6.559579363998697211e-06 2.763810038194799111e-04
6.612319417617232712e-06 2.770621125583846078e-04
6.665483509592700469e-06 2.777444920212214161e-04
6.719075049260434875e-06 2.784281473727377092e-04
6.773097473367357388e-06 2.791130838208921174e-04
6.827554246292384668e-06 2.797993066171556653e-04
6.882448860268578217e-06 2.804868210568173541e-04
6.937784835607111745e-06 2.811756324792906653e-04
6.993565720923015615e-06 2.818657462684245104e-04
7.049795093362743260e-06 2.825571678528152639e-04
7.106476558833570570e-06 2.832499027061231335e-04
7.163613752234836734e-06 2.839439563473903738e-04
7.221210337691046019e-06 2.846393343413628602e-04
7.279270008786843172e-06 2.853360422988143199e-04
7.337796488803877717e-06 2.860340858768737064e-04
7.396793530959566452e-06 2.867334707793555565e-04
7.456264918647791407e-06 2.874342027570927311e-04
7.516214465681516343e-06 2.881362876082734946e-04
7.576646016537362433e-06 2.888397311787802187e-04
7.637563446602154988e-06 2.895445393625323163e-04
7.698970662421433605e-06 2.902507181018316681e-04
7.760871601949989268e-06 2.909582733877114102e-04
7.823270234804383504e-06 2.916672112602882458e-04
7.886170562517523289e-06 2.923775378091174131e-04
7.949576618795276453e-06 2.930892591735511222e-04
8.013492469775138606e-06 2.938023815431013296e-04
8.077922214286993919e-06 2.945169111578038669e-04
8.142869984115964698e-06 2.952328543085878292e-04
8.208339944267380232e-06 2.959502173376474016e-04
8.274336293233864912e-06 2.966690066388179693e-04
8.340863263264599841e-06 2.973892286579543414e-04
8.407925120636696947e-06 2.981108898933141791e-04
8.475526165928827892e-06 2.988339968959438631e-04
8.543670734296990896e-06 2.995585562700686438e-04
8.612363195752513722e-06 3.002845746734859357e-04
8.681607955442319945e-06 3.010120588179630570e-04
8.751409453931394106e-06 3.017410154696377337e-04
8.821772167487577907e-06 3.024714514494235913e-04
8.892700608368609347e-06 3.032033736334185199e-04
8.964199325111481037e-06 3.039367889533172665e-04
9.036272902824156654e-06 3.046717043968283660e-04
9.108925963479581154e-06 3.054081270080941601e-04
9.182163166212091489e-06 3.061460638881155342e-04
9.255989207616212555e-06 3.068855221951811529e-04
9.330408822047811288e-06 3.076265091452990265e-04
9.405426781927742730e-06 3.083690320126347998e-04
9.481047898047857624e-06 3.091130981299515588e-04
9.557277019879552792e-06 3.098587148890564677e-04
9.634119035884737269e-06 3.106058897412494659e-04
9.711578873829309022e-06 3.113546301977779284e-04
9.789661501099206669e-06 3.121049438302947953e-04
9.868371925018909108e-06 3.128568382713218512e-04
9.947715193172594836e-06 3.136103212147165289e-04
1.002769639372781526e-05 3.143654004161448921e-04
1.010832065576177349e-05 3.151220836935571127e-04
1.018959314959028991e-05 3.158803789276694524e-04
1.027151908709931221e-05 3.166402940624500400e-04
1.035410372207920208e-05 3.174018371056096894e-04
1.043735235056159847e-05 3.181650161290971632e-04
1.052127031115908798e-05 3.189298392696000200e-04
1.060586298540754847e-05 3.196963147290497438e-04
1.069113579811123370e-05 3.204644507751320788e-04
1.077709421769070561e-05 3.212342557418026751e-04
1.086374375653347042e-05 3.220057380298073976e-04
1.095108997134751327e-05 3.227789061072081100e-04
1.103913846351762796e-05 3.235537685099134459e-04
1.112789487946461489e-05 3.243303338422154889e-04
1.121736491100740798e-05 3.251086107773302472e-04
1.130755429572804077e-05 3.258886080579457721e-04
1.139846881733962810e-05 3.266703344967738002e-04
1.149011430605725299e-05 3.274537989771082258e-04
1.158249663897183345e-05 3.282390104533879104e-04
1.167562174042704707e-05 3.290259779517663765e-04
1.176949558239920662e-05 3.298147105706867601e-04
1.186412418488027147e-05 3.306052174814622384e-04
1.195951361626389297e-05 3.313975079288626916e-04
1.205566999373454309e-05 3.321915912317071110e-04
1.215259948365984824e-05 3.329874767834619699e-04
1.225030830198597916e-05 3.337851740528460461e-04
1.234880271463631374e-05 3.345846925844407735e-04
1.244808903791324405e-05 3.353860419993070444e-04
1.254817363890321396e-05 3.361892319956087346e-04
1.264906293588506013e-05 3.369942723492414861e-04
1.275076339874158704e-05 3.378011729144694592e-04
1.285328154937449288e-05 3.386099436245666922e-04
1.295662396212257166e-05 3.394205944924669725e-04
1.306079726418335615e-05 3.402331356114187484e-04
1.316580813603809624e-05 3.410475771556477397e-04
1.327166331188015101e-05 3.418639293810260527e-04
1.337836958004687043e-05 3.426822026257481265e-04
1.348593378345489583e-05 3.435024073110134546e-04
1.359436282003900930e-05 3.443245539417167885e-04
1.370366364319448143e-05 3.451486531071454420e-04
1.381384326222295793e-05 3.459747154816828841e-04
1.392490874278200371e-05 3.468027518255214939e-04
1.403686720733815542e-05 3.476327729853801395e-04
1.414972583562372969e-05 3.484647898952316779e-04
1.426349186509722279e-05 3.492988135770368511e-04
1.437817259140742034e-05 3.501348551414849050e-04
1.449377536886130169e-05 3.509729257887445617e-04
1.461030761089560688e-05 3.518130368092196544e-04
1.472777679055230331e-05 3.526551995843150620e-04
1.484619044095778790e-05 3.534994255872100162e-04
1.496555615580596858e-05 3.543457263836381852e-04
1.508588158984527776e-05 3.551941136326782194e-04
1.520717445936950421e-05 3.560445990875507486e-04
1.532944254271267540e-05 3.568971945964249199e-04
1.545269368074786003e-05 3.577519121032324170e-04
1.557693577738995827e-05 3.586087636484909654e-04
1.570217680010261709e-05 3.594677613701360245e-04
1.582842478040913178e-05 3.603289175043615316e-04
1.595568781440752325e-05 3.611922443864692121e-04
1.608397406328972520e-05 3.620577544517274301e-04
1.621329175386491836e-05 3.629254602362383874e-04
1.634364917908716084e-05 3.637953743778156229e-04
1.647505469858713510e-05 3.646675096168695341e-04
1.660751673920830284e-05 3.655418787973034166e-04
1.674104379554727142e-05 3.664184948674187184e-04
1.687564443049853084e-05 3.672973708808292934e-04
1.701132727580361576e-05 3.681785199973871474e-04
1.714810103260459742e-05 3.690619554841159363e-04
1.728597447200214289e-05 3.699476907161559566e-04
1.742495643561791104e-05 3.708357391777190024e-04
1.756505583616162073e-05 3.717261144630531968e-04
1.770628165800258806e-05 3.726188302774186109e-04
1.784864295774584762e-05 3.735139004380725876e-04
1.799214886481300708e-05 3.744113388752666103e-04
1.813680858202762486e-05 3.753111596332540695e-04
1.828263138620543960e-05 3.762133768713075152e-04
1.842962662874925839e-05 3.771180048647487034e-04
1.857780373624861881e-05 3.780250580059885080e-04
1.872717221108434682e-05 3.789345508055789774e-04
1.887774163203789535e-05 3.798464978932760685e-04
1.902952165490563965e-05 3.807609140191147963e-04
1.918252201311809233e-05 3.816778140544954960e-04
1.933675251836406494e-05 3.825972129932818486e-04
1.949222306121991180e-05 3.835191259529117545e-04
1.964894361178376800e-05 3.844435681755192661e-04
1.980692422031494064e-05 3.853705550290698013e-04
1.996617501787841282e-05 3.863001020085069588e-04
2.012670621699451455e-05 3.872322247369125599e-04
2.028852811229387907e-05 3.881669389666793217e-04
2.045165108117754583e-05 3.891042605806963777e-04
2.061608558448254543e-05 3.900442055935472675e-04
2.078184216715267852e-05 3.909867901527225623e-04
2.094893145891473614e-05 3.919320305398450136e-04
2.111736417496022227e-05 3.928799431719076033e-04
2.128715111663243990e-05 3.938305446025268820e-04
2.145830317211922506e-05 3.947838515232088828e-04
2.163083131715114250e-05 3.957398807646301067e-04
2.180474661570537686e-05 3.966986492979316802e-04
2.198006022071523796e-05 3.976601742360291259e-04
2.215678337478536156e-05 3.986244728349359022e-04
2.233492741091272409e-05 3.995915624951017968e-04
2.251450375321335630e-05 4.005614607627669865e-04
2.269552391765501995e-05 4.015341853313303551e-04
2.287799951279565795e-05 4.025097540427336937e-04
2.306194224052783464e-05 4.034881848888611892e-04
2.324736389682922734e-05 4.044694960129553382e-04
2.343427637251896913e-05 4.054537057110473345e-04
2.362269165402031059e-05 4.064408324334054011e-04
2.381262182412922424e-05 4.074308947859979751e-04
2.400407906278924659e-05 4.084239115319741853e-04
2.419707564787261866e-05 4.094199015931609736e-04
2.439162395596757604e-05 4.104188840515771283e-04
2.458773646317210344e-05 4.114208781509645033e-04
2.478542574589398103e-05 4.124259032983365299e-04
2.498470448165727501e-05 4.134339790655442923e-04
2.518558544991537405e-05 4.144451251908611977e-04
2.538808153287045298e-05 4.154593615805844513e-04
2.559220571629965859e-05 4.164767083106557218e-04
2.579797109038783787e-05 4.174971856283000754e-04
2.600539085056694427e-05 4.185208139536838838e-04
2.621447829836235578e-05 4.195476138815911089e-04
2.642524684224574220e-05 4.205776061831197543e-04
2.663770999849506110e-05 4.216108118073970184e-04
2.685188139206125889e-05 4.226472518833147775e-04
2.706777475744201236e-05 4.236869477212838785e-04
2.728540393956257524e-05 4.247299208150113092e-04
2.750478289466354323e-05 4.257761928432943904e-04
2.772592569119591710e-05 4.268257856718384946e-04
2.794884651072326059e-05 4.278787213550950402e-04
2.817355964883112236e-05 4.289350221381192175e-04
2.840007951604385769e-05 4.299947104584525429e-04
2.862842063874867368e-05 4.310578089480237912e-04
2.885859766012725708e-05 4.321243404350751886e-04
2.909062534109474414e-05 4.331943279461077968e-04
2.932451856124640535e-05 4.342677947078532976e-04
2.956029231981179077e-05 4.353447641492655634e-04
2.979796173661660027e-05 4.364252599035374903e-04
3.003754205305235675e-05 4.375093058101408162e-04
3.027904863305373644e-05 4.385969259168895741e-04
3.052249696408390877e-05 4.396881444820285368e-04
3.076790265812770622e-05 4.407829859763457304e-04
3.101528145269270885e-05 4.418814750853108063e-04
3.126464921181863993e-05 4.429836367112356395e-04
3.151602192709451354e-05 4.440894959754649045e-04
3.176941571868432376e-05 4.451990782205892576e-04
3.202484683636068236e-05 4.463124090126854068e-04
3.228233166054694710e-05 4.474295141435840999e-04
3.254188670336767141e-05 4.485504196331632667e-04
3.280352860970747682e-05 4.496751517316690248e-04
3.306727415827851780e-05 4.508037369220656873e-04
3.333314026269643045e-05 4.519362019224115214e-04
3.360114397256496155e-05 4.530725736882639421e-04
3.387130247456942710e-05 4.542128794151144137e-04
3.414363309357872257e-05 4.553571465408507270e-04
3.441815329375649455e-05 4.565054027482497428e-04
3.469488067968100640e-05 4.576576759675008181e-04
3.497383299747407735e-05 4.588139943787573134e-04
3.525502813593919658e-05 4.599743864147214935e-04
3.553848412770859561e-05 4.611388807632581049e-04
3.582421915039979383e-05 4.623075063700418891e-04
3.611225152778114295e-05 4.634802924412352370e-04
3.640259973094704795e-05 4.646572684461989112e-04
3.669528237950242408e-05 4.658384641202356190e-04
3.699031824275668802e-05 4.670239094673668176e-04
3.728772624092755437e-05 4.682136347631435077e-04
3.758752544635417654e-05 4.694076705574911799e-04
3.788973508472042497e-05 4.706060476775884263e-04
3.819437453628765888e-05 4.718087972307826849e-04
3.850146333713757430e-05 4.730159506075393237e-04
3.881102118042509459e-05 4.742275394844287263e-04
3.912306791764117456e-05 4.754435958271486140e-04
3.943762355988591133e-05 4.766641518935840977e-04
3.975470827915183314e-05 4.778892402369060025e-04
4.007434240961740672e-05 4.791188937087047001e-04
4.039654644895118344e-05 4.803531454621664957e-04
4.072134105962611664e-05 4.815920289552848722e-04
4.104874707024477512e-05 4.828355779541155363e-04
4.137878547687497865e-05 4.840838265360687068e-04
4.171147744439618045e-05 4.853368090932429820e-04
4.204684430785689519e-05 4.865945603358017078e-04
4.238490757384269779e-05 4.878571152953892990e-04
4.272568892185559967e-05 4.891245093285921750e-04
4.306921020570420597e-05 4.903967781204411668e-04
4.341549345490511465e-05 4.916739576879578877e-04
4.376456087609584874e-05 4.929560843837462077e-04
4.411643485445867130e-05 4.942431948996279080e-04
4.447113795515632658e-05 4.955353262703245240e-04
4.482869292477904339e-05 4.968325158771839641e-04
4.518912269280312577e-05 4.981348014519552687e-04
4.555245037306161906e-05 4.994422210806111814e-04
4.591869926522630587e-05 5.007548132072167993e-04
4.628789285630210255e-05 5.020726166378491808e-04
4.666005482213314478e-05 5.033956705445660675e-04
4.703520902892102299e-05 5.047240144694231786e-04
4.741337953475543185e-05 5.060576883285441974e-04
4.779459059115686122e-05 5.073967324162411731e-04
4.817886664463188421e-05 5.087411874091888079e-04
4.856623233824079825e-05 5.100910943706500264e-04
4.895671251317805311e-05 5.114464947547560803e-04
4.935033221036521490e-05 5.128074304108417312e-04
4.974711667205675760e-05 5.141739435878358352e-04
5.014709134345893276e-05 5.155460769387057050e-04
5.055028187436141245e-05 5.169238735249626201e-04
5.095671412078226110e-05 5.183073768212215476e-04
5.136641414662602626e-05 5.196966307198214695e-04
5.177940822535509718e-05 5.210916795355026313e-04
5.219572284167474477e-05 5.224925680101487335e-04
5.261538469323133455e-05 5.238993413175846350e-04
5.303842069232460711e-05 5.253120450684404088e-04
5.346485796763345022e-05 5.267307253150757887e-04
5.389472386595553499e-05 5.281554285565695592e-04
5.432804595396119595e-05 5.295862017437742144e-04
5.476485201996105320e-05 5.310230922844335006e-04
5.520517007568819689e-05 5.324661480483718415e-04
5.564902835809450014e-05 5.339154173727443707e-04
5.609645533116127731e-05 5.353709490673614485e-04
5.654747968772486365e-05 5.368327924200805073e-04
5.700213035131643859e-05 5.383009972022673954e-04
5.746043647801698726e-05 5.397756136743314453e-04
5.792242745832700711e-05 5.412566925913311249e-04
5.838813291905118339e-05 5.427442852086549309e-04
5.885758272519848723e-05 5.442384432877776356e-04
5.933080698189716816e-05 5.457392191020885236e-04
5.980783603632556903e-05 5.472466654428014866e-04
6.028870047965802502e-05 5.487608356249409035e-04
6.077343114902683584e-05 5.502817834934060166e-04
6.126205912949968788e-05 5.518095634291182499e-04
6.175461575607311580e-05 5.533442303552464810e-04
6.225113261568190177e-05 5.548858397435195910e-04
6.275164154922488696e-05 5.564344476206185960e-04
6.325617465360670042e-05 5.579901105746578986e-04
6.376476428379617106e-05 5.595528857617504577e-04
6.427744305490123316e-05 5.611228309126624044e-04
6.479424384426027102e-05 5.627000043395541775e-04
6.531519979355082444e-05 5.642844649428171771e-04
6.584034431091470628e-05 5.658762722179975883e-04
6.636971107310044016e-05 5.674754862628142047e-04
6.690333402762303186e-05 5.690821677842735054e-04
6.744124739494061359e-05 5.706963781058772139e-04
6.798348567064946551e-05 5.723181791749299297e-04
6.853008362769578813e-05 5.739476335699446622e-04
6.908107631860578427e-05 5.755848045081483292e-04
6.963649907773354891e-05 5.772297558530915546e-04
7.019638752352679424e-05 5.788825521223559369e-04
7.076077756081134503e-05 5.805432584953761337e-04
7.132970538309344182e-05 5.822119408213586580e-04
7.190320747488082814e-05 5.838886656273152738e-04
7.248132061402249942e-05 5.855735001262036199e-04
7.306408187406699176e-05 5.872665122251788557e-04
7.365152862664019998e-05 5.889677705339629431e-04
7.424369854384172188e-05 5.906773443733222403e-04
7.484062960066084017e-05 5.923953037836673929e-04
7.544236007741170831e-05 5.941217195337684769e-04
7.604892856218814685e-05 5.958566631295929804e-04
7.666037395333848397e-05 5.976002068232630490e-04
7.727673546195987101e-05 5.993524236221400153e-04
7.789805261441285899e-05 6.011133872980326366e-04
7.852436525485623621e-05 6.028831723965341356e-04
7.915571354780196421e-05 6.046618542464885860e-04
7.979213798069113373e-05 6.064495089695907644e-04
8.043367936649026295e-05 6.082462134901172983e-04
8.108037884630854802e-05 6.100520455447970255e-04
8.173227789203624195e-05 6.118670836928172046e-04
8.238941830900395856e-05 6.136914073259704550e-04
8.305184223866397223e-05 6.155250966789449192e-04
8.371959216129240208e-05 6.173682328397586249e-04
8.439271089871350033e-05 6.192208977603418400e-04
8.507124161704585508e-05 6.210831742672662291e-04
8.575522782947019582e-05 6.229551460726285086e-04
8.644471339902030601e-05 6.248368977850861069e-04
8.713974254139568746e-05 6.267285149210511178e-04
8.784035982779693876e-05 6.286300839160413557e-04
8.854661018778430849e-05 6.305416921361940404e-04
8.925853891215855594e-05 6.324634278899421121e-04
8.997619165586582689e-05 6.343953804398589236e-04
9.069961444092518917e-05 6.363376400146715257e-04
9.142885365938008854e-05 6.382902978214449307e-04
9.216395607627308768e-05 6.402534460579415842e-04
9.290496883264527086e-05 6.422271779251590785e-04
9.365193944855914872e-05 6.442115876400475189e-04
9.440491582614591681e-05 6.462067704484084942e-04
9.516394625267765096e-05 6.482128226379839982e-04
9.592907940366340912e-05 6.502298415517290169e-04
9.670036434597132713e-05 6.522579256012821973e-04
9.747785054097474298e-05 6.542971742806265789e-04
9.826158784772432841e-05 6.563476881799520934e-04
9.905162652614542826e-05 6.584095689997181014e-04
9.984801724026087853e-05 6.604829195649195408e-04
1.006508110614405229e-04 6.625678438395647121e-04
1.014600594716759911e-04 6.646644469413619900e-04
1.022758143668822575e-04 6.667728351566192544e-04
1.030981280602256939e-04 6.688931159553700287e-04
1.039270532854785919e-04 6.710253980067095196e-04
1.047626432004012900e-04 6.731697911943674466e-04
1.056049513901508789e-04 6.753264066325041087e-04
1.064540318707175664e-04 6.774953566817400966e-04
1.073099390923886896e-04 6.796767549654250716e-04
1.081727279432402800e-04 6.818707163861447438e-04
1.090424537526574000e-04 6.840773571424749394e-04
1.099191722948820180e-04 6.862967947459821085e-04
1.108029397925898327e-04 6.885291480384798110e-04
1.116938129204958274e-04 6.907745372095380407e-04
1.125918488089882994e-04 6.930330838142586105e-04
1.134971050477932326e-04 6.953049107913116152e-04
1.144096396896669953e-04 6.975901424812465217e-04
1.153295112541192466e-04 6.998889046450739847e-04
1.162567787311658885e-04 7.022013244831291218e-04
1.171915015851115088e-04 7.045275306542166799e-04
1.181337397583634685e-04 7.068676532950480705e-04
1.190835536752753713e-04 7.092218240399687530e-04
1.200410042460221924e-04 7.115901760409844247e-04
1.210061528705064281e-04 7.139728439880925221e-04
1.219790614422951999e-04 7.163699641299192504e-04
1.229597923525899660e-04 7.187816742946722239e-04
1.239484084942271593e-04 7.212081139114141391e-04
1.249449732657116098e-04 7.236494240316545526e-04
1.259495505752822341e-04 7.261057473512784119e-04
1.269622048450098732e-04 7.285772282328060274e-04
1.279830010149294033e-04 7.310640127279947843e-04
1.290120045472037229e-04 7.335662486007902931e-04
1.300492814303217835e-04 7.360840853506268704e-04
1.310948981833305561e-04 7.386176742360894918e-04
1.321489218601003637e-04 7.411671682989401464e-04
1.332114200536254505e-04 7.437327223885155294e-04
1.342824609003584327e-04 7.463144931865035555e-04
1.353621130845796602e-04 7.489126392321010777e-04
1.364504458428020858e-04 7.515273209475683159e-04
1.375475289682108026e-04 7.541587006641731639e-04
1.386534328151395247e-04 7.568069426485480363e-04
1.397682283035817086e-04 7.594722131294520976e-04
1.408919869237388353e-04 7.621546803249561143e-04
1.420247807406050137e-04 7.648545144700518795e-04
1.431666823985878502e-04 7.675718878446941267e-04
1.443177651261678615e-04 7.703069748022862073e-04
1.454781027405939919e-04 7.730599517986116997e-04
1.466477696526176464e-04 7.758309974212240952e-04
1.478268408712640205e-04 7.786202924193007377e-04
1.490153920086430847e-04 7.814280197339695854e-04
1.502134992847980555e-04 7.842543645291183332e-04
1.514212395325932224e-04 7.870995142226908841e-04
1.526386902026414302e-04 7.899636585184830959e-04
1.538659293682703212e-04 7.928469894384462596e-04
1.551030357305297229e-04 7.957497013555055740e-04
1.563500886232382025e-04 7.986719910269066266e-04
1.576071680180708484e-04 8.016140576280921578e-04
1.588743545296876817e-04 8.045761027871265640e-04
1.601517294209029699e-04 8.075583306196706338e-04
1.614393746078971489e-04 8.105609477645275493e-04
1.627373726654696747e-04 8.135841634197522399e-04
1.640458068323343206e-04 8.166281893793542277e-04
1.653647610164574904e-04 8.196932400705897372e-04
1.666943198004383554e-04 8.227795325918615000e-04
1.680345684469340120e-04 8.258872867512346031e-04
1.693855929041266793e-04 8.290167251055807415e-04
1.707474798112354854e-04 8.321680730003590048e-04
1.721203165040726779e-04 8.353415586100490292e-04
1.735041910206438533e-04 8.385374129792469216e-04
1.748991921067944279e-04 8.417558700644359919e-04
1.763054092219003711e-04 8.449971667764413991e-04
1.777229325446050712e-04 8.482615430235859516e-04
1.791518529786026599e-04 8.515492417555613723e-04
1.805922621584668184e-04 8.548605090080171973e-04
1.820442524555281559e-04 8.581955939478966896e-04
1.835079169837972068e-04 8.615547489195195512e-04
1.849833496059358358e-04 8.649382294914300827e-04
1.864706449392766752e-04 8.683462945040325807e-04
1.879698983618901837e-04 8.717792061180124584e-04
1.894812060187020682e-04 8.752372298635721420e-04
1.910046648276582739e-04 8.787206346904922636e-04
1.925403724859401733e-04 8.822296930190295320e-04
1.940884274762302787e-04 8.857646807916717737e-04
1.956489290730267989e-04 8.893258775257646730e-04
1.972219773490110494e-04 8.929135663670267984e-04
1.988076731814644932e-04 8.965280341439683118e-04
2.004061182587376603e-04 9.001695714232332010e-04
2.020174150867718127e-04 9.038384725658772873e-04
2.036416669956714874e-04 9.075350357846060766e-04
2.052789781463322776e-04 9.112595632019863338e-04
2.069294535371194919e-04 9.150123609096520857e-04
2.085931990106019431e-04 9.187937390285201263e-04
2.102703212603395429e-04 9.226040117700407168e-04
2.119609278377248066e-04 9.264434974984942167e-04
2.136651271588808725e-04 9.303125187943682298e-04
2.153830285116134881e-04 9.342114025188146161e-04
2.171147420624195909e-04 9.381404798792286528e-04
2.188603788635524300e-04 9.421000864959581510e-04
2.206200508601421461e-04 9.460905624701684401e-04
2.223938708973761708e-04 9.501122524528881567e-04
2.241819527277347040e-04 9.541655057152532938e-04
2.259844110182859854e-04 9.582506762199766159e-04
2.278013613580396517e-04 9.623681226940635804e-04
2.296329202653586948e-04 9.665182087028046905e-04
2.314792051954327862e-04 9.707013027250614105e-04
2.333403345478095249e-04 9.749177782298744811e-04
2.352164276739877012e-04 9.791680137544217424e-04
2.371076048850711681e-04 9.834523929833517003e-04
2.390139874594833188e-04 9.877713048295135457e-04
2.409356976507460481e-04 9.921251435161260179e-04
2.428728586953184522e-04 9.965143086603930282e-04
2.448255948205003106e-04 1.000939205358613530e-03
2.467940312523987222e-04 1.005400244272802550e-03
2.487782942239578150e-04 1.009897841718858944e-03
2.507785109830551343e-04 1.014432419756313049e-03
2.527948098006610228e-04 1.019004406279676138e-03
2.548273199790648965e-04 1.023614235111433525e-03
2.568761718601664094e-04 1.028262346096710808e-03
2.589414968338351404e-04 1.032949185199645136e-03
2.610234273463360368e-04 1.037675204601497259e-03
2.631220969088226202e-04 1.042440862800537776e-03
2.652376401058996361e-04 1.047246624713746820e-03
2.673701926042523812e-04 1.052092961780360996e-03
2.695198911613486191e-04 1.056980352067304028e-03
2.716868736342073357e-04 1.061909280376544668e-03
2.738712789882398664e-04 1.066880238354412031e-03
2.760732473061615496e-04 1.071893724602919311e-03
2.782929197969741253e-04 1.076950244793123835e-03
2.805304388050227802e-04 1.082050311780581803e-03
2.827859478191234498e-04 1.087194445722920256e-03
2.850595914817648214e-04 1.092383174199589805e-03
2.873515155983841717e-04 1.097617032333833044e-03
2.896618671467169302e-04 1.102896562916901371e-03
2.919907942862233290e-04 1.108222316534604804e-03
2.943384463675887785e-04 1.113594851696197161e-03
2.967049739423020349e-04 1.119014734965677067e-03
2.990905287723095323e-04 1.124482541095543370e-03
3.014952638397470734e-04 1.129998853163054207e-03
3.039193333567517504e-04 1.135564262709048023e-03
3.063628927753504110e-04 1.141179369879380141e-03
3.088260987974285180e-04 1.146844783569019293e-03
3.113091093847799988e-04 1.152561121568872887e-03
3.138120837692354821e-04 1.158329010715394109e-03
3.163351824628755373e-04 1.164149087043025521e-03
3.188785672683229510e-04 1.170021995939544198e-03
3.214424012891191926e-04 1.175948392304367388e-03
3.240268489401841459e-04 1.181928940709883746e-03
3.266320759583587292e-04 1.187964315565871081e-03
3.292582494130352256e-04 1.194055201287069984e-03
3.319055377168697433e-04 1.200202292463980591e-03
3.345741106365828746e-04 1.206406294036945111e-03
3.372641393038467664e-04 1.212667921473601588e-03
3.399757962262580594e-04 1.218987900949759177e-03
3.427092552984029841e-04 1.225366969533793178e-03
3.454646918130071338e-04 1.231805875374618808e-03
3.482422824721772853e-04 1.238305377893324797e-03
3.510422053987335349e-04 1.244866247978555947e-03
3.538646401476306085e-04 1.251489268185702972e-03
3.567097677174740954e-04 1.258175232940020620e-03
3.595777705621269944e-04 1.264924948743715487e-03
3.624688326024098277e-04 1.271739234387127791e-03
3.653831392378961642e-04 1.278618921164075602e-03
3.683208773588002999e-04 1.285564853091455441e-03
3.712822353579643599e-04 1.292577887133210691e-03
3.742674031429381537e-04 1.299658893428730713e-03
3.772765721481586144e-04 1.306808755525820090e-03
3.803099353472255695e-04 1.314028370618301961e-03
3.833676872652764449e-04 1.321318649788380583e-03
3.864500239914623421e-04 1.328680518253870860e-03
3.895571431915216391e-04 1.336114915620381823e-03
3.926892441204567533e-04 1.343622796138596066e-03
3.958465276353118436e-04 1.351205128966726692e-03
3.990291962080525900e-04 1.358862898438301580e-03
4.022374539385519540e-04 1.366597104335364561e-03
4.054715065676781798e-04 1.374408762167242653e-03
4.087315614904886126e-04 1.382298903454982171e-03
4.120178277695285768e-04 1.390268576021596800e-03
4.153305161482405178e-04 1.398318844288265559e-03
4.186698390644767926e-04 1.406450789576591453e-03
4.220360106641238632e-04 1.414665510417092336e-03
4.254292468148352345e-04 1.422964122864040643e-03
4.288497651198732471e-04 1.431347760816800100e-03
4.322977849320659574e-04 1.439817576347841551e-03
4.357735273678724382e-04 1.448374740037546753e-03
4.392772153215629503e-04 1.457020441315975794e-03
4.428090734795134438e-04 1.465755888811785899e-03
4.463693283346123280e-04 1.474582310708410712e-03
4.499582082007880213e-04 1.483500955107734014e-03
4.535759432276485000e-04 1.492513090401382126e-03
4.572227654152408670e-04 1.501620005649843608e-03
4.608989086289296423e-04 1.510823010969582344e-03
4.646046086143927416e-04 1.520123437928344373e-03
4.683401030127414357e-04 1.529522639948851896e-03
4.721056313757589738e-04 1.539021992721066384e-03
4.759014351812626445e-04 1.548622894623249112e-03
4.797277578485898146e-04 1.558326767152005618e-03
4.835848447542067004e-04 1.568135055361542622e-03
4.874729432474460495e-04 1.578049228312354904e-03
4.913923026663680974e-04 1.588070779529559412e-03
4.953431743537503812e-04 1.598201227471122933e-03
4.993258116732064104e-04 1.608442116006205585e-03
5.033404700254317859e-04 1.618795014903876874e-03
5.073874068645856279e-04 1.629261520332451075e-03
5.114668817147983125e-04 1.639843255369696946e-03
5.155791561868156014e-04 1.650541870524189353e-03
5.197244939947750445e-04 1.661359044268068217e-03
5.239031609731162808e-04 1.672296483581496660e-03
5.281154250936312021e-04 1.683355924509095242e-03
5.323615564826466055e-04 1.694539132728639826e-03
5.366418274383479015e-04 1.705847904132338794e-03
5.409565124482410567e-04 1.717284065421001643e-03
5.453058882067537494e-04 1.728849474711389523e-03
5.496902336329815902e-04 1.740546022157126328e-03
5.541098298885737718e-04 1.752375630583447898e-03
5.585649603957631342e-04 1.764340256136181584e-03
5.630559108555425974e-04 1.776441888945284051e-03
5.675829692659848172e-04 1.788682553803319381e-03
5.721464259407139539e-04 1.801064310859241350e-03
5.767465735275207738e-04 1.813589256327872989e-03
5.813837070271304051e-04 1.826259523215468562e-03
5.860581238121214493e-04 1.839077282061784679e-03
5.907701236459930857e-04 1.852044741699053042e-03
5.955200087023916622e-04 1.865164150028316477e-03
6.003080835844870145e-04 1.878437794813544786e-03
6.051346553445068619e-04 1.891868004493995996e-03
6.100000335034276534e-04 1.905457149015296137e-03
6.149045300708214307e-04 1.919207640679695959e-03
6.198484595648683570e-04 1.933121935016046677e-03
6.248321390325237449e-04 1.947202531669949260e-03
6.298558880698507502e-04 1.961451975314631481e-03
6.349200288425156961e-04 1.975872856583091829e-03
6.400248861064459192e-04 1.990467813022045191e-03
6.451707872286595704e-04 2.005239530068272068e-03
6.503580622082565273e-04 2.020190742047921640e-03
6.555870436975818043e-04 2.035324233199397540e-03
6.608580670235583146e-04 2.050642838720438677e-03
6.661714702091882248e-04 2.066149445840030456e-03
6.715275939952343974e-04 2.081846994915812540e-03
6.769267818620679309e-04 2.097738480557662273e-03
6.823693800516969802e-04 2.113826952778125566e-03
6.878557375899703496e-04 2.130115518170458497e-03
6.933862063089578105e-04 2.146607341114959225e-03
6.989611408695170112e-04 2.163305645014408553e-03
7.045808987840334247e-04 2.180213713559369434e-03
7.102458404393497066e-04 2.197334892024152466e-03
7.159563291198734044e-04 2.214672588594275311e-03
7.217127310308784141e-04 2.232230275726311986e-03
7.275154153219858715e-04 2.250011491540936104e-03
7.333647541108379237e-04 2.268019841250148994e-03
7.392611225069625367e-04 2.286258998619557919e-03
7.452048986358252199e-04 2.304732707466702283e-03
7.511964636630816521e-04 2.323444783196442626e-03
7.572362018190191774e-04 2.342399114374353088e-03
7.633245004231976839e-04 2.361599664339286957e-03
7.694617499092871581e-04 2.381050472856072880e-03
7.756483438501047319e-04 2.400755657809572081e-03
7.818846789828569691e-04 2.420719416941185999e-03
7.881711552345795849e-04 2.440946029629024756e-03
7.945081757477841407e-04 2.461439858712948132e-03
8.008961469063132291e-04 2.482205352365761484e-03
8.073354783613973223e-04 2.503247046011842884e-03
8.138265830579291104e-04 2.524569564294595805e-03
8.203698772609431880e-04 2.546177623094041803e-03
8.269657805823106295e-04 2.568076031596035983e-03
8.336147160076488871e-04 2.590269694414565858e-03
8.403171099234444091e-04 2.612763613768627653e-03
8.470733921444003386e-04 2.635562891715311547e-03
8.538839959409974751e-04 2.658672732440629793e-03
8.607493580672792317e-04 2.682098444609815925e-03
8.676699187888617815e-04 2.705845443778828480e-03
8.746461219111634298e-04 2.729919254868757097e-03
8.816784148078711005e-04 2.754325514705073009e-03
8.887672484496252903e-04 2.779069974623536721e-03
8.959130774329424627e-04 2.804158503144755198e-03
9.031163600093667504e-04 2.829597088719391310e-03
9.103775581148554124e-04 2.855391842546115434e-03
9.176971373994055256e-04 2.881549001464472383e-03
9.250755672569133461e-04 2.908074930924840328e-03
9.325133208552757735e-04 2.934976128037806650e-03
9.400108751667354346e-04 2.962259224705352488e-03
9.475687109984644004e-04 2.989930990836208238e-03
9.551873130234026909e-04 3.017998337648045842e-03
9.628671698113368217e-04 3.046468321058987648e-03
9.706087738602311868e-04 3.075348145171187021e-03
9.784126216278124944e-04 3.104645165849326087e-03
9.862792135634035687e-04 3.134366894396786209e-03
9.942090541400210469e-04 3.164521001332604166e-03
1.002202651886723635e-03 3.195115320272192555e-03
1.010260519421223935e-03 3.226157851915081778e-03
1.018383173482762536e-03 3.257656768142914126e-03
1.026571134965242969e-03 3.289620416231142045e-03
1.034824928950639879e-03 3.322057323177930819e-03
1.043145084742669575e-03 3.354976200153898195e-03
1.051532135900733579e-03 3.388385947076450518e-03
1.059986620274136482e-03 3.422295657312659709e-03
1.068509080036572894e-03 3.456714622514613262e-03
1.077100061720902583e-03 3.491652337591526819e-03
1.085760116254194706e-03 3.527118505822801273e-03
1.094489798993059353e-03 3.563123044116586757e-03
1.103289669759262076e-03 3.599676088418445746e-03
1.112160292875621166e-03 3.636787999274826346e-03
1.121102237202202014e-03 3.674469367556408139e-03
1.130116076172794004e-03 3.712731020346370786e-03
1.139202387831685787e-03 3.751584026998843781e-03
1.148361754870730030e-03 3.791039705373154371e-03
1.157594764666717386e-03 3.831109628249445599e-03
1.166902009319039290e-03 3.871805629931601538e-03
1.176284085687659539e-03 3.913139813043554731e-03
1.185741595431391831e-03 3.955124555525343574e-03
1.195275145046478067e-03 3.997772517835352854e-03
1.204885345905489305e-03 4.041096650365707567e-03
1.214572814296527260e-03 4.085110201077615799e-03
1.224338171462747158e-03 4.129826723364132118e-03
1.234182043642198480e-03 4.175260084147773901e-03
1.244105062107980558e-03 4.221424472220906138e-03
1.254107863208730805e-03 4.268334406836894399e-03
1.264191088409429313e-03 4.316004746560544308e-03
1.274355384332536084e-03 4.364450698386478610e-03
1.284601402799458083e-03 4.413687827134535682e-03
1.294929800872347391e-03 4.463732065131497187e-03
1.305341240896241550e-03 4.514599722189028413e-03
1.315836390541535875e-03 4.566307495887696709e-03
1.326415922846801857e-03 4.618872482177791179e-03
1.337080516261947294e-03 4.672312186307595733e-03
1.347830854691721859e-03 4.726644534090512599e-03
1.358667627539580881e-03 4.781887883522743105e-03
1.369591529751890005e-03 4.838061036763624534e-03
1.380603261862495008e-03 4.895183252491222374e-03
1.391703530037644194e-03 4.953274258646401737e-03
1.402893046121270757e-03 5.012354265578758752e-03
1.414172527680649391e-03 5.072443979608834419e-03
1.425542698052407889e-03 5.133564617020967488e-03
1.437004286388913858e-03 5.195737918502241898e-03
1.448558027705037447e-03 5.258986164043287850e-03
1.460204662925279661e-03 5.323332188317398198e-03
1.471944938931295981e-03 5.388799396555067969e-03
1.483779608609786223e-03 5.455411780931684190e-03
1.495709430900779265e-03 5.523193937486884156e-03
1.507735170846301364e-03 5.592171083594820249e-03
1.519857599639435220e-03 5.662369076005131438e-03
1.532077494673780198e-03 5.733814429475665372e-03
1.544395639593302855e-03 5.806534336018213602e-03
1.556812824342589715e-03 5.880556684780023809e-03
1.569329845217508346e-03 5.955910082584230276e-03
1.581947504916267431e-03 6.032623875153636170e-03
1.594666612590899023e-03 6.110728169043120814e-03
1.607487983899144124e-03 6.190253854306955635e-03
1.620412441056761320e-03 6.271232627928474690e-03
1.633440812890254350e-03 6.353697018040652469e-03
1.646573934890019049e-03 6.437680408967105285e-03
1.659812649263930255e-03 6.523217067114806325e-03
1.673157804991345270e-03 6.610342167750280634e-03
1.686610257877549889e-03 6.699091822693153953e-03
1.700170870608640715e-03 6.789503108961869593e-03
1.713840512806842457e-03 6.881614098407930549e-03
1.727620061086284058e-03 6.975463888376774377e-03
1.741510399109209156e-03 7.071092633434637384e-03
1.755512417642645165e-03 7.168541578202659859e-03
1.769627014615528801e-03 7.267853091341362759e-03
1.783855095176282209e-03 7.369070700729897852e-03
1.798197571750868732e-03 7.472239129887365064e-03
1.812655364101298846e-03 7.577404335684241078e-03
1.827229399384614449e-03 7.684613547395269598e-03
1.841920612212348454e-03 7.793915307146523710e-03
1.856729944710453200e-03 7.905359511812036152e-03
1.871658346579726726e-03 8.018997456417783706e-03
1.886706775156710668e-03 8.134881879113108755e-03
1.901876195475082996e-03 8.253067007772601354e-03
1.917167580327546221e-03 8.373608608294060354e-03
1.932581910328205451e-03 8.496564034660935433e-03
1.948120173975462525e-03 8.621992280841249759e-03
1.963783367715400859e-03 8.749954034597254640e-03
1.979572496005689835e-03 8.880511733284407808e-03
1.995488571379991621e-03 9.013729621720922847e-03
2.011532614512903140e-03 9.149673812213626745e-03
2.027705654285406108e-03 9.288412346828828908e-03
2.044008727850846804e-03 9.430015262001776102e-03
2.060442880701450138e-03 9.574554655581910684e-03
2.077009166735358046e-03 9.722104756416024077e-03
2.093708648324225149e-03 9.872741996575716897e-03
2.110542396381340918e-03 1.002654508634084202e-02
2.127511490430305206e-03 1.018359509205537389e-02
2.144617018674261927e-03 1.034397551697793967e-02
2.161860078065672673e-03 1.050777238525460455e-02
2.179241774376676228e-03 1.067507432914796030e-02
2.196763222269992790e-03 1.084597267966194017e-02
2.214425545370404987e-03 1.102056156070964181e-02
2.232229876336820022e-03 1.119893798697699575e-02
2.250177356934894742e-03 1.138120196564378073e-02
2.268269138110268288e-03 1.156745660212998850e-02
2.286506380062361139e-03 1.175780821004430814e-02
2.304890252318782598e-03 1.195236642551963241e-02
2.323421933810328969e-03 1.215124432612990808e-02
2.342102612946580197e-03 1.235455855459096156e-02
2.360933487692123620e-03 1.256242944745966650e-02
2.379915765643368826e-03 1.277498116905379996e-02
2.399050664105990913e-03 1.299234185082837924e-02
2.418339410172996948e-03 1.321464373645373988e-02
2.437783240803409555e-03 1.344202333285435778e-02
2.457383402901602322e-03 1.367462156747906166e-02
2.477141153397255813e-03 1.391258395208758852e-02
2.497057759325964528e-03 1.415606075335200560e-02
2.517134497910488745e-03 1.440520717058729055e-02
2.537372656642657327e-03 1.466018352094025992e-02
2.557773533365941421e-03 1.492115543238381123e-02
2.578338436358677821e-03 1.518829404487957550e-02
2.599068684417966263e-03 1.546177622009265243e-02
2.619965606944246739e-03 1.574178476005914235e-02
2.641030544026542071e-03 1.602850863523058375e-02
2.662264846528408259e-03 1.632214322233931786e-02
2.683669876174555290e-03 1.662289055255209216e-02
2.705247005638175724e-03 1.693095957040488542e-02
2.726997618628972369e-03 1.724656640403580965e-02
2.748923109981886784e-03 1.756993464726143775e-02
2.771024885746558968e-03 1.790129565407056617e-02
2.793304363277490047e-03 1.824088884613857264e-02
2.815762971324932244e-03 1.858896203399944963e-02
2.838402150126520876e-03 1.894577175254491541e-02
2.861223351499619320e-03 1.931158361155726338e-02
2.884228038934440273e-03 1.968667266201945543e-02
2.907417687687886051e-03 2.007132377898708520e-02
2.930793784878157806e-03 2.046583206184912629e-02
2.954357829580123683e-03 2.087050325284883767e-02
2.978111332921443317e-03 2.128565417478520128e-02
3.002055818179488137e-03 2.171161318886520586e-02
3.026192820879018003e-03 2.214872067372999215e-02
3.050523888890654955e-03 2.259732952673632056e-02
3.075050582530146695e-03 2.305780568863418506e-02
3.099774474658419359e-03 2.353052869284426654e-02
3.124697150782455163e-03 2.401589224060945993e-02
3.149820209156961506e-03 2.451430480336269299e-02
3.175145260886868843e-03 2.502619025373246583e-02
3.200673930030636504e-03 2.555198852668743442e-02
3.226407853704419369e-03 2.609215631240661970e-02
3.252348682187039888e-03 2.664716778255393770e-02
3.278498079025825730e-03 2.721751535173181497e-02
3.304857721143289202e-03 2.780371047599182466e-02
3.331429298944654956e-03 2.840628449038944126e-02
3.358214516426281937e-03 2.902578948768750472e-02
