2.497382406435652939e-25 9.768325619515944397e-18
1.592405960127358361e-24 3.089015920155193588e-17
1.015365822756892167e-23 9.768326876420302874e-17
6.474277161963938908e-23 3.089016721595150065e-16
4.128193389070159467e-22 9.768331986641967382e-16
2.632259977636328568e-21 3.089019980025807047e-15
1.678407946733001633e-20 9.768352763373603653e-15
1.070203270037972128e-19 3.089033227893325649e-14
6.823937180644061677e-19 9.768437235752100315e-14
4.351147109064984495e-18 3.089087090016611440e-13
1.915297948882004416e-17 7.759322488683919743e-13
8.060281057525431301e-17 1.949163039787816667e-12
3.231548868885900942e-16 4.896382250613372468e-12
4.345363206717196250e-16 6.163781780305984805e-12
1.185699981296668146e-15 1.229732179640797847e-11
3.167099671296256822e-15 2.454290871984140256e-11
8.312293945536222779e-15 4.898397135859626299e-11
2.151611673377367987e-14 9.773430848120292535e-11
5.516190296262407946e-14 1.950308160666369755e-10
7.219962673568143336e-14 2.455395918119563429e-10
1.345996703506809824e-13 3.892770603306517574e-10
2.502777173064534741e-13 6.169465998965407740e-10
3.411676113431318569e-13 7.768626451909397954e-10
4.161104603351930561e-13 9.006720410829545173e-10
5.668224300832851639e-13 1.192414995932578561e-09
1.051017683769589897e-12 1.890432911212288601e-09
1.946696275912857264e-12 3.094630240399093478e-09
3.604197434436283020e-12 4.906521065391501087e-09
4.678350727597027810e-12 5.964785761620009416e-09
6.363945126095426008e-12 7.510858710852283575e-09
8.659328086403540721e-12 9.798092857573101657e-09
1.177437263656969924e-11 1.233578754396143564e-08
1.601314678573479096e-11 1.553407705195085344e-08
2.068158225216417963e-11 1.881943995759334440e-08
2.812629084553211013e-11 2.462793118627416045e-08
3.823985723652250255e-11 3.101071367919697201e-08
4.915490723856361436e-11 3.744047090307774978e-08
6.683712298751739095e-11 4.918310976261355027e-08
9.088989403667837668e-11 6.194746997419662658e-08
1.198094057756214983e-10 7.622496704508910767e-08
1.235276287134856064e-10 8.111821537560480725e-08
1.679810496150610554e-10 1.052041443179145334e-07
2.145827771029579730e-10 1.264403182978826954e-07
2.389577941400671919e-10 1.370814666799720085e-07
2.718434103460653354e-10 1.558050328926489486e-07
3.695913600236930604e-10 2.029070399259184632e-07
4.805596579248377059e-10 2.471473550088626382e-07
6.228436556804378813e-10 3.112918511513913844e-07
6.449051117784316288e-10 3.195404339442749206e-07
6.519284217721749412e-10 3.221516175955882510e-07
6.901021772675798839e-10 3.362246542759246589e-07
7.517420508597271333e-10 3.585491157042282318e-07
7.842145311837404764e-10 3.701260768930860222e-07
8.123077711587138292e-10 3.800461204279264704e-07
8.948523203792971162e-10 4.248355205313744057e-07
1.780367769825735293e-09 1.571243743291283042e-06
2.831798589477310162e-09 2.360915204371286954e-06
4.352717025416528164e-09 3.331634749736530039e-06
6.442936706730940560e-09 4.497300351158025239e-06
9.210451352971400048e-09 5.875749191388290656e-06
1.726412223638507203e-08 9.359364509061765243e-06
2.961440629244172500e-08 1.399035730184682620e-05
4.760234259406434222e-08 2.000744564924680080e-05
7.280858902572716169e-08 2.762541866450402925e-05
1.069774052811704485e-07 3.692082460755834189e-05
1.786399553702715184e-07 5.352425790188030335e-05
3.179080611873818725e-07 7.810458603098302793e-05
4.169532575344421554e-07 9.195064971249766836e-05
4.437988271458211392e-07 9.546604737380116803e-05
8.192319285407806845e-07 1.258634192745901824e-04
1.218764318424644545e-06 1.519442835666893565e-04
1.228563375945749130e-06 1.524453238416758553e-04
1.238441219436257535e-06 1.529470290737097867e-04
1.248398482347801450e-06 1.534493971782168841e-04
1.258435803225063490e-06 1.539524260850783316e-04
1.268553825746726160e-06 1.544561137388296879e-04
1.278753198766751157e-06 1.549604580988591057e-04
1.289034576355987326e-06 1.554654571396047651e-04
1.299398617844116786e-06 1.559711088507514389e-04
1.309845987861936698e-06 1.564774112374259479e-04
1.320377356383980271e-06 1.569843623203923707e-04
1.330993398771481658e-06 1.574919601362458456e-04
1.341694795815686874e-06 1.580002027376058290e-04
1.352482233781510077e-06 1.585090881933084604e-04
1.363356404451543714e-06 1.590186145885980052e-04
1.374318005170422291e-06 1.595287800253177284e-04
1.385367738889540208e-06 1.600395826220994677e-04
1.396506314212132545e-06 1.605510205145529350e-04
1.407734445438716901e-06 1.610630918554537439e-04
1.419052852612898814e-06 1.615757948149307874e-04
1.430462261567547976e-06 1.620891275806527474e-04
1.441963403971345871e-06 1.626030883580139544e-04
1.453557017375705255e-06 1.631176753703190811e-04
1.465243845262068693e-06 1.636328868589673484e-04
1.477024637089586558e-06 1.641487210836356471e-04
1.488900148343179375e-06 1.646651763224611447e-04
1.500871140581985987e-06 1.651822508722227540e-04
1.512938381488200724e-06 1.656999430485220316e-04
1.525102644916303593e-06 1.662182511859631832e-04
1.537364710942687302e-06 1.667371736383323362e-04
1.549725365915681754e-06 1.672567087787757824e-04
1.562185402505981098e-06 1.677768549999779227e-04
1.574745619757477774e-06 1.682976107143378298e-04
1.587406823138503136e-06 1.688189743541454577e-04
1.600169824593480157e-06 1.693409443717569843e-04
1.613035442594994356e-06 1.698635192397692330e-04
1.626004502196279346e-06 1.703866974511935239e-04
1.639077835084126960e-06 1.709104775196286583e-04
1.652256279632222799e-06 1.714348579794330906e-04
1.665540680954908471e-06 1.719598373858967463e-04
1.678931890961378359e-06 1.724854143154114325e-04
1.692430768410311973e-06 1.730115873656411110e-04
1.706038178964943378e-06 1.735383551556911699e-04
1.719754995248576368e-06 1.740657163262770166e-04
1.733582096900543270e-06 1.745936695398920483e-04
1.747520370632615648e-06 1.751222134809748087e-04
1.761570710285868166e-06 1.756513468560755482e-04
1.775734016887997938e-06 1.761810683940218092e-04
1.790011198711108065e-06 1.767113768460840649e-04
1.804403171329951943e-06 1.772422709861397046e-04
1.818910857680648742e-06 1.777737496108371281e-04
1.833535188119870257e-06 1.783058115397588637e-04
1.848277100484501462e-06 1.788384556155841174e-04
1.863137540151785356e-06 1.793716807042506712e-04
1.878117460099946800e-06 1.799054856951160766e-04
1.893217820969305318e-06 1.804398695011185511e-04
1.908439591123881487e-06 1.809748310589367614e-04
1.923783746713494201e-06 1.815103693291494999e-04
1.939251271736361908e-06 1.820464832963946018e-04
1.954843158102203810e-06 1.825831719695271025e-04
1.970560405695849502e-06 1.831204343817771521e-04
1.986404022441361053e-06 1.836582695909072245e-04
2.002375024366668826e-06 1.841966766793687847e-04
2.018474435668727789e-06 1.847356547544583597e-04
2.034703288779198993e-06 1.852752029484733927e-04
2.051062624430655784e-06 1.858153204188672022e-04
2.067553491723327034e-06 1.863560063484036983e-04
2.084176948192371888e-06 1.868972599453116643e-04
2.100934059875699997e-06 1.874390804434383339e-04
2.117825901382333850e-06 1.879814671024026976e-04
2.134853555961321687e-06 1.885244192077484022e-04
2.152018115571206052e-06 1.890679360710959727e-04
2.169320680950047166e-06 1.896120170302950615e-04
2.186762361686014224e-06 1.901566614495758844e-04
2.204344276288539978e-06 1.907018687197003311e-04
2.222067552260049602e-06 1.912476382581129947e-04
2.239933326168265969e-06 1.917939695090915776e-04
2.257942743719095561e-06 1.923408619438968367e-04
2.276096959830102227e-06 1.928883150609227994e-04
2.294397138704566663e-06 1.934363283858457877e-04
2.312844453906151516e-06 1.939849014717740102e-04
2.331440088434153062e-06 1.945340338993960716e-04
2.350185234799371223e-06 1.950837252771299142e-04
2.369081095100579694e-06 1.956339752412711644e-04
2.388128881101616109e-06 1.961847834561410446e-04
2.407329814309091386e-06 1.967361496142345839e-04
2.426685126050722061e-06 1.972880734363681237e-04
2.446196057554292820e-06 1.978405546718268234e-04
2.465863860027258108e-06 1.983935930985122745e-04
2.485689794736975216e-06 1.989471885230892747e-04
2.505675133091591686e-06 1.995013407811332517e-04
2.525821156721576892e-06 2.000560497372769295e-04
2.546129157561911766e-06 2.006113152853572913e-04
2.566600437934937514e-06 2.011671373485620555e-04
2.587236310633873486e-06 2.017235158795767206e-04
2.608038099007003360e-06 2.022804508607307157e-04
2.629007137042540640e-06 2.028379423041443369e-04
2.650144769454173058e-06 2.033959902518748977e-04
2.671452351767300691e-06 2.039545947760636115e-04
2.692931250405959752e-06 2.045137559790818232e-04
2.714582842780453655e-06 2.050734739936778102e-04
2.736408517375679914e-06 2.056337489831232582e-04
2.758409673840175759e-06 2.061945811413600893e-04
2.780587723075871009e-06 2.067559706931470728e-04
2.802944087328573219e-06 2.073179178942068980e-04
2.825480200279168140e-06 2.078804230313730558e-04
2.848197507135562604e-06 2.084434864227371008e-04
2.871097464725364327e-06 2.090071084177959402e-04
2.894181541589304139e-06 2.095712893975993935e-04
2.917451218075410800e-06 2.101360297748978609e-04
2.940907986433948149e-06 2.107013299942903171e-04
2.964553350913105259e-06 2.112671905323725756e-04
2.988388827855464598e-06 2.118336118978856350e-04
3.012415945795242262e-06 2.124005946318645668e-04
3.036636245556311702e-06 2.129681393077875122e-04
3.061051280351011818e-06 2.135362465317250575e-04
3.085662615879755915e-06 2.141049169424900445e-04
3.110471830431434750e-06 2.146741512117878131e-04
3.135480514984631465e-06 2.152439500443664180e-04
3.160690273309645863e-06 2.158143141781677932e-04
3.186102722071347917e-06 2.163852443844791070e-04
3.211719490932845291e-06 2.169567414680846314e-04
3.237542222659996193e-06 2.175288062674178558e-04
3.263572573226754859e-06 2.181014396547146844e-04
3.289812211921367469e-06 2.186746425361662822e-04
3.316262821453421012e-06 2.192484158520735462e-04
3.342926098061752743e-06 2.198227605770011436e-04
3.369803751623231239e-06 2.203976777199329051e-04
3.396897505762401001e-06 2.209731683244271913e-04
3.424209097962021946e-06 2.215492334687735863e-04
3.451740279674488124e-06 2.221258742661497284e-04
3.479492816434148942e-06 2.227030918647791152e-04
3.507468487970529522e-06 2.232808874480892618e-04
3.535669088322459066e-06 2.238592622348712952e-04
3.564096425953122501e-06 2.244382174794394677e-04
3.592752323866036227e-06 2.250177544717923777e-04
3.621638619721948829e-06 2.255978745377738110e-04
3.650757165956696815e-06 2.261785790392358865e-04
3.680109829899989134e-06 2.267598693742018214e-04
3.709698493895162383e-06 2.273417469770301071e-04
3.739525055419888086e-06 2.279242133185797685e-04
3.769591427207861683e-06 2.285072699063763824e-04
3.799899537371455017e-06 2.290909182847787194e-04
3.830451329525373828e-06 2.296751600351471206e-04
3.861248762911287217e-06 2.302599967760123349e-04
3.892293812523477358e-06 2.308454301632454405e-04
3.923588469235496761e-06 2.314314618902292304e-04
3.955134739927829262e-06 2.320180936880303563e-04
3.986934647616600072e-06 2.326053273255725845e-04
4.018990231583301412e-06 2.331931646098114603e-04
4.051303547505568472e-06 2.337816073859099494e-04
4.083876667589011615e-06 2.343706575374155960e-04
4.116711680700101452e-06 2.349603169864383594e-04
4.149810692500123711e-06 2.355505876938303203e-04
4.183175825580213231e-06 2.361414716593665801e-04
4.216809219597473851e-06 2.367329709219268918e-04
4.250713031412190122e-06 2.373250875596796762e-04
4.284889435226142707e-06 2.379178236902664988e-04
4.319340622722035935e-06 2.385111814709886069e-04
4.354068803204056136e-06 2.391051630989944154e-04
4.389076203739537064e-06 2.396997708114689981e-04
4.424365069301787428e-06 2.402950068858247172e-04
4.459937662914056859e-06 2.408908736398933446e-04
4.495796265794656361e-06 2.414873734321202963e-04
4.531943177503257001e-06 2.420845086617597075e-04
4.568380716088349870e-06 2.426822817690718658e-04
4.605111218235900369e-06 2.432806952355217288e-04
4.642137039419201041e-06 2.438797515839797724e-04
4.679460554049917028e-06 2.444794533789236795e-04
4.717084155630365653e-06 2.450798032266430647e-04
4.755010256906992863e-06 2.456808037754446591e-04
4.793241290025111747e-06 2.462824577158600711e-04
4.831779706684865019e-06 2.468847677808557687e-04
4.870627978298453816e-06 2.474877367460440658e-04
4.909788596148620946e-06 2.480913674298962216e-04
4.949264071548419098e-06 2.486956626939587937e-04
4.989056936002250432e-06 2.493006254430698274e-04
5.029169741368216539e-06 2.499062586255790036e-04
5.069605060021757588e-06 2.505125652335689779e-04
5.110365485020617914e-06 2.511195483030787272e-04
5.151453630271139767e-06 2.517272109143297676e-04
5.192872130695880118e-06 2.523355561919535662e-04
5.234623642402592041e-06 2.529445873052220970e-04
5.276710842854554563e-06 2.535543074682802388e-04
5.319136431042271332e-06 2.541647199403804518e-04
5.361903127656558403e-06 2.547758280261196205e-04
5.405013675263015245e-06 2.553876350756794224e-04
5.448470838477900965e-06 2.560001444850669113e-04
5.492277404145426772e-06 2.566133596963599819e-04
5.536436181516468923e-06 2.572272841979535911e-04
5.580950002428725849e-06 2.578419215248093960e-04
5.625821721488319480e-06 2.584572752587078310e-04
5.671054216252853466e-06 2.590733490285022987e-04
5.716650387415948619e-06 2.596901465103767766e-04
5.762613158993264057e-06 2.603076714281057544e-04
5.808945478509999802e-06 2.609259275533167195e-04
5.855650317189931666e-06 2.615449187057558404e-04
5.902730670145937760e-06 2.621646487535563073e-04
5.950189556572079306e-06 2.627851216135091653e-04
5.998030019937211197e-06 2.634063412513378889e-04
6.046255128180162949e-06 2.640283116819753411e-04
6.094867973906474808e-06 2.646510369698434981e-04
6.143871674586722896e-06 2.652745212291371304e-04
6.193269372756438460e-06 2.658987686241096526e-04
6.243064236217637348e-06 2.665237833693624432e-04
6.293259458241959679e-06 2.671495697301377956e-04
6.343858257775456155e-06 2.677761320226144178e-04
6.394863879645012531e-06 2.684034746142064005e-04
6.446279594766435115e-06 2.690316019238660357e-04
6.498108700354206620e-06 2.696605184223893441e-04
6.550354520132936930e-06 2.702902286327252355e-04
6.603020404550504539e-06 2.709207371302884641e-04
6.656109730992922550e-06 2.715520485432756188e-04
6.709625904000917383e-06 2.721841675529851259e-04
6.763572355488259133e-06 2.728170988941406119e-04
6.817952544961848686e-06 2.734508473552181161e-04
6.872769959743567505e-06 2.740854177787767723e-04
6.928028115193914658e-06 2.747208150617935557e-04
6.983730554937445482e-06 2.753570441560022593e-04
7.039880851090014431e-06 2.759941100682348006e-04
7.096482604487850054e-06 2.766320178607687623e-04
7.153539444918475656e-06 2.772707726516769394e-04
7.211055031353473956e-06 2.779103796151823611e-04
7.269033052183144857e-06 2.785508439820160234e-04
7.327477225453020760e-06 2.791921710397805845e-04
7.386391299102313119e-06 2.798343661333165542e-04
7.445779051204250413e-06 2.804774346650737958e-04
7.505644290208370229e-06 2.811213820954873649e-04
7.565990855184745966e-06 2.817662139433573052e-04
7.626822616070179497e-06 2.824119357862327814e-04
7.688143473916375054e-06 2.830585532608019582e-04
7.749957361140109556e-06 2.837060720632846988e-04
7.812268241775406180e-06 2.843544979498314963e-04
7.875080111727757743e-06 2.850038367369261473e-04
7.938396999030360949e-06 2.856540943017937362e-04
8.002222964102436025e-06 2.863052765828130665e-04
8.066562100009614815e-06 2.869573895799342410e-04
8.131418532726424428e-06 2.876104393551016090e-04
8.196796421400876618e-06 2.882644320326806708e-04
8.262699958621191681e-06 2.889193737998916505e-04
8.329133370684660266e-06 2.895752709072464291e-04
8.396100917868670198e-06 2.902321296689925256e-04
8.463606894703913573e-06 2.908899564635612518e-04
8.531655630249780880e-06 2.915487577340217218e-04
8.600251488371994687e-06 2.922085399885400664e-04
8.669398868022438833e-06 2.928693098008445551e-04
8.739102203521264447e-06 2.935310738106960320e-04
8.809365964841259233e-06 2.941938387243644222e-04
8.880194657894500366e-06 2.948576113151100638e-04
8.951592824821301140e-06 2.955223984236726286e-04
9.023565044281512383e-06 2.961882069587641630e-04
9.096115931748117620e-06 2.968550438975690680e-04
9.169250139803245686e-06 2.975229162862503673e-04
9.242972358436516052e-06 2.981918312404611797e-04
9.317287315345796511e-06 2.988617959458636183e-04
9.392199776240408785e-06 2.995328176586532190e-04
9.467714545146709213e-06 3.002049037060901997e-04
9.543836464716202070e-06 3.008780614870366823e-04
9.620570416536070312e-06 3.015522984725015586e-04
9.697921321442218626e-06 3.022276222061906687e-04
9.775894139834864356e-06 3.029040403050650026e-04
9.854493871996610231e-06 3.035815604599049187e-04
9.933725558413127648e-06 3.042601904358817897e-04
1.001359428009639970e-05 3.049399380731363700e-04
1.009410515891052561e-05 3.056208112873649158e-04
1.017526335790021875e-05 3.063028180704111588e-04
1.025707408162187287e-05 3.069859664908674971e-04
1.033954257647734894e-05 3.076702646946822021e-04
1.042267413105040655e-05 3.083557209057746491e-04
1.050647407644584055e-05 3.090423434266581374e-04
1.059094778663138939e-05 3.097301406390704621e-04
1.067610067878231822e-05 3.104191210046122924e-04
1.076193821362885151e-05 3.111092930653937901e-04
1.084846589580635338e-05 3.118006654446880033e-04
1.093568927420829813e-05 3.124932468475947783e-04
1.102361394234217481e-05 3.131870460617104169e-04
1.111224553868812269e-05 3.138820719578072540e-04
1.120158974706057875e-05 3.145783334905214216e-04
1.129165229697272204e-05 3.152758396990485812e-04
1.138243896400393866e-05 3.159745997078495226e-04
1.147395557017018516e-05 3.166746227273633521e-04
1.156620798429732514e-05 3.173759180547304384e-04
1.165920212239753541e-05 3.180784950745244120e-04
1.175294394804864460e-05 3.187823632594924037e-04
1.184743947277659908e-05 3.194875321713060720e-04
1.194269475644096287e-05 3.201940114613211407e-04
1.203871590762351771e-05 3.209018108713461524e-04
1.213550908402002261e-05 3.216109402344221723e-04
1.223308049283506500e-05 3.223214094756107870e-04
1.233143639118014928e-05 3.230332286127936487e-04
1.243058308647494481e-05 3.237464077574806398e-04
1.253052693685175941e-05 3.244609571156291503e-04
1.263127435156330942e-05 3.251768869884733839e-04
1.273283179139368324e-05 3.258942077733644523e-04
1.283520576907271991e-05 3.266129299646209315e-04
1.293840284969363373e-05 3.273330641543896100e-04
1.304242965113400309e-05 3.280546210335185970e-04
1.314729284448021366e-05 3.287776113924400796e-04
1.325299915445521340e-05 3.295020461220651690e-04
1.335955535984980308e-05 3.302279362146896976e-04
1.346696829395733024e-05 3.309552927649117245e-04
1.357524484501188641e-05 3.316841269705606975e-04
1.368439195663006869e-05 3.324144501336390818e-04
1.379441662825623105e-05 3.331462736612743445e-04
1.390532591561138644e-05 3.338796090666850866e-04
1.401712693114563247e-05 3.346144679701584519e-04
1.412982684449430914e-05 3.353508621000399485e-04
1.424343288293775476e-05 3.360888032937364993e-04
1.435795233186476684e-05 3.368283034987322303e-04
1.447339253523984068e-05 3.375693747736167828e-04
1.458976089607408074e-05 3.383120292891277190e-04
1.470706487689999309e-05 3.390562793292055052e-04
1.482531200025001329e-05 3.398021372920625896e-04
1.494450984913891707e-05 3.405496156912658692e-04
1.506466606755013413e-05 3.412987271568340111e-04
1.518578836092590576e-05 3.420494844363473506e-04
1.530788449666146422e-05 3.428019003960737260e-04
1.543096230460312197e-05 3.435559880221080841e-04
1.555502967755037757e-05 3.443117604215266674e-04
1.568009457176210595e-05 3.450692308235567057e-04
1.580616500746673652e-05 3.458284125807613947e-04
1.593324906937661900e-05 3.465893191702390779e-04
1.606135490720646860e-05 3.473519641948395590e-04
1.619049073619596498e-05 3.481163613843950505e-04
1.632066483763665082e-05 3.488825245969679823e-04
1.645188555940292998e-05 3.496504678201144221e-04
1.658416131648744653e-05 3.504202051721646812e-04
1.671750059154072270e-05 3.511917509035196406e-04
1.685191193541510306e-05 3.519651193979651837e-04
1.698740396771317450e-05 3.527403251740031625e-04
1.712398537734044506e-05 3.535173828861996035e-04
1.726166492306262386e-05 3.542963073265512357e-04
1.740045143406728523e-05 3.550771134258699628e-04
1.754035381053002893e-05 3.558598162551841401e-04
1.768138102418531939e-05 3.566444310271608856e-04
1.782354211890173286e-05 3.574309730975440023e-04
1.796684621126201916e-05 3.582194579666138573e-04
1.811130249114767295e-05 3.590099012806644983e-04
1.825692022232828238e-05 3.598023188335003949e-04
1.840370874305562098e-05 3.605967265679551345e-04
1.855167746666245597e-05 3.613931405774269243e-04
1.870083588216627605e-05 3.621915771074367516e-04
1.885119355487772195e-05 3.629920525572073622e-04
1.900276012701406867e-05 3.637945834812613744e-04
1.915554531831755274e-05 3.645991865910425405e-04
1.930955892667863267e-05 3.654058787565571203e-04
1.946481082876439924e-05 3.662146770080389451e-04
1.962131098065186141e-05 3.670255985376344302e-04
1.977906941846649058e-05 3.678386607011121449e-04
1.993809625902578944e-05 3.686538810195941749e-04
2.009840170048804805e-05 3.694712771813104700e-04
2.025999602300638204e-05 3.702908670433782364e-04
2.042288958938794785e-05 3.711126686336027429e-04
2.058709284575850783e-05 3.719367001523052850e-04
2.075261632223234184e-05 3.727629799741729428e-04
2.091947063358748837e-05 3.735915266501354972e-04
2.108766647994648793e-05 3.744223589092659284e-04
2.125721464746255096e-05 3.752554956607085605e-04
2.142812600901126521e-05 3.760909559956307881e-04
2.160041152488786310e-05 3.769287591892035347e-04
2.177408224351005920e-05 3.777689247026072431e-04
2.194914930212662715e-05 3.786114721850657302e-04
2.212562392753152635e-05 3.794564214759071474e-04
2.230351743678395116e-05 3.803037926066535628e-04
2.248284123793404493e-05 3.811536058031390049e-04
2.266360683075443843e-05 3.820058814876555321e-04
2.284582580747778502e-05 3.828606402811296060e-04
2.302950985354008977e-05 3.837179030053287140e-04
2.321467074833013705e-05 3.845776906850959095e-04
2.340132036594482032e-05 3.854400245506176925e-04
2.358947067595068911e-05 3.863049260397218129e-04
2.377913374415147269e-05 3.871724168002067335e-04
2.397032173336185822e-05 3.880425186922026965e-04
2.416304690418750984e-05 3.889152537905667811e-04
2.435732161581127109e-05 3.897906443873092931e-04
2.455315832678578108e-05 3.906687129940556087e-04
2.475056959583241969e-05 3.915494823445402192e-04
2.494956808264662580e-05 3.924329753971367708e-04
2.515016654870985298e-05 3.933192153374226365e-04
2.535237785810781679e-05 3.942082255807792665e-04
2.555621497835554559e-05 3.951000297750287510e-04
2.576169098122895002e-05 3.959946518031071919e-04
2.596881904360304343e-05 3.968921157857755876e-04
2.617761244829703343e-05 3.977924460843681770e-04
2.638808458492604737e-05 3.986956673035797066e-04
2.660024895075987133e-05 3.996018042942917829e-04
2.681411915158846531e-05 4.005108821564386354e-04
2.702970890259445794e-05 4.014229262419135918e-04
2.724703202923275979e-05 4.023379621575159937e-04
2.746610246811706797e-05 4.032560157679403417e-04
2.768693426791369602e-05 4.041771131988074000e-04
2.790954159024244759e-05 4.051012808397375835e-04
2.813393871058474764e-05 4.060285453474692867e-04
2.836014001919920369e-05 4.069589336490199829e-04
2.858816002204431271e-05 4.078924729448932403e-04
2.881801334170881501e-05 4.088291907123312746e-04
2.904971471834936648e-05 4.097691147086138502e-04
2.928327901063576975e-05 4.107122729744027735e-04
2.951872119670394048e-05 4.116586938371379393e-04
2.975605637511631059e-05 4.126084059144777749e-04
2.999529976583018004e-05 4.135614381177921063e-04
3.023646671117370205e-05 4.145178196557031624e-04
3.047957267682973901e-05 4.154775800376794338e-04
3.072463325282773802e-05 4.164407490776795141e-04
3.097166415454337889e-05 4.174073568978499882e-04
3.122068122370651622e-05 4.183774339322761751e-04
3.147170042941693790e-05 4.193510109307864854e-04
3.172473786916858046e-05 4.203281189628135361e-04
3.197980976988173691e-05 4.213087894213103429e-04
3.223693248894370116e-05 4.222930540267231083e-04
3.249612251525777423e-05 4.232809448310232607e-04
3.275739647030058497e-05 4.242724942217971197e-04
3.302077110918811160e-05 4.252677349263958963e-04
3.328626332175011241e-05 4.262667000161464090e-04
3.355389013361317603e-05 4.272694229106233283e-04
3.382366870729270952e-05 4.282759373819847930e-04
3.409561634329336967e-05 4.292862775593712346e-04
3.436975048121865587e-05 4.303004779333695264e-04
3.464608870088922395e-05 4.313185733605421289e-04
3.492464872347023286e-05 4.323405990680248665e-04
3.520544841260785280e-05 4.333665906581907852e-04
3.548850577557473838e-05 4.343965841133850267e-04
3.577383896442490720e-05 4.354306158007293075e-04
3.606146627715773256e-05 4.364687224769976301e-04
3.635140615889138221e-05 4.375109412935649072e-04
3.664367720304572361e-05 4.385573098014304495e-04
3.693829815253458717e-05 4.396078659563151803e-04
3.723528790096786184e-05 4.406626481238353930e-04
3.753466549386303005e-05 4.417216950847565249e-04
3.783645012986647406e-05 4.427850460403222809e-04
3.814066116198482466e-05 4.438527406176667549e-04
3.844731809882584412e-05 4.449248188753075393e-04
3.875644060584967004e-05 4.460013213087216143e-04
3.906804850662976280e-05 4.470822888560055885e-04
3.938216178412429523e-05 4.481677629036222407e-04
3.969880058195759151e-05 4.492577852922349378e-04
4.001798520571182529e-05 4.503523983226286791e-04
4.033973612422933624e-05 4.514516447617243286e-04
4.066407397092510422e-05 4.525555678486831612e-04
4.099101954511010610e-05 4.536642113011037829e-04
4.132059381332502676e-05 4.547776193213174962e-04
4.165281791068483242e-05 4.558958366027762569e-04
4.198771314223417915e-05 4.570189083365421663e-04
4.232530098431360935e-05 4.581468802178749748e-04
4.266560308593686111e-05 4.592797984529222604e-04
4.300864127017918237e-05 4.604177097655134184e-04
4.335443753557673098e-05 4.615606614040575727e-04
4.370301405753743341e-05 4.627087011485503409e-04
4.405439318976291595e-05 4.638618773176878809e-04
4.440859746568217908e-05 4.650202387760934779e-04
4.476564959989652050e-05 4.661838349416552621e-04
4.512557248963618785e-05 4.673527157929803152e-04
4.548838921622882212e-05 4.685269318769646790e-04
4.585412304657951563e-05 4.697065343164814324e-04
4.622279743466303331e-05 4.708915748181918804e-04
4.659443602302777053e-05 4.720821056804774688e-04
4.696906264431188115e-05 4.732781798014983879e-04
4.734670132277180596e-05 4.744798506873794614e-04
4.772737627582268691e-05 4.756871724605246220e-04
4.811111191559156797e-05 4.769001998680651232e-04
4.849793285048288822e-05 4.781189882904405110e-04
4.888786388675642289e-05 4.793435937501172909e-04
4.928093003011832301e-05 4.805740729204462081e-04
4.967715648732445383e-05 4.818104831346618853e-04
5.007656866779706229e-05 4.830528823950262242e-04
5.047919218525412957e-05 4.843013293821177420e-04
5.088505285935194416e-05 4.855558834642718273e-04
5.129417671734096319e-05 4.868166047071734908e-04
5.170658999573477904e-05 4.880835538836020109e-04
5.212231914199278078e-05 4.893567924833370185e-04
5.254139081621600222e-05 4.906363827232216278e-04
5.296383189285698329e-05 4.919223875573929677e-04
5.338966946244310259e-05 4.932148706876745854e-04
5.381893083331378100e-05 4.945138965741422126e-04
5.425164353337188832e-05 4.958195304458599701e-04
5.468783531184889216e-05 4.971318383117927535e-04
5.512753414108452835e-05 4.984508869718980552e-04
5.557076821832056604e-05 4.997767440283992823e-04
5.601756596750897231e-05 5.011094778972451222e-04
5.646795604113488969e-05 5.024491578197578861e-04
5.692196732205383029e-05 5.037958538744741893e-04
5.737962892534411656e-05 5.051496369891825223e-04
5.784097020017391804e-05 5.065105789531581474e-04
5.830602073168325019e-05 5.078787524296055110e-04
5.877481034288142305e-05 5.092542309683039444e-04
5.924736909655935700e-05 5.106370890184663012e-04
5.972372729721763988e-05 5.120274019418134598e-04
6.020391549300982377e-05 5.134252460258658833e-04
6.068796447770134799e-05 5.148306984974596089e-04
6.117590529264450145e-05 5.162438375364903536e-04
6.166776922876884837e-05 5.176647422898879043e-04
6.216358782858804591e-05 5.190934928858266474e-04
6.266339288822250460e-05 5.205301704481792848e-04
6.316721645943842707e-05 5.219748571112111345e-04
6.367509085170337401e-05 5.234276360345292180e-04
6.418704863425799836e-05 5.248885914182824502e-04
6.470312263820492344e-05 5.263578085186219283e-04
6.522334595861389763e-05 5.278353736634275014e-04
6.574775195664430989e-05 5.293213742683020289e-04
6.627637426168460518e-05 5.308158988528399432e-04
6.680924677350869490e-05 5.323190370571780289e-04
6.734640366445006679e-05 5.338308796588293968e-04
6.788787938159321507e-05 5.353515185898098661e-04
6.843370864898256679e-05 5.368810469540601180e-04
6.898392646984941956e-05 5.384195590451704497e-04
6.953856812885656532e-05 5.399671503644136580e-04
7.009766919436091184e-05 5.415239176390916924e-04
7.066126552069473897e-05 5.430899588412051822e-04
7.122939325046477642e-05 5.446653732064454063e-04
7.180208881686998411e-05 5.462502612535236664e-04
7.237938894603808914e-05 5.478447248038369796e-04
7.296133065938047288e-05 5.494488670014823417e-04
7.354795127596672286e-05 5.510627923336225984e-04
7.413928841491754826e-05 5.526866066512156313e-04
7.473537999781733299e-05 5.543204171901055599e-04
7.533626425114604190e-05 5.559643325924940645e-04
7.594197970873042564e-05 5.576184629287906378e-04
7.655256521421541888e-05 5.592829197198531492e-04
7.716805992355495929e-05 5.609578159596283718e-04
7.778850330752304040e-05 5.626432661381938804e-04
7.841393515424497133e-05 5.643393862652183431e-04
7.904439557174865356e-05 5.660462938938387980e-04
7.967992499053708102e-05 5.677641081449750788e-04
8.032056416618080295e-05 5.694929497320768384e-04
8.096635418193159656e-05 5.712329409863239850e-04
8.161733645135711896e-05 5.729842058822820494e-04
8.227355272099648421e-05 5.747468700640247360e-04
8.293504507303771410e-05 5.765210608717324372e-04
8.360185592801626321e-05 5.783069073687787482e-04
8.427402804753533630e-05 5.801045403693095345e-04
8.495160453700825579e-05 5.819140924663335256e-04
8.563462884842252675e-05 5.837356980603211837e-04
8.632314478312658884e-05 5.855694933883410103e-04
8.701719649463865891e-05 5.874156165537268957e-04
8.771682849147819272e-05 5.892742075562968935e-04
8.842208564002020977e-05 5.911454083231351296e-04
8.913301316737227802e-05 5.930293627399420503e-04
8.984965666427528318e-05 5.949262166829735006e-04
9.057206208802673602e-05 5.968361180515732939e-04
9.130027576542810812e-05 5.987592168013179238e-04
9.203434439575578982e-05 6.006956649777819802e-04
9.277431505375539910e-05 6.026456167509361981e-04
9.352023519266124401e-05 6.046092284502022074e-04
9.427215264723904113e-05 6.065866586001597560e-04
9.503011563685354371e-05 6.085780679569388228e-04
9.579417276856090310e-05 6.105836195452962962e-04
9.656437304022545177e-05 6.126034786964037809e-04
9.734076584366234473e-05 6.146378130863524962e-04
9.812340096780456820e-05 6.166867927753957564e-04
9.891232860189615899e-05 6.187505902479445387e-04
9.970759933871030628e-05 6.208293804533283888e-04
1.005092641777943281e-04 6.229233408473453014e-04
1.013173745287398959e-04 6.250326514346094637e-04
1.021319822144798906e-04 6.271574948117214759e-04
1.029531394746118747e-04 6.292980562112743823e-04
1.037808989687477080e-04 6.314545235467137292e-04
1.046153137798911764e-04 6.336270874580733322e-04
1.054564374178416138e-04 6.358159413586055107e-04
1.063043238226256735e-04 6.380212814823195584e-04
1.071590273679563933e-04 6.402433069324596753e-04
1.080206028647197737e-04 6.424822197309283233e-04
1.088891055644902620e-04 6.447382248686913276e-04
1.097645911630736135e-04 6.470115303571761069e-04
1.106471158040786605e-04 6.493023472806877527e-04
1.115367360825177709e-04 6.516108898498664849e-04
1.124335090484358628e-04 6.539373754562092514e-04
1.133374922105695465e-04 6.562820247276809514e-04
1.142487435400346446e-04 6.586450615854356648e-04
1.151673214740439084e-04 6.610267133016764019e-04
1.160932849196545484e-04 6.634272105586796120e-04
1.170266932575455816e-04 6.658467875090046161e-04
1.179676063458263220e-04 6.682856818369243938e-04
1.189160845238746729e-04 6.707441348210997330e-04
1.198721886162066040e-04 6.732223913985204864e-04
1.208359799363769752e-04 6.757207002297550271e-04
1.218075202909108809e-04 6.782393137655263332e-04
1.227868719832680619e-04 6.807784883146526496e-04
1.237740978178377305e-04 6.833384841133785309e-04
1.247692611039663536e-04 6.859195653961328021e-04
1.257724256600176377e-04 6.885220004677453142e-04
1.267836558174646202e-04 6.911460617771517665e-04
1.278030164250159521e-04 6.937920259926303986e-04
1.288305728527739768e-04 6.964601740785971145e-04
1.298663909964269873e-04 6.991507913740005638e-04
1.309105372814751479e-04 7.018641676723518744e-04
1.319630786674897826e-04 7.046005973034321886e-04
1.330240826524080355e-04 7.073603792167089009e-04
1.340936172768610870e-04 7.101438170665116652e-04
1.351717511285374716e-04 7.129512192990003711e-04
1.362585533465817127e-04 7.157828992409720351e-04
1.373540936260275985e-04 7.186391751905516021e-04
1.384584422222683746e-04 7.215203705098078560e-04
1.395716699555615771e-04 7.244268137193437705e-04
1.406938482155708364e-04 7.273588385949046695e-04
1.418250489659440296e-04 7.303167842660592728e-04
1.429653447489278076e-04 7.333009953169946108e-04
1.441148086900202589e-04 7.363118218894853075e-04
1.452735145026599482e-04 7.393496197880824409e-04
1.464415364929530115e-04 7.424147505875790124e-04
1.476189495644386845e-04 7.455075817428088352e-04
1.488058292228919938e-04 7.486284867008308848e-04
1.500022515811667791e-04 7.517778450155665482e-04
1.512082933640759852e-04 7.549560424649374773e-04
1.524240319133123413e-04 7.581634711705759287e-04
1.536495451924079891e-04 7.614005297201697142e-04
1.548849117917337932e-04 7.646676232924967329e-04
1.561302109335401228e-04 7.679651637852348426e-04
1.573855224770364465e-04 7.712935699455945610e-04
1.586509269235131855e-04 7.746532675038637168e-04
1.599265054215032742e-04 7.780446893099204290e-04
1.612123397719871713e-04 7.814682754728073319e-04
1.625085124336379859e-04 7.849244735034237481e-04
1.638151065281095650e-04 7.884137384604308950e-04
1.651322058453671092e-04 7.919365330994429823e-04
1.664598948490599365e-04 7.954933280255871431e-04
1.677982586819388880e-04 7.990846018495265232e-04
1.691473831713158013e-04 8.027108413470215561e-04
1.705073548345676791e-04 8.063725416221320967e-04
1.718782608846849860e-04 8.100702062741442239e-04
1.732601892358640440e-04 8.138043475683250354e-04
1.746532285091455076e-04 8.175754866106009532e-04
1.760574680380971283e-04 8.213841535262598288e-04
1.774729978745426511e-04 8.252308876427807147e-04
1.788999087943368726e-04 8.291162376769047092e-04
1.803382923031862065e-04 8.330407619260496574e-04
1.817882406425179855e-04 8.370050284641863438e-04
1.832498467953949737e-04 8.410096153422948976e-04
1.847232044924784517e-04 8.450551107935137330e-04
1.862084082180391414e-04 8.491421134431219710e-04
1.877055532160157552e-04 8.532712325234553070e-04
1.892147354961237976e-04 8.574430880939221816e-04
1.907360518400119090e-04 8.616583112662200023e-04
1.922695998074683808e-04 8.659175444349174067e-04
1.938154777426778969e-04 8.702214415135325638e-04
1.953737847805272533e-04 8.745706681762537710e-04
1.969446208529639867e-04 8.789659021054692075e-04
1.985280866954041725e-04 8.834078332452410419e-04
2.001242838531923449e-04 8.878971640609031142e-04
2.017333146881139202e-04 8.924346098049397262e-04
2.033552823849587123e-04 8.970208987893156516e-04
2.049902909581390932e-04 9.016567726644426559e-04
2.066384452583594619e-04 9.063429867049513367e-04
2.082998509793404669e-04 9.110803101024684278e-04
2.099746146645971941e-04 9.158695262655810630e-04
2.116628437142707784e-04 9.207114331271946473e-04
2.133646463920170185e-04 9.256068434594909864e-04
2.150801318319484686e-04 9.305565851966860575e-04
2.168094100456330992e-04 9.355615017658217188e-04
2.185525919291495531e-04 9.406224524258009322e-04
2.203097892701976954e-04 9.457403126149083877e-04
2.220811147552689303e-04 9.509159743070515810e-04
2.238666819768715145e-04 9.561503463769719302e-04
2.256666054408154197e-04 9.614443549746695510e-04
2.274810005735556609e-04 9.667989439093207637e-04
2.293099837295935217e-04 9.722150750429407349e-04
2.311536721989394696e-04 9.776937286940887584e-04
2.330121842146339419e-04 9.832359040518857084e-04
2.348856389603297130e-04 9.888426196006546137e-04
2.367741565779352218e-04 9.945149135554851114e-04
2.386778581753179907e-04 1.000253844309034138e-03
2.405968658340727447e-04 1.006060490889904490e-03
2.425313026173492152e-04 1.011935953432915999e-03
2.444812925777442645e-04 1.017881353661640982e-03
2.464469607652574365e-04 1.023897835383541814e-03
2.484284332353094171e-04 1.029986564998099183e-03
2.504258370568269846e-04 1.036148732018308139e-03
2.524393003203908702e-04 1.042385549605928316e-03
2.544689521464504325e-04 1.048698255120916181e-03
2.565149226936040347e-04 1.055088110685446301e-03
2.585773431669447994e-04 1.061556403762960524e-03
2.606563458264765654e-04 1.068104447752706932e-03
2.627520639955939746e-04 1.074733582600219828e-03
2.648646320696328702e-04 1.081445175424231670e-03
2.669941855244891077e-04 1.088240621160514385e-03
2.691408609253054533e-04 1.095121343223151404e-03
2.713047959352305285e-04 1.102088794183806592e-03
2.734861293242463838e-04 1.109144456469489653e-03
2.756850009780676845e-04 1.116289843079435167e-03
2.779015519071116407e-04 1.123526498321647743e-03
2.801359242555422589e-04 1.130855998569749513e-03
2.823882613103847962e-04 1.138279953040737327e-03
2.846587075107148614e-04 1.145800004594308211e-03
2.869474084569212423e-04 1.153417830554437189e-03
2.892545109200419704e-04 1.161135143553877975e-03
2.915801628511783942e-04 1.168953692402345231e-03
2.939245133909815688e-04 1.176875262979086611e-03
2.962877128792170333e-04 1.184901679150642331e-03
2.986699128644061327e-04 1.193034803714580934e-03
3.010712661135433966e-04 1.201276539370041505e-03
3.034919266218947457e-04 1.209628829715946692e-03
3.059320496228722965e-04 1.218093660277755385e-03
3.083917915979892343e-04 1.226673059563698114e-03
3.108713102868950265e-04 1.235369100151427566e-03
3.133707646974900527e-04 1.244183899806083210e-03
3.158903151161242067e-04 1.253119622630786360e-03
3.184301231178744826e-04 1.262178480250625377e-03
3.209903515769072370e-04 1.271362733031231040e-03
3.235711646769228508e-04 1.280674691333074646e-03
3.261727279216839826e-04 1.290116716802664756e-03
3.287952081456302876e-04 1.299691223701888347e-03
3.314387735245766199e-04 1.309400680276724986e-03
3.341035935864976997e-04 1.319247610166676904e-03
3.367898392224004389e-04 1.329234593856274804e-03
3.394976826972812673e-04 1.339364270170048232e-03
3.422272976611755082e-04 1.349639337812470839e-03
3.449788591602917552e-04 1.360062556954353069e-03
3.477525436482378643e-04 1.370636750867291684e-03
3.505485289973367716e-04 1.381364807607808479e-03
3.533669945100319752e-04 1.392249681752861330e-03
3.562081209303881555e-04 1.403294396188523637e-03
3.590720904556800493e-04 1.414502043953626102e-03
3.619590867480775476e-04 1.425875790140290061e-03
3.648692949464238172e-04 1.437418873853316082e-03
3.678029016781061218e-04 1.449134610230477186e-03
3.707600950710268238e-04 1.461026392525854086e-03
3.737410647656656750e-04 1.473097694258420319e-03
3.767460019272420176e-04 1.485352071428168181e-03
3.797750992579740749e-04 1.497793164802186956e-03
3.828285510094351697e-04 1.510424702273146982e-03
3.859065529950129960e-04 1.523250501292799887e-03
3.890093026024655479e-04 1.536274471383152146e-03
3.921369988065793967e-04 1.549500616728116372e-03
3.952898421819303707e-04 1.562933038848538826e-03
3.984680349157444161e-04 1.576575939363612918e-03
4.016717808208656302e-04 1.590433622841824594e-03
4.049012853488252349e-04 1.604510499744688304e-03
4.081567556030174515e-04 1.618811089466671866e-03
4.114384003519804358e-04 1.633340023474843866e-03
4.147464300427836266e-04 1.648102048551916424e-03
4.180810568145249787e-04 1.663102030146532476e-03
4.214424945119339596e-04 1.678344955834750775e-03
4.248309586990855146e-04 1.693835938896910394e-03
4.282466666732241863e-04 1.709580222014170326e-03
4.316898374786973594e-04 1.725583181089251818e-03
4.351606919210046780e-04 1.741850329196060251e-03
4.386594525809568040e-04 1.758387320663063521e-03
4.421863438289493184e-04 1.775199955295538512e-03
4.457415918393500300e-04 1.792294182741967657e-03
4.493254246050058711e-04 1.809676107010164264e-03
4.529380719518614671e-04 1.827351991138819083e-03
4.565797655536985391e-04 1.845328262030558955e-03
4.602507389469929436e-04 1.863611515452733274e-03
4.639512275458895644e-04 1.882208521212492668e-03
4.676814686573011284e-04 1.901126228512998615e-03
4.714417014961252549e-04 1.920371771497843185e-03
4.752321672005849402e-04 1.939952474991150574e-03
4.790531088476931293e-04 1.959875860441090585e-03
4.829047714688388272e-04 1.980149652074910185e-03
4.867874020655036391e-04 2.000781783273944923e-03
4.907012496250995250e-04 2.021780403177416731e-03
4.946465651369364412e-04 2.043153883524264844e-03
4.986236016083186225e-04 2.064910825742613705e-03
5.026326140807676080e-04 2.087060068296966997e-03
5.066738596463801411e-04 2.109610694303638498e-03
5.107475974643140059e-04 2.132572039425409231e-03
5.148540887774071114e-04 2.155953700056892613e-03
5.189935969289316683e-04 2.179765541812645705e-03
5.231663873794799866e-04 2.204017708330579042e-03
5.273727277239908954e-04 2.228720630403822033e-03
5.316128877089081094e-04 2.253885035454756061e-03
5.358871392494794338e-04 2.279521957365656000e-03
5.401957564471948550e-04 2.305642746680963695e-03
5.445390156073617828e-04 2.332259081196954697e-03
5.489171952568277450e-04 2.359382976955325378e-03
5.533305761618394734e-04 2.387026799657946188e-03
5.577794413460484668e-04 2.415203276520902411e-03
5.622640761086618354e-04 2.443925508586772526e-03
5.667847680427357199e-04 2.473206983514995069e-03
5.713418070536213644e-04 2.503061588871187491e-03
5.759354853775541967e-04 2.533503625937157024e-03
5.805660976003953469e-04 2.564547824064555229e-03
5.852339406765230028e-04 2.596209355596119320e-03
5.899393139478741445e-04 2.628503851379664167e-03
5.946825191631435964e-04 2.661447416901222256e-03
5.994638604971326990e-04 2.695056649065032117e-03
6.042836445702564913e-04 2.729348653649394090e-03
6.091421804682069100e-04 2.764341063468937591e-03
6.140397797617718964e-04 2.800052057275304648e-03
6.189767565268197366e-04 2.836500379429890764e-03
6.239534273644374660e-04 2.873705360383952117e-03
6.289701114212346150e-04 2.911686938003182207e-03
6.340271304098109946e-04 2.950465679775794020e-03
6.391248086293844013e-04 2.990062805945009443e-03
6.442634729865911450e-04 3.030500213609150541e-03
6.494434530164481210e-04 3.071800501834550876e-03
6.546650809034859717e-04 3.113986997828931472e-03
6.599286915030517066e-04 3.157083784225427851e-03
6.652346223627803512e-04 3.201115727529950817e-03
6.705832137442452713e-04 3.246108507787434649e-03
6.759748086447757908e-04 3.292088649525320987e-03
6.814097528194539184e-04 3.339083554035907932e-03
6.868883948032879086e-04 3.387121533062260447e-03
6.924110859335603791e-04 3.436231843955998063e-03
6.979781803723633443e-04 3.486444726378890198e-03
7.035900351293068299e-04 3.537791440623983680e-03
7.092470100844151630e-04 3.590304307636248832e-03
7.149494680112050823e-04 3.644016750816980559e-03
7.206977745999476213e-04 3.698963339700769674e-03
7.264922984811236295e-04 3.755179835598880869e-03
7.323334112490602473e-04 3.812703239307932597e-03
7.382214874857618864e-04 3.871571840988244188e-03
7.441569047849321385e-04 3.931825272322182069e-03
7.501400437761850939e-04 3.993504561068863395e-03
7.561712881494599484e-04 4.056652188138254109e-03
7.622510246796216585e-04 4.121312147314518462e-03
7.683796432512680300e-04 4.187530007765997986e-03
7.745575368837277330e-04 4.255352979486972005e-03
7.807851017562694122e-04 4.324829981824722738e-03
7.870627372335046524e-04 4.396011715254236930e-03
7.933908458909995440e-04 4.468950736572359708e-03
7.997698335410921393e-04 4.543701537693132023e-03
8.062001092589137375e-04 4.620320628236831290e-03
8.126820854086258192e-04 4.698866622116441155e-03
8.192161776698625442e-04 4.779400328337313555e-03
8.258028050643883558e-04 4.861984846238846109e-03
8.324423899829687390e-04 4.946685665420265041e-03
8.391353582124557592e-04 5.033570770607578848e-03
8.458821389630973801e-04 5.122710751734028262e-03
8.526831648960590685e-04 5.214178919522929889e-03
8.595388721511695038e-04 5.308051426879423565e-03
8.664497003748923435e-04 5.404407396416583548e-03
8.734160927485153710e-04 5.503329054461058439e-03
8.804384960165758918e-04 5.604901871905314248e-03
8.875173605155077397e-04 5.709214712295801117e-03
8.946531402025200861e-04 5.816359987571267931e-03
9.018462926847110872e-04 5.926433821891199244e-03
9.090972792484095389e-04 6.039536224022241592e-03
9.164065648887614532e-04 6.155771268780482232e-03
9.237746183395467020e-04 6.275247288058753356e-03
9.312019121032383056e-04 6.398077072002782487e-03
9.386889224813053413e-04 6.524378080935899424e-03
9.462361296047524248e-04 6.654272668671272137e-03
9.538440174649166900e-04 6.787888317892504589e-03
9.615130739445003653e-04 6.925357888327604225e-03
9.692437908488601983e-04 7.066819878489821044e-03
9.770366639375461376e-04 7.212418701809826353e-03
9.848921929560912249e-04 7.362304978038903408e-03
9.928108816680629965e-04 7.516635840861889475e-03
1.000793237887367612e-03 7.675575262721614882e-03
1.008839773510814952e-03 7.839294397925331698e-03
1.016951004550947172e-03 8.007971945175763190e-03
1.025127451169125523e-03 8.181794530748472127e-03
1.033369637708893632e-03 8.360957113621494616e-03
1.041678092729599265e-03 8.545663413953396084e-03
1.050053349040290821e-03 8.736126366403820787e-03
1.058495943733886186e-03 8.932568599895334902e-03
1.067006418221612190e-03 9.135222945527892227e-03
1.075585318267730959e-03 9.344332974479650084e-03
1.084233194024533838e-03 9.560153567857387902e-03
1.092950600067623497e-03 9.782951520602161874e-03
1.101738095431479018e-03 1.001300618170716285e-02
1.110596243645302437e-03 1.025061013316858234e-02
1.119525612769161921e-03 1.049606991026809030e-02
1.128526775430417498e-03 1.074970676597509014e-02
1.137600308860443627e-03 1.101185748246464799e-02
1.146746794931647120e-03 1.128287523296837153e-02
1.155966820194777572e-03 1.156313049741708281e-02
1.165260975916548522e-03 1.185301203559457894e-02
1.174629858117550059e-03 1.215292792180192212e-02
1.184074067610471929e-03 1.246330664533822595e-02
1.193594210038633916e-03 1.278459828143254165e-02
1.203190895914820228e-03 1.311727573761865828e-02
1.212864740660437625e-03 1.346183608093265600e-02
1.222616364644977345e-03 1.381880195173183432e-02
1.232446393225799901e-03 1.418872307038912539e-02
1.242355456788234299e-03 1.457217784361103732e-02
1.252344190786011191e-03 1.496977507766416270e-02
1.262413235782008057e-03 1.538215580637568997e-02
1.272563237489328543e-03 1.580999524240889534e-02
1.282794846812713128e-03 1.625400486100058231e-02
1.293108719890275708e-03 1.671493462609699443e-02
1.303505518135587762e-03 1.719357536963934951e-02
1.313985908280089097e-03 1.769076133563601827e-02
1.324550562415845309e-03 1.820737290162572491e-02
1.335200158038649804e-03 1.874433949118862325e-02
1.345935378091465398e-03 1.930264269231006871e-02
1.356756911008227600e-03 1.988331959765617107e-02
1.367665450757988557e-03 2.048746638418571728e-02
1.378661696889420729e-03 2.111624215101853830e-02
1.389746354575679662e-03 2.177087303611277558e-02
1.400920134659621504e-03 2.245265663408672549e-02
1.412183753699393926e-03 2.316296673947607770e-02
1.423537934014383957e-03 2.390325844185144100e-02
1.434983403731540956e-03 2.467507360156485571e-02
1.446520896832071247e-03 2.548004673745684137e-02
1.458151153198502040e-03 2.631991136066825360e-02
1.469874918662136517e-03 2.719650679178846342e-02
1.481692945050877563e-03 2.811178550195405496e-02
1.493605990237444623e-03 2.906782102223660555e-02
1.505614818187972622e-03 3.006681646974302888e-02
1.517720199011002736e-03 3.111111374334874294e-02
1.529922909006872995e-03 3.220320344693124864e-02
1.542223730717498780e-03 3.334573560341502069e-02
1.554623452976554255e-03 3.454153122894258743e-02
1.567122870960063839e-03 3.579359484309696526e-02
1.579722786237387679e-03 3.710512799839790765e-02
1.592424006822634307e-03 3.847954392034946824e-02
1.605227347226472270e-03 3.992048335820574945e-02
1.618133628508364608e-03 4.143183175645561572e-02
1.631143678329222265e-03 4.301773786789693521e-02
1.644258331004477955e-03 4.468263394120020743e-02
1.657478427557595004e-03 4.643125762918887123e-02
1.670804815773997741e-03 4.826867577881972099e-02
1.684238350255438813e-03 5.020031028022664543e-02
1.697779892474805168e-03 5.223196617035497785e-02
1.711430310831357727e-03 5.436986220688753979e-02
1.725190480706428582e-03 5.662066415058914642e-02
1.739061284519552312e-03 5.899152101912069623e-02
1.753043611785056561e-03 6.149010460312562265e-02
1.767138359169105610e-03 6.412465256629175381e-02
1.781346430547196694e-03 6.690401548552815658e-02
1.795668737062133596e-03 6.983770822581208959e-02
1.810106197182450184e-03 7.293596608713157070e-02
1.824659736761312509e-03 7.620980620884867940e-02
1.839330289095893840e-03 7.967109477034270415e-02
1.854118794987219153e-03 8.333262058670101724e-02
1.869026202800507267e-03 8.720817576529515947e-02
1.884053468525981366e-03 9.131264416423361119e-02
1.899201555840176721e-03 9.566209847797726984e-02
1.914471436167741736e-03 1.002739068700174430e-01
1.929864088743727746e-03 1.051668501787755838e-01
1.945380500676394901e-03 1.103612508424032523e-01
1.961021667010508750e-03 1.158791148225782885e-01
1.976788590791150966e-03 1.217442879588390287e-01
1.992682283128046575e-03 1.279826283556827204e-01
2.008703763260395996e-03 1.346221965971922674e-01
2.024854058622250694e-03 1.416934658014275539e-01
2.041134204908390606e-03 1.492295537725374377e-01
2.057545246140746707e-03 1.572664797865691022e-01
2.074088234735351356e-03 1.658434488617259173e-01
2.090764231569823810e-03 1.750031667205511621e-01
2.107574306051411724e-03 1.847921890562548297e-01
2.124519536185564324e-03 1.952613091748690022e-01
2.141601008645066355e-03 2.064659886072532369e-01
2.158819818839718442e-03 2.184668358791844733e-01
2.176177070986592965e-03 2.313301393044428500e-01
2.193673878180841565e-03 2.451284604372417630e-01
2.211311362467075978e-03 2.599412957006538294e-01
2.229090654911326103e-03 2.758558147132085248e-01
2.247012895673564884e-03 2.929676849856904797e-01
2.265079234080837316e-03 3.113819939763617373e-01
2.283290828700957568e-03 3.312142810010497707e-01
2.301648847416808488e-03 3.525916932247364910e-01
2.320154467501236127e-03 3.756542819481860085e-01
2.338808875692541863e-03 4.005564576874250937e-01
2.357613268270595131e-03 4.274686251730347997e-01
2.376568851133542895e-03 4.565790224255068530e-01
2.395676839875143186e-03 4.880957915577092132e-01
2.414938459862722275e-03 5.222493129914163035e-01
2.434354946315747236e-03 5.592948394417032176e-01
2.453927544385049470e-03 5.995154714255450656e-01
2.473657509232668819e-03 6.432255223126920329e-01
2.493546106112346471e-03 6.907743282036602483e-01
2.513594610450664481e-03 7.425505663627822717e-01
2.533804307928828881e-03 7.989871557568392069e-01
2.554176494565134521e-03 8.605668246914082165e-01
2.574712476798063539e-03 9.278284438820093571e-01
2.595413571570070761e-03 1.001374238882180023e+00
2.616281106412037850e-03 1.081878014015785539e+00
2.637316419528398358e-03 1.170094541302161950e+00
2.658520859882966634e-03 1.266870292886387306e+00
2.679895787285437210e-03 1.373155724869124406e+00
2.701442572478590220e-03 1.490019354978217692e+00
2.723162597226194605e-03 1.618663917202619817e+00
2.745057254401612589e-03 1.760444924475196959e+00
2.767127948077134029e-03 1.916892027131506637e+00
2.789376093614010302e-03 2.089733621853936185e+00
2.811803117753219807e-03 2.280925245141188107e+00
2.834410458706966823e-03 2.492682379438872164e+00
2.857199566250901140e-03 2.727518411848492086e+00
2.880171901817105747e-03 2.988288618327441082e+00
2.903328938587803557e-03 3.278241204776334072e+00
2.926672161589837385e-03 3.601076625570938994e+00
2.950203067789902798e-03 3.961016626229707516e+00
2.973923166190535136e-03 4.362884727692012632e+00
2.997833977926895373e-03 4.812200194463157388e+00
3.021937036364311449e-03 5.315287919087596791e+00
3.046233887196608033e-03 5.879407125019188385e+00
3.070726088545236432e-03 6.512902356100385148e+00
3.095415211059180782e-03 7.225380904585176012e+00
3.120302838015701248e-03 8.027921656828455710e+00
3.145390565421852212e-03 8.933321338327512962e+00
3.170680002116837894e-03 9.956385357147713222e+00
3.196172769875186333e-03 1.111427192564403654e+01
3.221870503510740856e-03 1.242689994524866925e+01
3.247774850981513268e-03 1.391743334301444079e+01
3.273887473495355836e-03 1.561285724501657768e+01
3.300210045616495426e-03 1.754466467717927713e+01
3.326744255372920261e-03 1.974967654422965069e+01
3.353491804364622762e-03 2.227102263470115773e+01
3.380454407872737072e-03 2.515931756308841472e+01
3.407633794969524427e-03 2.847407317728242759e+01
3.435031708629263623e-03 3.228539839312990978e+01
3.462649905840011876e-03 3.667604912667089678e+01
3.490490157716298961e-03 4.174390555863701735e+01
3.518554249612688718e-03 4.760497212129453715e+01
3.546843981238280777e-03 5.439701828128740146e+01
3.575361166772121277e-03 6.228400659732455580e+01
3.604107634979533854e-03 7.146149018385439433e+01
3.633085229329412538e-03 8.216320656509122955e+01
