2.497382406435652939e-25 9.768325619515944397e-18
1.592405960127358361e-24 3.089015920155193588e-17
1.015365822756892167e-23 9.768326876420302874e-17
6.474277161963938908e-23 3.089016721595150065e-16
4.128193389070159467e-22 9.768331986641967382e-16
2.632259977636328568e-21 3.089019980025807047e-15
1.678407946733001633e-20 9.768352763373603653e-15
1.070203270037972128e-19 3.089033227893325649e-14
6.823937180644061677e-19 9.768437235752100315e-14
4.351147109064984495e-18 3.089087090016611440e-13
1.915297948882004416e-17 7.759322488683919743e-13
8.060281057525431301e-17 1.949163039787816667e-12
3.231548868885900942e-16 4.896382250613372468e-12
4.345363206717196250e-16 6.163781780305984805e-12
1.185699981296668146e-15 1.229732179640797847e-11
3.167099671296256822e-15 2.454290871984140256e-11
8.312293945536222779e-15 4.898397135859626299e-11
2.151611673377367987e-14 9.773430848120292535e-11
5.516190296262407946e-14 1.950308160666369755e-10
7.219962673568143336e-14 2.455395918119563429e-10
1.345996703506809824e-13 3.892770603306517574e-10
2.502777173064534741e-13 6.169465998965407740e-10
3.411676113431318569e-13 7.768626451909397954e-10
4.161104603351930561e-13 9.006720410829545173e-10
5.668224300832851639e-13 1.192414995932578561e-09
1.051017683769589897e-12 1.890432911212288601e-09
1.946696275912857264e-12 3.094630240399093478e-09
3.604197434436283020e-12 4.906521065391501087e-09
4.678350727597027810e-12 5.964785761620009416e-09
6.363945126095426008e-12 7.510858710852283575e-09
8.659328086403540721e-12 9.798092857573101657e-09
1.177437263656969924e-11 1.233578754396143564e-08
1.601314678573479096e-11 1.553407705195085344e-08
2.068158225216417963e-11 1.881943995759334440e-08
2.812629084553211013e-11 2.462793118627416045e-08
3.823985723652250255e-11 3.101071367919697201e-08
4.915490723856361436e-11 3.744047090307774978e-08
6.683712298751739095e-11 4.918310976261355027e-08
9.088989403667837668e-11 6.194746997419662658e-08
1.198094057756214983e-10 7.622496704508910767e-08
1.235276287134856064e-10 8.111821537560480725e-08
1.679810496150610554e-10 1.052041443179145334e-07
2.145827771029579730e-10 1.264403182978826954e-07
2.389577941400671919e-10 1.370814666799720085e-07
2.718434103460653354e-10 1.558050328926489486e-07
3.695913600236930604e-10 2.029070399259184632e-07
4.805596579248377059e-10 2.471473550088626382e-07
6.228436556804378813e-10 3.112918511513913844e-07
6.449051117784316288e-10 3.195404339442749206e-07
6.519284217721749412e-10 3.221516175955882510e-07
6.901021772675798839e-10 3.362246542759246589e-07
7.517420508597271333e-10 3.585491157042282318e-07
7.842145311837404764e-10 3.701260768930860222e-07
8.123077711587138292e-10 3.800461204279264704e-07
8.948523203792971162e-10 4.248355205313744057e-07
1.780367769825735293e-09 1.571243743291283042e-06
2.831798589477310162e-09 2.360915204371286954e-06
4.352717025416528164e-09 3.331634749736530039e-06
6.442936706730940560e-09 4.497300351158025239e-06
9.210451352971400048e-09 5.875749191388290656e-06
1.726412223638507203e-08 9.359364509061765243e-06
2.961440629244172500e-08 1.399035730184682620e-05
4.760234259406434222e-08 2.000744564924680080e-05
7.280858902572716169e-08 2.762541866450402925e-05
1.069774052811704485e-07 3.692082460755834189e-05
1.786399553702715184e-07 5.352425790188030335e-05
3.179080611873818725e-07 7.810458603098302793e-05
4.169532575344421554e-07 9.195064971249766836e-05
4.437988271458211392e-07 9.546604737380116803e-05
8.192319285407806845e-07 1.258634192745901824e-04
1.265035490184092184e-06 1.510848652935830748e-04
1.275206575230769374e-06 1.515719830101876838e-04
1.285459437406886405e-06 1.520601279791487131e-04
1.295794734213473589e-06 1.525492994601782590e-04
1.306213128437973909e-06 1.530394967098900119e-04
1.316715288196745009e-06 1.535307189819272737e-04
1.327301886977906571e-06 1.540229655270915709e-04
1.337973603684528621e-06 1.545162355934717019e-04
1.348731122678168804e-06 1.550105284265735435e-04
1.359575133822760559e-06 1.555058432694500460e-04
1.370506332528850887e-06 1.560021793628320970e-04
1.381525419798198337e-06 1.564995359452597368e-04
1.392633102268726735e-06 1.569979122532138888e-04
1.403830092259838905e-06 1.574973075212486595e-04
1.415117107818099277e-06 1.579977209821241803e-04
1.426494872763279866e-06 1.584991518669397203e-04
1.437964116734777254e-06 1.590015994052676668e-04
1.449525575238404596e-06 1.595050628252876138e-04
1.461179989693558014e-06 1.600095413539212369e-04
1.472928107480762041e-06 1.605150342169674117e-04
1.484770681989598766e-06 1.610215406392380107e-04
1.496708472667021958e-06 1.615290598446939431e-04
1.508742245066058075e-06 1.620375910565819539e-04
1.520872770894901561e-06 1.625471334975714236e-04
1.533100828066401476e-06 1.630576863898921972e-04
1.545427200747950047e-06 1.635692489554723046e-04
1.557852679411768465e-06 1.640818204160765493e-04
1.570378060885599695e-06 1.645953999934452047e-04
1.583004148403807856e-06 1.651099869094333882e-04
1.595731751658887138e-06 1.656255803861506526e-04
1.608561686853388103e-06 1.661421796461011458e-04
1.621494776752258176e-06 1.666597839123241237e-04
1.634531850735605445e-06 1.671783924085348968e-04
1.647673744851884499e-06 1.676980043592661009e-04
1.660921301871511492e-06 1.682186189900094575e-04
1.674275371340909927e-06 1.687402355273578036e-04
1.687736809636990550e-06 1.692628531991477458e-04
1.701306480022069783e-06 1.697864712346023686e-04
1.714985252699229683e-06 1.703110888644746197e-04
1.728774004868121534e-06 1.708367053211908861e-04
1.742673620781220687e-06 1.713633198389949755e-04
1.756684991800532881e-06 1.718909316540925326e-04
1.770809016454753715e-06 1.724195400047955626e-04
1.785046600496892305e-06 1.729491441316678235e-04
1.799398656962354658e-06 1.734797432776700001e-04
1.813866106227495459e-06 1.740113366883054753e-04
1.828449876068640815e-06 1.745439236117665618e-04
1.843150901721584056e-06 1.750775032990807610e-04
1.857970125941563714e-06 1.756120750042577266e-04
1.872908499063717962e-06 1.761476379844362011e-04
1.887966979064029481e-06 1.766841915000314943e-04
1.903146531620759909e-06 1.772217348148832331e-04
1.918448130176375575e-06 1.777602671964033279e-04
1.933872755999974255e-06 1.782997879157244270e-04
1.949421398250212935e-06 1.788402962478485337e-04
1.965095054038739150e-06 1.793817914717960569e-04
1.980894728494136466e-06 1.799242728707548889e-04
1.996821434826380719e-06 1.804677397322301607e-04
2.012876194391815068e-06 1.810121913481940248e-04
2.029060036758649781e-06 1.815576270152357901e-04
2.045373999772985914e-06 1.821040460347123275e-04
2.061819129625371346e-06 1.826514477128988556e-04
2.078396480917890449e-06 1.831998313611399158e-04
2.095107116731794583e-06 1.837491962960005100e-04
2.111952108695677668e-06 1.842995418394178077e-04
2.128932537054195111e-06 1.848508673188528531e-04
2.146049490737340519e-06 1.854031720674425968e-04
2.163304067430276787e-06 1.859564554241524982e-04
2.180697373643728349e-06 1.865107167339286108e-04
2.198230524784941362e-06 1.870659553478509166e-04
2.215904645229210978e-06 1.876221706232862791e-04
2.233720868391988417e-06 1.881793619240416146e-04
2.251680336801563588e-06 1.887375286205177939e-04
2.269784202172333865e-06 1.892966700898633019e-04
2.288033625478662820e-06 1.898567857161283289e-04
2.306429777029331029e-06 1.904178748904192427e-04
2.324973836542586580e-06 1.909799370110531688e-04
2.343666993221797820e-06 1.915429714837125976e-04
2.362510445831716391e-06 1.921069777216007231e-04
2.381505402775351823e-06 1.926719551455964574e-04
2.400653082171464459e-06 1.932379031844103112e-04
2.419954711932681799e-06 1.938048212747397331e-04
2.439411529844243342e-06 1.943727088614254517e-04
2.459024783643375619e-06 1.949415653976074652e-04
2.478795731099311397e-06 1.955113903448815456e-04
2.498725640093945425e-06 1.960821831734560418e-04
2.518815788703144091e-06 1.966539433623085468e-04
2.539067465278703486e-06 1.972266703993431338e-04
2.559481968530974076e-06 1.978003637815477288e-04
2.580060607612140561e-06 1.983750230151515358e-04
2.600804702200179355e-06 1.989506476157829246e-04
2.621715582583484801e-06 1.995272371086275072e-04
2.642794589746181485e-06 2.001047910285860517e-04
2.664043075454115865e-06 2.006833089204333178e-04
2.685462402341547128e-06 2.012627903389764051e-04
2.707053943998528383e-06 2.018432348492136695e-04
2.728819085058994272e-06 2.024246420264940740e-04
2.750759221289552895e-06 2.030070114566760785e-04
2.772875759678998558e-06 2.035903427362874784e-04
2.795170118528535601e-06 2.041746354726850531e-04
2.817643727542735769e-06 2.047598892842145677e-04
2.840298027921220201e-06 2.053461038003708277e-04
2.863134472451083014e-06 2.059332786619581411e-04
2.886154525600053912e-06 2.065214135212510788e-04
2.909359663610418048e-06 2.071105080421550718e-04
2.932751374593678730e-06 2.077005619003675506e-04
2.956331158625990933e-06 2.082915747835393833e-04
2.980100527844360945e-06 2.088835463914361502e-04
3.004061006543611734e-06 2.094764764360999886e-04
3.028214131274139870e-06 2.100703646420114365e-04
3.052561450940449595e-06 2.106652107462519009e-04
3.077104526900480990e-06 2.112610144986655828e-04
3.101844933065738586e-06 2.118577756620225688e-04
3.126784256002224233e-06 2.124554940121813529e-04
3.151924095032180583e-06 2.130541693382522253e-04
3.177266062336653222e-06 2.136538014427603101e-04
3.202811783058879093e-06 2.142543901418093334e-04
3.228562895408502463e-06 2.148559352652452839e-04
3.254521050766632844e-06 2.154584366568207507e-04
3.280687913791740625e-06 2.160618941743587735e-04
3.307065162526419653e-06 2.166663076899176413e-04
3.333654488504984974e-06 2.172716770899557181e-04
3.360457596861958698e-06 2.178780022754963231e-04
3.387476206441410942e-06 2.184852831622929902e-04
3.414712049907191851e-06 2.190935196809952153e-04
3.442166873854040296e-06 2.197027117773140954e-04
3.469842438919592969e-06 2.203128594121885097e-04
3.497740519897293879e-06 2.209239625619512462e-04
3.525862905850202966e-06 2.215360212184956982e-04
3.554211400225730949e-06 2.221490353894430209e-04
3.582787820971289818e-06 2.227630050983086922e-04
3.611594000650876753e-06 2.233779303846705636e-04
3.640631786562594019e-06 2.239938113043360717e-04
3.669903040857108638e-06 2.246106479295106146e-04
3.699409640657075143e-06 2.252284403489656576e-04
3.729153478177511664e-06 2.258471886682072180e-04
3.759136460847139515e-06 2.264668930096451092e-04
3.789360511430714658e-06 2.270875535127619136e-04
3.819827568152319703e-06 2.277091703342823078e-04
3.850539584819667259e-06 2.283317436483434180e-04
3.881498530949390510e-06 2.289552736466643620e-04
3.912706391893350223e-06 2.295797605387172550e-04
3.944165168965945502e-06 2.302052045518976462e-04
3.975876879572465528e-06 2.308316059316957956e-04
4.007843557338450132e-06 2.314589649418682493e-04
4.040067252240111688e-06 2.320872818646095494e-04
4.072550030735797171e-06 2.327165570007244059e-04
4.105293975898498837e-06 2.333467906698003284e-04
4.138301187549453342e-06 2.339779832103806108e-04
4.171573782392785251e-06 2.346101349801373427e-04
4.205113894151255927e-06 2.352432463560453699e-04
4.238923673703094930e-06 2.358773177345561186e-04
4.273005289219931703e-06 2.365123495317722068e-04
4.307360926305838579e-06 2.371483421836222713e-04
4.341992788137489316e-06 2.377852961460359313e-04
4.376903095605447585e-06 2.384232118951198898e-04
4.412094087456584547e-06 2.390620899273336283e-04
4.447568020437652632e-06 2.397019307596660507e-04
4.483327169440000270e-06 2.403427349298124793e-04
4.519373827645469084e-06 2.409845029963519490e-04
4.555710306673437112e-06 2.416272355389251518e-04
4.592338936729069903e-06 2.422709331584123815e-04
4.629262066752751529e-06 2.429155964771128066e-04
4.666482064570714147e-06 2.435612261389230658e-04
4.704001317046891527e-06 2.442078228095177056e-04
4.741822230235977902e-06 2.448553871765287251e-04
4.779947229537726032e-06 2.455039199497265827e-04
4.818378759852486174e-06 2.461534218612013397e-04
4.857119285737992721e-06 2.468038936655443183e-04
4.896171291567416320e-06 2.474553361400305728e-04
4.935537281688677212e-06 2.481077500848013605e-04
4.975219780585049462e-06 2.487611363230476436e-04
5.015221333037050125e-06 2.494154957011939151e-04
5.055544504285633696e-06 2.500708290890827300e-04
5.096191880196697772e-06 2.507271373801595623e-04
5.137166067426910921e-06 2.513844214916585284e-04
5.178469693590867863e-06 2.520426823647884903e-04
5.220105407429606671e-06 2.527019209649200809e-04
5.262075878980455820e-06 2.533621382817727828e-04
5.304383799748266979e-06 2.540233353296032000e-04
5.347031882878018300e-06 2.546855131473936009e-04
5.390022863328798380e-06 2.553486727990414906e-04
5.433359498049199672e-06 2.560128153735491299e-04
5.477044566154117136e-06 2.566779419852148426e-04
5.521080869102967356e-06 2.573440537738236724e-04
5.565471230879344231e-06 2.580111519048398287e-04
5.610218498172114617e-06 2.586792375695994039e-04
5.655325540557974258e-06 2.593483119855036862e-04
5.700795250685466536e-06 2.600183763962132322e-04
5.746630544460487777e-06 2.606894320718433481e-04
5.792834361233274848e-06 2.613614803091589213e-04
5.839409663986910649e-06 2.620345224317715822e-04
5.886359439527323768e-06 2.627085597903367040e-04
5.933686698674835665e-06 2.633835937627512693e-04
5.981394476457241830e-06 2.640596257543528216e-04
6.029485832304433696e-06 2.647366571981190665e-04
6.077963850244609590e-06 2.654146895548685037e-04
6.126831639102036594e-06 2.660937243134617086e-04
6.176092332696420079e-06 2.667737629910031032e-04
6.225749090043871589e-06 2.674548071330447850e-04
6.275805095559491170e-06 2.681368583137896532e-04
6.326263559261576848e-06 2.688199181362971356e-04
6.377127716977484977e-06 2.695039882326879946e-04
6.428400830551129595e-06 2.701890702643520059e-04
6.480086188052168218e-06 2.708751659221550413e-04
6.532187103986854604e-06 2.715622769266474524e-04
6.584706919510598276e-06 2.722504050282745680e-04
6.637649002642225749e-06 2.729395520075864881e-04
6.691016748479966301e-06 2.736297196754500444e-04
6.744813579419175022e-06 2.743209098732613590e-04
6.799042945371803282e-06 2.750131244731593232e-04
6.853708323987641195e-06 2.757063653782411915e-04
6.908813220877334622e-06 2.764006345227771450e-04
6.964361169837190252e-06 2.770959338724279450e-04
7.020355733075793341e-06 2.777922654244632372e-04
7.076800501442449954e-06 2.784896312079799098e-04
7.133699094657463886e-06 2.791880332841230002e-04
7.191055161544255027e-06 2.798874737463069801e-04
7.248872380263367461e-06 2.805879547204383423e-04
7.307154458548332569e-06 2.812894783651395431e-04
7.365905133943443032e-06 2.819920468719741362e-04
7.425128174043442828e-06 2.826956624656728296e-04
7.484827376735126441e-06 2.834003274043612759e-04
7.545006570440903182e-06 2.841060439797887306e-04
7.605669614364299527e-06 2.848128145175585538e-04
7.666820398737448589e-06 2.855206413773590910e-04
7.728462845070563348e-06 2.862295269531968302e-04
7.790600906403417339e-06 2.869394736736305906e-04
7.853238567558849760e-06 2.876504840020066307e-04
7.916379845398305992e-06 2.883625604366961436e-04
7.980028789079428791e-06 2.890757055113329682e-04
8.044189480315726398e-06 2.897899217950539023e-04
8.108866033638327748e-06 2.905052118927390703e-04
8.174062596659848473e-06 2.912215784452557607e-04
8.239783350340357563e-06 2.919390241297018288e-04
8.306032509255503941e-06 2.926575516596514317e-04
8.372814321866792824e-06 2.933771637854025514e-04
8.440133070794027093e-06 2.940978632942258734e-04
8.507993073089950952e-06 2.948196530106148580e-04
8.576398680517094170e-06 2.955425357965380342e-04
8.645354279826845728e-06 2.962665145516924859e-04
8.714864293040765314e-06 2.969915922137592902e-04
8.784933177734164874e-06 2.977177717586606902e-04
8.855565427321965291e-06 2.984450562008183518e-04
8.926765571346856990e-06 2.991734485934141141e-04
8.998538175769762789e-06 2.999029520286523127e-04
9.070887843262653795e-06 3.006335696380233488e-04
9.143819213503713282e-06 3.013653045925698067e-04
9.217336963474863793e-06 3.020981601031541433e-04
9.291445807761706586e-06 3.028321394207274622e-04
9.366150498855856492e-06 3.035672458366021897e-04
9.441455827459700983e-06 3.043034826827238854e-04
9.517366622793641044e-06 3.050408533319473332e-04
9.593887752905774888e-06 3.057793611983135556e-04
9.671024124984061785e-06 3.065190097373286706e-04
9.748780685671042237e-06 3.072598024462457294e-04
9.827162421381026403e-06 3.080017428643468808e-04
9.906174358619899861e-06 3.087448345732298166e-04
9.985821564307448443e-06 3.094890811970942728e-04
1.006610914610227330e-05 3.102344864030321617e-04
1.014704225272937918e-05 3.109810539013187344e-04
1.022862607431031912e-05 3.117287874457069416e-04
1.031086584269604785e-05 3.124776908337231502e-04
1.039376683180243494e-05 3.132277679069657319e-04
1.047733435794844783e-05 3.139790225514054963e-04
1.056157378019711642e-05 3.147314586976889417e-04
1.064649050069916757e-05 3.154850803214428621e-04
1.073208996503948364e-05 3.162398914435828566e-04
1.081837766258631378e-05 3.169958961306229236e-04
1.090535912684327549e-05 3.177530984949876566e-04
1.099303993580425117e-05 3.185115026953278016e-04
1.108142571231105125e-05 3.192711129368374940e-04
1.117052212441403841e-05 3.200319334715738821e-04
1.126033488573559964e-05 3.207939685987802733e-04
1.135086975583652519e-05 3.215572226652109607e-04
1.144213254058541156e-05 3.223217000654591950e-04
1.153412909253092904e-05 3.230874052422872149e-04
1.162686531127718610e-05 3.238543426869603986e-04
1.172034714386201596e-05 3.246225169395819030e-04
1.181458058513839387e-05 3.253919325894325605e-04
1.190957167815886128e-05 3.261625942753116985e-04
1.200532651456303159e-05 3.269345066858816442e-04
1.210185123496829253e-05 3.277076745600149949e-04
1.219915202936354100e-05 3.284821026871453031e-04
1.229723513750617890e-05 3.292577959076191710e-04
1.239610684932223458e-05 3.300347591130535496e-04
1.249577350530973008e-05 3.308129972466941756e-04
1.259624149694530779e-05 3.315925153037781832e-04
1.269751726709407237e-05 3.323733183318994797e-04
1.279960731042279212e-05 3.331554114313771582e-04
1.290251817381638675e-05 3.339387997556275949e-04
1.300625645679774570e-05 3.347234885115391500e-04
1.311082881195099048e-05 3.355094829598506624e-04
1.321624194534803884e-05 3.362967884155329806e-04
1.332250261697870601e-05 3.370854102481740167e-04
1.342961764118419755e-05 3.378753538823672169e-04
1.353759388709407333e-05 3.386666247981033368e-04
1.364643827906680629e-05 3.394592285311657967e-04
1.375615779713377849e-05 3.402531706735299386e-04
1.386675947744694817e-05 3.410484568737649400e-04
1.397825041273004390e-05 3.418450928374405524e-04
1.409063775273339582e-05 3.426430843275366585e-04
1.420392870469247359e-05 3.434424371648569499e-04
1.431813053379004275e-05 3.442431572284460734e-04
1.443325056362210406e-05 3.450452504560112777e-04
1.454929617666750207e-05 3.458487228443466073e-04
1.466627481476139621e-05 3.466535804497628969e-04
1.478419397957247412e-05 3.474598293885200430e-04
1.490306123308400869e-05 3.482674758372641000e-04
1.502288419807883362e-05 3.490765260334686591e-04
1.514367055862813558e-05 3.498869862758793164e-04
1.526542806058426652e-05 3.506988629249637259e-04
1.538816451207745218e-05 3.515121624033649582e-04
1.551188778401650214e-05 3.523268911963590337e-04
1.563660581059359903e-05 3.531430558523174982e-04
1.576232658979305709e-05 3.539606629831740627e-04
1.588905818390426154e-05 3.547797192648950932e-04
1.601680872003869075e-05 3.556002314379557924e-04
1.614558639065104818e-05 3.564222063078199593e-04
1.627539945406470399e-05 3.572456507454245729e-04
1.640625623500121264e-05 3.580705716876694724e-04
1.653816512511424179e-05 3.588969761379112657e-04
1.667113458352765845e-05 3.597248711664624956e-04
1.680517313737801970e-05 3.605542639110950352e-04
1.694028938236142055e-05 3.613851615775485787e-04
1.707649198328469215e-05 3.622175714400451495e-04
1.721378967462108931e-05 3.630515008418068066e-04
1.735219126107042319e-05 3.638869571955802361e-04
1.749170561812365285e-05 3.647239479841645404e-04
1.763234169263211843e-05 3.655624807609471057e-04
1.777410850338122310e-05 3.664025631504408778e-04
1.791701514166885482e-05 3.672442028488311799e-04
1.806107077188836871e-05 3.680874076245248066e-04
1.820628463211626863e-05 3.689321853187056775e-04
1.835266603470468640e-05 3.697785438458967250e-04
1.850022436687849260e-05 3.706264911945264442e-04
1.864896909133736421e-05 3.714760354275012432e-04
1.879890974686256849e-05 3.723271846827840817e-04
1.895005594892866312e-05 3.731799471739788562e-04
1.910241739032016324e-05 3.740343311909199889e-04
1.925600384175307054e-05 3.748903451002687931e-04
1.941082515250152854e-05 3.757479973461157479e-04
1.956689125102935683e-05 3.766072964505885181e-04
1.972421214562681654e-05 3.774682510144663724e-04
1.988279792505240722e-05 3.783308697178015389e-04
2.004265875917981364e-05 3.791951613205457117e-04
2.020380489965014151e-05 3.800611346631837671e-04
2.036624668052927262e-05 3.809287986673742560e-04
2.052999451897064446e-05 3.817981623365955340e-04
2.069505891588324065e-05 3.826692347567996980e-04
2.086145045660500592e-05 3.835420250970724863e-04
2.102917981158167521e-05 3.844165426103004417e-04
2.119825773705105436e-05 3.852927966338443640e-04
2.136869507573278947e-05 3.861707965902212193e-04
2.154050275752372682e-05 3.870505519877919572e-04
2.171369180019878852e-05 3.879320724214557260e-04
2.188827331011755048e-05 3.888153675733542784e-04
2.206425848293647516e-05 3.897004472135805523e-04
2.224165860432686343e-05 3.905873212008967375e-04
2.242048505069861719e-05 3.914759994834594446e-04
2.260074928992973793e-05 3.923664920995517040e-04
2.278246288210181571e-05 3.932588091783241263e-04
2.296563748024126758e-05 3.941529609405426226e-04
2.315028483106673244e-05 3.950489576993452320e-04
2.333641677574231030e-05 3.959468098610058329e-04
2.352404525063690020e-05 3.968465279257068546e-04
2.371318228808973842e-05 3.977481224883201738e-04
2.390384001718192018e-05 3.986516042391956001e-04
2.409603066451431125e-05 3.995569839649589579e-04
2.428976655499153798e-05 4.004642725493179193e-04
2.448506011261243842e-05 4.013734809738762942e-04
2.468192386126675440e-05 4.022846203189582408e-04
2.488037042553825769e-05 4.031977017644406617e-04
2.508041253151439831e-05 4.041127365905937321e-04
2.528206300760234621e-05 4.050297361789323230e-04
2.548533478535172116e-05 4.059487120130751778e-04
2.569024090028383463e-05 4.068696756796146593e-04
2.589679449272761305e-05 4.077926388689942483e-04
2.610500880866236168e-05 4.087176133763972645e-04
2.631489720056709813e-05 4.096446111026452903e-04
2.652647312827690268e-05 4.105736440551042391e-04
2.673975015984606852e-05 4.115047243486034327e-04
2.695474197241815034e-05 4.124378642063621613e-04
2.717146235310313466e-05 4.133730759609281682e-04
2.738992519986150847e-05 4.143103720551255141e-04
2.761014452239559199e-05 4.152497650430130656e-04
2.783213444304791538e-05 4.161912675908540976e-04
2.805590919770684601e-05 4.171348924780955984e-04
2.828148313671958498e-05 4.180806525983592854e-04
2.850887072581234305e-05 4.190285609604432445e-04
2.873808654701808562e-05 4.199786306893351718e-04
2.896914529961163007e-05 4.209308750272359144e-04
2.920206180105224428e-05 4.218853073345952632e-04
2.943685098793395668e-05 4.228419410911590749e-04
2.967352791694332682e-05 4.238007898970277249e-04
2.991210776582507995e-05 4.247618674737272445e-04
3.015260583435540543e-05 4.257251876652914631e-04
3.039503754532307497e-05 4.266907644393567816e-04
3.063941844551856710e-05 4.276586118882700098e-04
3.088576420673096396e-05 4.286287442302066670e-04
3.113409062675302698e-05 4.296011758103040275e-04
3.138441363039428224e-05 4.305759211018055500e-04
3.163674927050218980e-05 4.315529947072191852e-04
3.189111372899170209e-05 4.325324113594883682e-04
3.214752331788285215e-05 4.335141859231749916e-04
3.240599448034696135e-05 4.344983333956592376e-04
3.266654379176097171e-05 4.354848689083489518e-04
3.292918796077053329e-05 4.364738077279059296e-04
3.319394383036141277e-05 4.374651652574847258e-04
3.346082837893965019e-05 4.384589570379849623e-04
3.372985872142035541e-05 4.394551987493203866e-04
3.400105211032523244e-05 4.404539062116994232e-04
3.427442593688900775e-05 4.414550953869229638e-04
3.454999773217470161e-05 4.424587823796956006e-04
3.482778516819778311e-05 4.434649834389523654e-04
3.510780605905959513e-05 4.444737149592002667e-04
3.539007836208958162e-05 4.454849934818764698e-04
3.567462017899702205e-05 4.464988356967204632e-04
3.596144975703177823e-05 4.475152584431649812e-04
3.625058549015444664e-05 4.485342787117378239e-04
3.654204592021602458e-05 4.495559136454862267e-04
3.683584973814685981e-05 4.505801805414131581e-04
3.713201578515537842e-05 4.516070968519320474e-04
3.743056305393629253e-05 4.526366801863386437e-04
3.773151068988853210e-05 4.536689483122989747e-04
3.803487799234313098e-05 4.547039191573558456e-04
3.834068441580070814e-05 4.557416108104523603e-04
3.864894957117920142e-05 4.567820415234731144e-04
3.895969322707142687e-05 4.578252297128037121e-04
3.927293531101274147e-05 4.588711939609083881e-04
3.958869591075910743e-05 4.599199530179269840e-04
3.990699527557516502e-05 4.609715258032886197e-04
4.022785381753287641e-05 4.620259314073472132e-04
4.055129211282044224e-05 4.630831890930335874e-04
4.087733090306190447e-05 4.641433182975298038e-04
4.120599109664723880e-05 4.652063386339600837e-04
4.153729377007312650e-05 4.662722698931047699e-04
4.187126016929466996e-05 4.673411320451331522e-04
4.220791171108774010e-05 4.684129452413562976e-04
4.254726998442253180e-05 4.694877298160020514e-04
4.288935675184794779e-05 4.705655062880108558e-04
4.323419395088719719e-05 4.716462953628517340e-04
4.358180369544465630e-05 4.727301179343624529e-04
4.393220827722397792e-05 4.738169950866079534e-04
4.428543016715762545e-05 4.749069480957653446e-04
4.464149201684794699e-05 4.759999984320280341e-04
4.500041666001969456e-05 4.770961677615343064e-04
4.536222711398440853e-05 4.781954779483187784e-04
4.572694658111640302e-05 4.792979510562876536e-04
4.609459845034080629e-05 4.804036093512175027e-04
4.646520629863337823e-05 4.815124753027763245e-04
4.683879389253243710e-05 4.826245715865738815e-04
4.721538518966309194e-05 4.837399210862306279e-04
4.759500434027347568e-05 4.848585468954774843e-04
4.797767568878356866e-05 4.859804723202758325e-04
4.836342377534636161e-05 4.871057208809683012e-04
4.875227333742143963e-05 4.882343163144506402e-04
4.914424931136160364e-05 4.893662825763747106e-04
4.953937683401175683e-05 4.905016438433752735e-04
4.993768124432104559e-05 4.916404245153248049e-04
5.033918808496782779e-05 4.927826492176162840e-04
5.074392310399750253e-05 4.939283428034734651e-04
5.115191225647393970e-05 4.950775303562890677e-04
5.156318170614371683e-05 4.962302371919933251e-04
5.197775782711414554e-05 4.973864888614494204e-04
5.239566720554451174e-05 4.985463111528797139e-04
5.281693664135095643e-05 4.997097300943222206e-04
5.324159314992524787e-05 5.008767719561154925e-04
5.366966396386712657e-05 5.020474632534165701e-04
5.410117653473077204e-05 5.032218307487489658e-04
5.453615853478513376e-05 5.043999014545812220e-04
5.497463785878863463e-05 5.055817026359391876e-04
5.541664262577795545e-05 5.067672618130503875e-04
5.586220118087119188e-05 5.079566067640196164e-04
5.631134209708577693e-05 5.091497655275404200e-04
5.676409417717060639e-05 5.103467664056376930e-04
5.722048645545329572e-05 5.115476379664472481e-04
5.768054819970205339e-05 5.127524090470275860e-04
5.814430891300246867e-05 5.139611087562093953e-04
5.861179833564971549e-05 5.151737664774777960e-04
5.908304644705552174e-05 5.163904118718931797e-04
5.955808346767090021e-05 5.176110748810480462e-04
6.003693986092405833e-05 5.188357857300613524e-04
6.051964633517390682e-05 5.200645749306085329e-04
6.100623384567949945e-05 5.212974732839936948e-04
6.149673359658496322e-05 5.225345118842565076e-04
6.199117704292073908e-05 5.237757221213215934e-04
6.248959589262070618e-05 5.250211356841849976e-04
6.299202210855543368e-05 5.262707845641439184e-04
6.349848791058211562e-05 5.275247010580656846e-04
6.400902577761059949e-05 5.287829177716984758e-04
6.452366844968635549e-05 5.300454676230249764e-04
6.504244893009000685e-05 5.313123838456575545e-04
6.556540048745367901e-05 5.325836999922788691e-04
6.609255665789465521e-05 5.338594499381235691e-04
6.662395124716576956e-05 5.351396678845073704e-04
6.715961833282359456e-05 5.364243883624009125e-04
6.769959226641347435e-05 5.377136462360456804e-04
6.824390767567273198e-05 5.390074767066238125e-04
6.879259946675114258e-05 5.403059153159685659e-04
6.934570282644940420e-05 5.416089979503243288e-04
6.990325322447559300e-05 5.429167608441584593e-04
7.046528641571995490e-05 5.442292405840168162e-04
7.103183844254761371e-05 5.455464741124352356e-04
7.160294563711007659e-05 5.468684987318963263e-04
7.217864462367504902e-05 5.481953521088414518e-04
7.275897232097501999e-05 5.495270722777328021e-04
7.334396594457505110e-05 5.508636976451694589e-04
7.393366300925922755e-05 5.522052669940568032e-04
7.452810133143632654e-05 5.535518194878295915e-04
7.512731903156517758e-05 5.549033946747319521e-04
7.573135453659886069e-05 5.562600324921519171e-04
7.634024658244943683e-05 5.576217732710128747e-04
7.695403421647178726e-05 5.589886577402242195e-04
7.757275679996761915e-05 5.603607270311878382e-04
7.819645401070984055e-05 5.617380226823679139e-04
7.882516584548670863e-05 5.631205866439154819e-04
7.945893262266714681e-05 5.645084612823595555e-04
8.009779498478610622e-05 5.659016893853583167e-04
8.074179390115089280e-05 5.673003141665093965e-04
8.139097067046860933e-05 5.687043792702321451e-04
8.204536692349425145e-05 5.701139287767051974e-04
8.270502462570088079e-05 5.715290072068784141e-04
8.336998607997050633e-05 5.729496595275445628e-04
8.404029392930701574e-05 5.743759311564845078e-04
8.471599115957081786e-05 5.758078679676759343e-04
8.539712110223522342e-05 5.772455162965750390e-04
8.608372743716563471e-05 5.786889229454680438e-04
8.677585419542043280e-05 5.801381351888952424e-04
8.747354576207459233e-05 5.815932007791450864e-04
8.817684687906622728e-05 5.830541679518266591e-04
8.888580264806547116e-05 5.845210854315127311e-04
8.960045853336719623e-05 5.859940024374625045e-04
9.032086036480632468e-05 5.874729686894197096e-04
9.104705434069692454e-05 5.889580344134888717e-04
9.177908703079479215e-05 5.904492503480927856e-04
9.251700537928375147e-05 5.919466677500098955e-04
9.326085670778651066e-05 5.934503384004935315e-04
9.401068871839896447e-05 5.949603146114748478e-04
9.476654949674941976e-05 5.964766492318498937e-04
9.552848751508233750e-05 5.979993956538532046e-04
9.629655163536636096e-05 5.995286078195175873e-04
9.707079111242836471e-05 6.010643402272220501e-04
9.785125559711176264e-05 6.026066479383327583e-04
9.863799513946051162e-05 6.041555865839299665e-04
9.943106019192891908e-05 6.057112123716306860e-04
1.002305016126167939e-04 6.072735820925056777e-04
1.010363706685313230e-04 6.088427531280902289e-04
1.018487190388743990e-04 6.104187834574918573e-04
1.026675988183569998e-04 6.120017316645979784e-04
1.034930625205395064e-04 6.135916569453807182e-04
1.043251630811998723e-04 6.151886191153066756e-04
1.051639538617280299e-04 6.167926786168445889e-04
1.060094886525478358e-04 6.184038965270833741e-04
1.068618216765667990e-04 6.200223345654522948e-04
1.077210075926528460e-04 6.216480551015481429e-04
1.085871014991401565e-04 6.232811211630759352e-04
1.094601589373620361e-04 6.249215964438978137e-04
1.103402358952129811e-04 6.265695453121941606e-04
1.112273888107390005e-04 6.282250328187419155e-04
1.121216745757567103e-04 6.298881247053065170e-04
1.130231505395021203e-04 6.315588874131536487e-04
1.139318745123080997e-04 6.332373880916824160e-04
1.148479047693117108e-04 6.349236946071758333e-04
1.157713000541913865e-04 6.366178755516802229e-04
1.167021195829337602e-04 6.383200002520061532e-04
1.176404230476316127e-04 6.400301387788613237e-04
1.185862706203114850e-04 6.417483619561093269e-04
1.195397229567925034e-04 6.434747413701625250e-04
1.205008412005762792e-04 6.452093493795082839e-04
1.214696869867674798e-04 6.469522591243698651e-04
1.224463224460270591e-04 6.487035445365075051e-04
1.234308102085562538e-04 6.504632803491596817e-04
1.244232134081129564e-04 6.522315421071248932e-04
1.254235956860605590e-04 6.540084061769901305e-04
1.264320211954486606e-04 6.557939497575049565e-04
1.274485546051279665e-04 6.575882508901075918e-04
1.284732611038967652e-04 6.593913884696007283e-04
1.295062064046815576e-04 6.612034422549820578e-04
1.305474567487513514e-04 6.630244928804313606e-04
1.315970789099649412e-04 6.648546218664570795e-04
1.326551401990539141e-04 6.666939116312075838e-04
1.337217084679386957e-04 6.685424455019397518e-04
1.347968521140797244e-04 6.704003077266639530e-04
1.358806400848640522e-04 6.722675834859495993e-04
1.369731418820262334e-04 6.741443589049117601e-04
1.380744275661060486e-04 6.760307210653655014e-04
1.391845677609410050e-04 6.779267580181657336e-04
1.403036336581954015e-04 6.798325587957208555e-04
1.414316970219258493e-04 6.817482134246973273e-04
1.425688301931829786e-04 6.836738129389046542e-04
1.437151060946512278e-04 6.856094493923787798e-04
1.448705982353248173e-04 6.875552158726476243e-04
1.460353807152219149e-04 6.895112065142054410e-04
1.472095282301365857e-04 6.914775165121758238e-04
1.483931160764285801e-04 6.934542421361854832e-04
1.495862201558525605e-04 6.954414807444393590e-04
1.507889169804252198e-04 6.974393307980081280e-04
1.520012836773318931e-04 6.994478918753281073e-04
1.532233979938728231e-04 7.014672646869176721e-04
1.544553383024484575e-04 7.034975510903119242e-04
1.556971836055860540e-04 7.055388541052265601e-04
1.569490135410055067e-04 7.075912779289434589e-04
1.582109083867266430e-04 7.096549279519313250e-04
1.594829490662173137e-04 7.117299107737007358e-04
1.607652171535824115e-04 7.138163342188968453e-04
1.620577948787959872e-04 7.159143073536386372e-04
1.633607651329738056e-04 7.180239405021016878e-04
1.646742114736896229e-04 7.201453452633559344e-04
1.659982181303325819e-04 7.222786345284558460e-04
1.673328700095100892e-04 7.244239224977930790e-04
1.686782527004918389e-04 7.265813246987120515e-04
1.700344524806987211e-04 7.287509580033958104e-04
1.714015563212358852e-04 7.309329406470230564e-04
1.727796518924695508e-04 7.331273922462057608e-04
1.741688275696497883e-04 7.353344338177079161e-04
1.755691724385776168e-04 7.375541877974521425e-04
1.769807763013179634e-04 7.397867780598188113e-04
1.784037296819585656e-04 7.420323299372437583e-04
1.798381238324147898e-04 7.442909702401166467e-04
1.812840507382821817e-04 7.465628272769887601e-04
1.827416031247348514e-04 7.488480308750928302e-04
1.842108744624719702e-04 7.511467124011812942e-04
1.856919589737121340e-04 7.534590047826902458e-04
1.871849516382347825e-04 7.557850425292294075e-04
1.886899481994723851e-04 7.581249617544111308e-04
1.902070451706495459e-04 7.604789001980177777e-04
1.917363398409724156e-04 7.628469972485174555e-04
1.932779302818678690e-04 7.652293939659322256e-04
1.948319153532720939e-04 7.676262331050633407e-04
1.963983947099711682e-04 7.700376591390879289e-04
1.979774688079913476e-04 7.724638182835192116e-04
1.995692389110410696e-04 7.749048585205522630e-04
2.011738070970052700e-04 7.773609296237886986e-04
2.027912762644905765e-04 7.798321831833576398e-04
2.044217501394251721e-04 7.823187726314339294e-04
2.060653332817100503e-04 7.848208532681585871e-04
2.077221310919241280e-04 7.873385822879783082e-04
2.093922498180838935e-04 7.898721188063975024e-04
2.110757965624560995e-04 7.924216238871647708e-04
2.127728792884272136e-04 7.949872605698890538e-04
2.144836068274261578e-04 7.975691938981010597e-04
2.162080888859036702e-04 8.001675909477672403e-04
2.179464360523679367e-04 8.027826208562571786e-04
2.196987598044756258e-04 8.054144548517807624e-04
2.214651725161818766e-04 8.080632662833037074e-04
2.232457874649460960e-04 8.107292306509403463e-04
2.250407188389962488e-04 8.134125256368435241e-04
2.268500817446519120e-04 8.161133311365944198e-04
2.286739922137049534e-04 8.188318292911034605e-04
2.305125672108619564e-04 8.215682045190286168e-04
2.323659246412438902e-04 8.243226435497247404e-04
2.342341833579474715e-04 8.270953354567297990e-04
2.361174631696673495e-04 8.298864716918032949e-04
2.380158848483783561e-04 8.326962461195143743e-04
2.399295701370817238e-04 8.355248550524108520e-04
2.418586417576113140e-04 8.383724972867540818e-04
2.438032234185040308e-04 8.412393741388532811e-04
2.457634398229331446e-04 8.441256894819941081e-04
2.477394166767043918e-04 8.470316497839813297e-04
2.497312806963187257e-04 8.499574641453018714e-04
2.517391596170975984e-04 8.529033443379248347e-04
2.537631822013745419e-04 8.558695048447435795e-04
2.558034782467528859e-04 8.588561628996783026e-04
2.578601785944284182e-04 8.618635385284444247e-04
2.599334151375814897e-04 8.648918545900100962e-04
2.620233208298342791e-04 8.679413368187408702e-04
2.641300296937770125e-04 8.710122138672564797e-04
2.662536768295629226e-04 8.741047173500088264e-04
2.683943984235711861e-04 8.772190818875894198e-04
2.705523317571416364e-04 8.803555451517957589e-04
2.727276152153774004e-04 8.835143479114448365e-04
2.749203882960198531e-04 8.866957340789797387e-04
2.771307916183943145e-04 8.898999507578523151e-04
2.793589669324271431e-04 8.931272482907236633e-04
2.816050571277369874e-04 8.963778803084787410e-04
2.838692062427975956e-04 8.996521037800819928e-04
2.861515594741747843e-04 9.029501790632845108e-04
2.884522631858370788e-04 9.062723699561974714e-04
2.907714649185431151e-04 9.096189437497577629e-04
2.931093133993022798e-04 9.129901712810893806e-04
2.954659585509126531e-04 9.163863269877886705e-04
2.978415515015754426e-04 9.198076889631458903e-04
3.002362445945857454e-04 9.232545390123198924e-04
3.026501913981035404e-04 9.267271627094926002e-04
3.050835467150007376e-04 9.302258494560085907e-04
3.075364665927889465e-04 9.337508925395318756e-04
3.100091083336265537e-04 9.373025891942322408e-04
3.125016305044052726e-04 9.408812406620214184e-04
3.150141929469206102e-04 9.444871522548622944e-04
3.175469567881209387e-04 9.481206334181728349e-04
3.201000844504408639e-04 9.517819977953390423e-04
3.226737396622171550e-04 9.554715632933669751e-04
3.252680874681874545e-04 9.591896521496919362e-04
3.278832942400761023e-04 9.629365910001681404e-04
3.305195276872619262e-04 9.667127109482613048e-04
3.331769568675336905e-04 9.705183476354718080e-04
3.358557521979318463e-04 9.743538413130029474e-04
3.385560854656757715e-04 9.782195369147125667e-04
3.412781298391820298e-04 9.821157841313635575e-04
3.440220598791685525e-04 9.860429374862020747e-04
3.467880515498487004e-04 9.900013564118881858e-04
3.495762822302164534e-04 9.939914053288089867e-04
3.523869307254197457e-04 9.980134537248004211e-04
3.552201772782291557e-04 1.002067876236307836e-03
3.580762035805953934e-04 1.006155052731005223e-03
3.609551927853010041e-04 1.010275368391915429e-03
3.638573295177061268e-04 1.014429213803055840e-03
3.667827998875870061e-04 1.018616985036633390e-03
3.697317915010729498e-04 1.022839083741834427e-03
3.727044934726756061e-04 1.027095917235230698e-03
3.757010964374173914e-04 1.031387898592834185e-03
3.787217925630566285e-04 1.035715446743845245e-03
3.817667755624096129e-04 1.040078986566111844e-03
3.848362407057755695e-04 1.044478948983354298e-03
3.879303848334571280e-04 1.048915771064172237e-03
3.910494063683841765e-04 1.053389896122883208e-03
3.941935053288386000e-04 1.057901773822231099e-03
3.973628833412799050e-04 1.062451860277986932e-03
4.005577436532769858e-04 1.067040618165507283e-03
4.037782911465411027e-04 1.071668516828265093e-03
4.070247323500646771e-04 1.076336032388410099e-03
4.102972754533663934e-04 1.081043647859394885e-03
4.135961303198403298e-04 1.085791853260709497e-03
4.169215085002164907e-04 1.090581145734769494e-03
4.202736232461255859e-04 1.095412029666007533e-03
4.236526895237755896e-04 1.100285016802201882e-03
4.270589240277365044e-04 1.105200626378100189e-03
4.304925451948362551e-04 1.110159385241383384e-03
4.339537732181700984e-04 1.115161827981021783e-03
4.374428300612204592e-04 1.120208497058064554e-03
4.409599394720909869e-04 1.125299942938922651e-03
4.445053269978559716e-04 1.130436724231202424e-03
4.480792199990224619e-04 1.135619407822125067e-03
4.516818476641130562e-04 1.140848569019613191e-03
4.553134410243620997e-04 1.146124791696075118e-03
4.589742329685315785e-04 1.151448668434971231e-03
4.626644582578448659e-04 1.156820800680192097e-03
4.663843535410440140e-04 1.162241798888338567e-03
4.701341573695635425e-04 1.167712282683945049e-03
4.739141102128293986e-04 1.173232881017722933e-03
4.777244544736801066e-04 1.178804232327875998e-03
4.815654345039099989e-04 1.184426984704565859e-03
4.854372966199415750e-04 1.190101796057597711e-03
4.893402891186198877e-04 1.195829334287378844e-03
4.932746622931358411e-04 1.201610277459248593e-03
4.972406684490775870e-04 1.207445313981221797e-03
5.012385619206086640e-04 1.213335142785250051e-03
5.052685990867806327e-04 1.219280473512062779e-03
5.093310383879729418e-04 1.225282026699660342e-03
5.134261403424663674e-04 1.231340533975564325e-03
5.175541675631500265e-04 1.237456738252879461e-03
5.217153847743612053e-04 1.243631393930267346e-03
5.259100588288634229e-04 1.249865267095924548e-03
5.301384587249587197e-04 1.256159135735640357e-03
5.344008556237375305e-04 1.262513789945024587e-03
5.386975228664687455e-04 1.268930032146021233e-03
5.430287359921272478e-04 1.275408677307770427e-03
5.473947727550655413e-04 1.281950553171951621e-03
5.517959131428249158e-04 1.288556500482678033e-03
5.562324393940904855e-04 1.295227373221065304e-03
5.607046360167917270e-04 1.301964038844573464e-03
5.652127898063450491e-04 1.308767378531226939e-03
5.697571898640487994e-04 1.315638287428832738e-03
5.743381276156209539e-04 1.322577674909302184e-03
5.789558968298881602e-04 1.329586464828198507e-03
5.836107936376257015e-04 1.336665595789624135e-03
5.883031165505450211e-04 1.343816021416571922e-03
5.930331664804406244e-04 1.351038710626881276e-03
5.978012467584846489e-04 1.358334647914899787e-03
6.026076631546802703e-04 1.365704833639000849e-03
6.074527238974694989e-04 1.373150284315102776e-03
6.123367396934988353e-04 1.380672032916290676e-03
6.172600237475462564e-04 1.388271129178740571e-03
6.222228917826055179e-04 1.395948639914034242e-03
6.272256620601327631e-04 1.403705649328054750e-03
6.322686554004573875e-04 1.411543259346600531e-03
6.373521952033527147e-04 1.419462589947874213e-03
6.424766074687794952e-04 1.427464779502025678e-03
6.476422208177887814e-04 1.435550985117889453e-03
6.528493665135967584e-04 1.443722382997108134e-03
6.580983784828288181e-04 1.451980168795810947e-03
6.633895933369314676e-04 1.460325557994021813e-03
6.687233503937619391e-04 1.468759786272991414e-03
6.740999916993459587e-04 1.477284109900637568e-03
6.795198620498137587e-04 1.485899806125280621e-03
6.849833090135110797e-04 1.494608173577892862e-03
6.904906829532863558e-04 1.503410532683046707e-03
6.960423370489622142e-04 1.512308226078785435e-03
7.016386273199826150e-04 1.521302619045627677e-03
7.072799126482437644e-04 1.530395099944928134e-03
7.129665548011097746e-04 1.539587080666822427e-03
7.186989184546093866e-04 1.548879997087982243e-03
7.244773712168262221e-04 1.558275309539444882e-03
7.303022836514700983e-04 1.567774503284739265e-03
7.361740293016419802e-04 1.577379089008559701e-03
7.420929847137886686e-04 1.587090603316286888e-03
7.480595294618476573e-04 1.596910609244564733e-03
7.540740461715934352e-04 1.606840696783258917e-03
7.601369205451708128e-04 1.616882483409053930e-03
7.662485413858311032e-04 1.627037614630987613e-03
7.724093006228658449e-04 1.637307764548212889e-03
7.786195933367374153e-04 1.647694636420296132e-03
7.848798177844205221e-04 1.658199963250385229e-03
7.911903754249367902e-04 1.668825508381542458e-03
7.975516709451036966e-04 1.679573066106586745e-03
8.039641122854816963e-04 1.690444462291798523e-03
8.104281106665403578e-04 1.701441555014821796e-03
8.169440806150259429e-04 1.712566235217135267e-03
8.235124399905446348e-04 1.723820427371459876e-03
8.301336100123614132e-04 1.735206090164491313e-03
8.368080152864079647e-04 1.746725217195330485e-03
8.435360838325168652e-04 1.758379837690057313e-03
8.503182471118669655e-04 1.770172017232813245e-03
8.571549400546535314e-04 1.782103858513857386e-03
8.640466010879794536e-04 1.794177502095025377e-03
8.709936721639688264e-04 1.806395127193021009e-03
8.779965987881127630e-04 1.818758952481066855e-03
8.850558300478361716e-04 1.831271236909308127e-03
8.921718186412974172e-04 1.843934280544537452e-03
8.993450209064208709e-04 1.856750425429708716e-03
9.065758968501571409e-04 1.869722056463760411e-03
9.138649101779875751e-04 1.882851602302321355e-03
9.212125283236582887e-04 1.896141536279801658e-03
9.286192224791562939e-04 1.909594377353471088e-03
9.360854676249277329e-04 1.923212691070116161e-03
9.436117425603336587e-04 1.936999090555835412e-03
9.511985299343602785e-04 1.950956237529660438e-03
9.588463162765668542e-04 1.965086843341581034e-03
9.665555920282870896e-04 1.979393670035664403e-03
9.743268515740816180e-04 1.993879531438946286e-03
9.821605932734381230e-04 2.008547294276773372e-03
9.900573194927357861e-04 2.023399879315347909e-03
9.980175366374581265e-04 2.038440262532187266e-03
1.006041755184668542e-03 2.053671476315264977e-03
1.014130489715747360e-03 2.069096610691645993e-03
1.022284258949388448e-03 2.084718814586386353e-03
1.030503585774867519e-03 2.100541297112579371e-03
1.038788997285572824e-03 2.116567328893360651e-03
1.047141024812805370e-03 2.132800243416799971e-03
1.055560203959855824e-03 2.149243438424560011e-03
1.064047074636346405e-03 2.165900377335302877e-03
1.072602181092861167e-03 2.182774590703776430e-03
1.081226071955843212e-03 2.199869677716616463e-03
1.089919300262779441e-03 2.217189307725864374e-03
1.098682423497666320e-03 2.234737221821302740e-03
1.107516003626756243e-03 2.252517234442667857e-03
1.116420607134602705e-03 2.270533235032923172e-03
1.125396805060382803e-03 2.288789189733691273e-03
1.134445173034519206e-03 2.307289143124121623e-03
1.143566291315594634e-03 2.326037220004397929e-03
1.152760744827559941e-03 2.345037627225167974e-03
1.162029123197249464e-03 2.364294655564242939e-03
1.171372020792189319e-03 2.383812681651905838e-03
1.180790036758714917e-03 2.403596169946266292e-03
1.190283775060393132e-03 2.423649674760081519e-03
1.199853844516750442e-03 2.443977842340579621e-03
1.209500858842321985e-03 2.464585413003829092e-03
1.219225436686002676e-03 2.485477223325241805e-03
1.229028201670722938e-03 2.506658208387858335e-03
1.238909782433441015e-03 2.528133404090161622e-03
1.248870812665452091e-03 2.549907949515117702e-03
1.258911931153032428e-03 2.571987089362346053e-03
1.269033781818400307e-03 2.594376176445211540e-03
1.279237013761010903e-03 2.617080674254867578e-03
1.289522281299178372e-03 2.640106159593154367e-03
1.299890244012042720e-03 2.663458325276557917e-03
1.310341566781863436e-03 2.687142982913248192e-03
1.320876919836657705e-03 2.711166065755478416e-03
1.331496978793183595e-03 2.735533631629627135e-03
1.342202424700261092e-03 2.760251865946222738e-03
1.352993944082452873e-03 2.785327084792444535e-03
1.363872228984087465e-03 2.810765738109555906e-03
1.374837977013638243e-03 2.836574412957964392e-03
1.385891891388462381e-03 2.862759836872558541e-03
1.397034680979891740e-03 2.889328881311105726e-03
1.408267060358699314e-03 2.916288565198690320e-03
1.419589749840919138e-03 2.943646058571060178e-03
1.431003475534039148e-03 2.971408686320066786e-03
1.442508969383567673e-03 2.999583932044376684e-03
1.454106969219967019e-03 3.028179442008719323e-03
1.465798218805976520e-03 3.057203029215202830e-03
1.477583467884303545e-03 3.086662677590127669e-03
1.489463472225705919e-03 3.116566546290049956e-03
1.501438993677458580e-03 3.146922974130872668e-03
1.513510800212204905e-03 3.177740484143873508e-03
1.525679665977213969e-03 3.209027788262800232e-03
1.537946371344018574e-03 3.240793792146206762e-03
1.550311702958463754e-03 3.273047600139398095e-03
1.562776453791150802e-03 3.305798520380566312e-03
1.575341423188286565e-03 3.339056070055700792e-03
1.588007416922952112e-03 3.372829980807271703e-03
1.600775247246769093e-03 3.407130204301583865e-03
1.613645732941990877e-03 3.441966917960101891e-03
1.626619699374010465e-03 3.477350530860114260e-03
1.639697978544285605e-03 3.513291689810329067e-03
1.652881409143699748e-03 3.549801285607289553e-03
1.666170836606343901e-03 3.586890459478482736e-03
1.679567113163731073e-03 3.624570609718530574e-03
1.693071097899452636e-03 3.662853398524837899e-03
1.706683656804262525e-03 3.701750759039453866e-03
1.720405662831621775e-03 3.741274902604113575e-03
1.734237995953674151e-03 3.781438326235652021e-03
1.748181543217677348e-03 3.822253820329304767e-03
1.762237198802891081e-03 3.863734476597669061e-03
1.776405864077913385e-03 3.905893696253398377e-03
1.790688447658491788e-03 3.948745198443990440e-03
1.805085865465786603e-03 3.992303028947383550e-03
1.819599040785109100e-03 4.036581569137337108e-03
1.834228904325131953e-03 4.081595545228061846e-03
1.848976394277567197e-03 4.127360037807690195e-03
1.863842456377341620e-03 4.173890491670857218e-03
1.878828043963238137e-03 4.221202725960725849e-03
1.893934118039033955e-03 4.269312944631457191e-03
1.909161647335130742e-03 4.318237747242452754e-03
1.924511608370669223e-03 4.367994140096049388e-03
1.939984985516164618e-03 4.418599547731058910e-03
1.955582771056623911e-03 4.470071824784689271e-03
1.971305965255182226e-03 4.522429268236141317e-03
1.987155576417250734e-03 4.575690630045699085e-03
2.003132620955168711e-03 4.629875130203421271e-03
2.019238123453397267e-03 4.685002470202460911e-03
2.035473116734216794e-03 4.741092846952365582e-03
2.051838641923960874e-03 4.798166967148450278e-03
2.068335748519786223e-03 4.856246062114002136e-03
2.084965494456965645e-03 4.915351903132650357e-03
2.101728946176745216e-03 4.975506817289055209e-03
2.118627178694724045e-03 5.036733703836798574e-03
2.135661275669797823e-03 5.099056051112943987e-03
2.152832329473650542e-03 5.162497954019906743e-03
2.170141441260803068e-03 5.227084132095669369e-03
2.187589721039238065e-03 5.292839948194716024e-03
2.205178287741575271e-03 5.359791427802552966e-03
2.222908269296830497e-03 5.427965279008004074e-03
2.240780802702742758e-03 5.497388913158172963e-03
2.258797034098696411e-03 5.568090466222306786e-03
2.276958118839217480e-03 5.640098820891651168e-03
2.295265221568062401e-03 5.713443629443695423e-03
2.313719516292911307e-03 5.788155337400251524e-03
2.332322186460644622e-03 5.864265208010328162e-03
2.351074425033248486e-03 5.941805347589825502e-03
2.369977434564309558e-03 6.020808731751569817e-03
2.389032427276135181e-03 6.101309232560678253e-03
2.408240625137494147e-03 6.183341646651629997e-03
2.427603259941970258e-03 6.266941724345275432e-03
2.447121573386968132e-03 6.352146199805288121e-03
2.466796817153334414e-03 6.438992822275705144e-03
2.486630252985626462e-03 6.527520388442712221e-03
2.506623152773029828e-03 6.617768775965900477e-03
2.526776798630913246e-03 6.709778978226194936e-03
2.547092482983061464e-03 6.803593140339837114e-03
2.567571508644549052e-03 6.899254596489759993e-03
2.588215188905288594e-03 6.996807908628265363e-03
2.609024847614254111e-03 7.096298906607288390e-03
2.630001819264366283e-03 7.197774729794845748e-03
2.651147449078088050e-03 7.301283870239613435e-03
2.672463093093679822e-03 7.406876217446836316e-03
2.693950118252164214e-03 7.514603104834064948e-03
2.715609902484987688e-03 7.624517357936114702e-03
2.737443834802375225e-03 7.736673344432985940e-03
2.759453315382421387e-03 7.851127026077832013e-03
2.781639755660871363e-03 7.967936012605238150e-03
2.804004578421636241e-03 8.087159617704234998e-03
2.826549217888036421e-03 8.208858917144217643e-03
2.849275119814767554e-03 8.333096809146038272e-03
2.872183741580627142e-03 8.459938077095297340e-03
2.895276552281968434e-03 8.589449454698642322e-03
2.918555032826908487e-03 8.721699693689837635e-03
2.942020676030303837e-03 8.856759634196270659e-03
2.965674986709470381e-03 8.994702277882783009e-03
2.989519481780699914e-03 9.135602863995173628e-03
3.013555690356526946e-03 9.279538948430874137e-03
3.037785153843795220e-03 9.426590485971875905e-03
3.062209426042502257e-03 9.576839915820405807e-03
3.086830073245437102e-03 9.730372250585055463e-03
3.111648674338636424e-03 9.887275168873069231e-03
3.136666820902629486e-03 1.004763911165081763e-02
3.161886117314501032e-03 1.021155738254389544e-02
3.187308180850786845e-03 1.037912625225593036e-02
3.212934641791171178e-03 1.055044506729468402e-02
3.238767143523052852e-03 1.072561636320310680e-02
3.264807342646922333e-03 1.090474598250339502e-02
3.291056909082600099e-03 1.108794319757235025e-02
3.317517526176326764e-03 1.127532083867762921e-02
3.344190890808706670e-03 1.146699542741602858e-02
3.371078713503536644e-03 1.166308731580794830e-02
3.398182718537496021e-03 1.186372083131419577e-02
3.425504644050718361e-03 1.206902442805631373e-02
3.453046242158262173e-03 1.227913084453537487e-02
3.480809279062459412e-03 1.249417726815996860e-02
3.508795535166194662e-03 1.271430550691081580e-02
3.537006805187071622e-03 1.293966216848553910e-02
3.565444898272508972e-03 1.317039884728693488e-02
3.594111638115746535e-03 1.340667231963585740e-02
3.623008863072816384e-03 1.364864474761181591e-02
3.652138426280418602e-03 1.389648389194434938e-02
3.681502195774766315e-03 1.415036333440257768e-02
3.711102054611381366e-03 1.441046271015335167e-02
3.740939900985839738e-03 1.467696795058523462e-02
3.771017648355517483e-03 1.495007153712171397e-02
