2.497382406435652939e-25 9.768325619515944397e-18
1.592405960127358361e-24 3.089015920155193588e-17
1.015365822756892167e-23 9.768326876420302874e-17
6.474277161963938908e-23 3.089016721595150065e-16
4.128193389070159467e-22 9.768331986641967382e-16
2.632259977636328568e-21 3.089019980025807047e-15
1.678407946733001633e-20 9.768352763373603653e-15
1.070203270037972128e-19 3.089033227893325649e-14
6.823937180644061677e-19 9.768437235752100315e-14
4.351147109064984495e-18 3.089087090016611440e-13
1.915297948882004416e-17 7.759322488683919743e-13
8.060281057525431301e-17 1.949163039787816667e-12
3.231548868885900942e-16 4.896382250613372468e-12
4.345363206717196250e-16 6.163781780305984805e-12
1.185699981296668146e-15 1.229732179640797847e-11
3.167099671296256822e-15 2.454290871984140256e-11
8.312293945536222779e-15 4.898397135859626299e-11
2.151611673377367987e-14 9.773430848120292535e-11
5.516190296262407946e-14 1.950308160666369755e-10
7.219962673568143336e-14 2.455395918119563429e-10
1.345996703506809824e-13 3.892770603306517574e-10
2.502777173064534741e-13 6.169465998965407740e-10
3.411676113431318569e-13 7.768626451909397954e-10
4.161104603351930561e-13 9.006720410829545173e-10
5.668224300832851639e-13 1.192414995932578561e-09
1.051017683769589897e-12 1.890432911212288601e-09
1.946696275912857264e-12 3.094630240399093478e-09
3.604197434436283020e-12 4.906521065391501087e-09
4.678350727597027810e-12 5.964785761620009416e-09
6.363945126095426008e-12 7.510858710852283575e-09
8.659328086403540721e-12 9.798092857573101657e-09
1.177437263656969924e-11 1.233578754396143564e-08
1.601314678573479096e-11 1.553407705195085344e-08
2.068158225216417963e-11 1.881943995759334440e-08
2.812629084553211013e-11 2.462793118627416045e-08
3.823985723652250255e-11 3.101071367919697201e-08
4.915490723856361436e-11 3.744047090307774978e-08
6.683712298751739095e-11 4.918310976261355027e-08
9.088989403667837668e-11 6.194746997419662658e-08
1.198094057756214983e-10 7.622496704508910767e-08
1.235276287134856064e-10 8.111821537560480725e-08
1.679810496150610554e-10 1.052041443179145334e-07
2.145827771029579730e-10 1.264403182978826954e-07
2.389577941400671919e-10 1.370814666799720085e-07
2.718434103460653354e-10 1.558050328926489486e-07
3.695913600236930604e-10 2.029070399259184632e-07
4.805596579248377059e-10 2.471473550088626382e-07
6.228436556804378813e-10 3.112918511513913844e-07
6.449051117784316288e-10 3.195404339442749206e-07
6.519284217721749412e-10 3.221516175955882510e-07
6.901021772675798839e-10 3.362246542759246589e-07
7.517420508597271333e-10 3.585491157042282318e-07
7.842145311837404764e-10 3.701260768930860222e-07
8.123077711587138292e-10 3.800461204279264704e-07
8.948523203792971162e-10 4.248355205313744057e-07
1.780367769825735293e-09 1.571243743291283042e-06
2.831798589477310162e-09 2.360915204371286954e-06
4.352717025416528164e-09 3.331634749736530039e-06
6.442936706730940560e-09 4.497300351158025239e-06
9.210451352971400048e-09 5.875749191388290656e-06
1.726412223638507203e-08 9.359364509061765243e-06
2.961440629244172500e-08 1.399035730184682620e-05
4.760234259406434222e-08 2.000744564924680080e-05
7.280858902572716169e-08 2.762541866450402925e-05
1.069774052811704485e-07 3.692082460755834189e-05
1.786399553702715184e-07 5.352425790188030335e-05
3.179080611873818725e-07 7.810458603098302793e-05
4.169532575344421554e-07 9.195064971249766836e-05
4.437988271458211392e-07 9.546604737380116803e-05
8.192319285407806845e-07 1.258634192745901824e-04
1.149078257015342248e-06 1.505548103804461065e-04
1.158317027601683528e-06 1.510480994075690984e-04
1.167630079362023155e-06 1.515425595613346932e-04
1.177018009528726560e-06 1.520381883147496279e-04
1.186481420136001446e-06 1.525349831204229206e-04
1.196020918058505764e-06 1.530329414107833071e-04
1.205637115050265693e-06 1.535320605982986837e-04
1.215330627783906403e-06 1.540323380756978265e-04
1.225102077890197689e-06 1.545337712161940619e-04
1.234952091997919577e-06 1.550363573737108085e-04
1.244881301774045993e-06 1.555400938831091775e-04
1.254890343964253052e-06 1.560449780604175802e-04
1.264979860433753036e-06 1.565510072030632048e-04
1.275150498208455536e-06 1.570581785901053367e-04
1.285402909516460208e-06 1.575664894824707390e-04
1.295737751829884953e-06 1.580759371231906321e-04
1.306155687907025501e-06 1.585865187376396784e-04
1.316657385834859736e-06 1.590982315337768926e-04
1.327243519071891258e-06 1.596110727023879064e-04
1.337914766491334720e-06 1.601250394173293749e-04
1.348671812424653113e-06 1.606401288357752258e-04
1.359515346705443389e-06 1.611563380984638578e-04
1.370446064713672118e-06 1.616736643299480762e-04
1.381464667420271781e-06 1.621921046388457601e-04
1.392571861432090680e-06 1.627116561180927802e-04
1.403768359037208575e-06 1.632323158451971356e-04
1.415054878250613354e-06 1.637540808824949066e-04
1.426432142860247439e-06 1.642769482774075361e-04
1.437900882473421592e-06 1.648009150627009268e-04
1.449461832563605227e-06 1.653259782567455954e-04
1.461115734517590474e-06 1.658521348637789685e-04
1.472863335683035718e-06 1.663793818741681927e-04
1.484705389416393682e-06 1.669077162646753580e-04
1.496642655131220898e-06 1.674371349987233712e-04
1.508675898346878921e-06 1.679676350266635096e-04
1.520805890737626033e-06 1.684992132860441952e-04
1.533033410182103447e-06 1.690318667018813400e-04
1.545359240813219192e-06 1.695655921869295595e-04
1.557784173068434135e-06 1.701003866419548767e-04
1.570309003740450124e-06 1.706362469560086456e-04
1.582934536028309155e-06 1.711731700067027216e-04
1.595661579588900179e-06 1.717111526604856895e-04
1.608490950588880523e-06 1.722501917729202020e-04
1.621423471757017447e-06 1.727902841889616199e-04
1.634459972436946436e-06 1.733314267432376008e-04
1.647601288640357037e-06 1.738736162603287446e-04
1.660848263100605172e-06 1.744168495550503777e-04
1.674201745326755109e-06 1.749611234327351776e-04
1.687662591658058932e-06 1.755064346895171524e-04
1.701231665318871375e-06 1.760527801126158642e-04
1.714909836474006396e-06 1.766001564806224963e-04
1.728697982284542031e-06 1.771485605637858926e-04
1.742596986964068044e-06 1.776979891243003317e-04
1.756607741835392242e-06 1.782484389165933832e-04
1.770731145387698467e-06 1.787999066876152534e-04
1.784968103334164532e-06 1.793523891771281594e-04
1.799319528670046660e-06 1.799058831179974375e-04
1.813786341731225550e-06 1.804603852364824340e-04
1.828369470253228483e-06 1.810158922525286981e-04
1.843069849430723222e-06 1.815724008800607167e-04
1.857888421977488579e-06 1.821299078272750822e-04
1.872826138186873509e-06 1.826884097969347451e-04
1.887883955992733296e-06 1.832479034866634025e-04
1.903062841030863794e-06 1.838083855892406711e-04
1.918363766700925041e-06 1.843698527928979672e-04
1.933787714228862928e-06 1.849323017816145471e-04
1.949335672729836549e-06 1.854957292354142808e-04
1.965008639271646355e-06 1.860601318306630216e-04
1.980807618938673920e-06 1.866255062403659754e-04
1.996733624896340724e-06 1.871918491344659922e-04
2.012787678456075157e-06 1.877591571801419379e-04
2.028970809140813152e-06 1.883274270421075012e-04
2.045284054751016359e-06 1.888966553829103787e-04
2.061728461431225640e-06 1.894668388632318669e-04
2.078305083737149888e-06 1.900379741421863737e-04
2.095014984703292718e-06 1.906100578776218502e-04
2.111859235911122097e-06 1.911830867264196273e-04
2.128838917557790134e-06 1.917570573447953354e-04
2.145955118525405543e-06 1.923319663885993103e-04
2.163208936450859237e-06 1.929078105136175405e-04
2.180601477796219112e-06 1.934845863758728312e-04
2.198133857919679223e-06 1.940622906319256706e-04
2.215807201147091716e-06 1.946409199391756922e-04
2.233622640844065851e-06 1.952204709561627038e-04
2.251581319488648506e-06 1.958009403428684478e-04
2.269684388744591686e-06 1.963823247610175214e-04
2.287933009535204898e-06 1.969646208743791919e-04
2.306328352117803844e-06 1.975478253490681809e-04
2.324871596158759231e-06 1.981319348538467505e-04
2.343563930809144017e-06 1.987169460604252169e-04
2.362406554780994748e-06 1.993028556437637382e-04
2.381400676424181494e-06 1.998896602823729634e-04
2.400547513803898658e-06 2.004773566586150343e-04
2.419848294778774968e-06 2.010659414590045327e-04
2.439304257079619160e-06 2.016554113745090216e-04
2.458916648388789091e-06 2.022457631008493686e-04
2.478686726420207544e-06 2.028369933388000435e-04
2.498615759000013749e-06 2.034290987944891165e-04
2.518705024147870070e-06 2.040220761796979047e-04
2.538955810158919223e-06 2.046159222121604832e-04
2.559369415686400054e-06 2.052106336158627891e-04
2.579947149824928244e-06 2.058062071213414277e-04
2.600690332194447017e-06 2.064026394659823703e-04
2.621600293024850809e-06 2.069999273943188927e-04
2.642678373241295465e-06 2.075980676583294871e-04
2.663925924550184365e-06 2.081970570177352046e-04
2.685344309525853774e-06 2.087968922402966721e-04
2.706934901697954881e-06 2.093975701021107572e-04
2.728699085639530825e-06 2.099990873879065557e-04
2.750638257055813273e-06 2.106014408913411615e-04
2.772753822873723317e-06 2.112046274152948138e-04
2.795047201332096567e-06 2.118086437721658001e-04
2.817519822072633323e-06 2.124134867841643291e-04
2.840173126231577601e-06 2.130191532836064850e-04
2.863008566532137754e-06 2.136256401132072334e-04
2.886027607377644416e-06 2.142329441263731826e-04
2.909231724945464018e-06 2.148410621874943154e-04
2.932622407281661068e-06 2.154499911722357211e-04
2.956201154396426579e-06 2.160597279678282969e-04
2.979969478360266281e-06 2.166702694733590160e-04
3.003928903400977003e-06 2.172816126000604096e-04
3.028080966001384109e-06 2.178937542715997779e-04
3.052427214997878956e-06 2.185066914243672623e-04
3.076969211679740288e-06 2.191204210077635933e-04
3.101708529889261996e-06 2.197349399844871322e-04
3.126646756122675405e-06 2.203502453308198844e-04
3.151785489631892749e-06 2.209663340369135386e-04
3.177126342527066344e-06 2.215832031070737716e-04
3.202670939879966848e-06 2.222008495600449060e-04
3.228420919828197950e-06 2.228192704292928869e-04
3.254377933680248370e-06 2.234384627632882581e-04
3.280543646021388757e-06 2.240584236257878116e-04
3.306919734820419022e-06 2.246791500961160186e-04
3.333507891537270744e-06 2.253006392694450793e-04
3.360309821231480748e-06 2.259228882570746473e-04
3.387327242671536283e-06 2.265458941867106585e-04
3.414561888445089679e-06 2.271696542027432401e-04
3.442015505070077636e-06 2.277941654665238593e-04
3.469689853106712531e-06 2.284194251566417407e-04
3.497586707270389791e-06 2.290454304691992809e-04
3.525707856545496089e-06 2.296721786180870020e-04
3.554055104300137413e-06 2.302996668352570687e-04
3.582630268401780244e-06 2.309278923709964532e-04
3.611435181333837165e-06 2.315568524941992326e-04
3.640471690313172780e-06 2.321865444926375307e-04
3.669741657408568049e-06 2.328169656732325147e-04
3.699246959660132449e-06 2.334481133623231687e-04
3.728989489199669899e-06 2.340799849059358535e-04
3.758971153372028937e-06 2.347125776700514270e-04
3.789193874857407918e-06 2.353458890408726626e-04
3.819659591794657185e-06 2.359799164250900956e-04
3.850370257905570984e-06 2.366146572501469478e-04
3.881327842620174225e-06 2.372501089645039443e-04
3.912534331203020606e-06 2.378862690379022322e-04
3.943991724880505044e-06 2.385231349616262183e-04
3.975702040969196797e-06 2.391607042487647265e-04
4.007667313005210192e-06 2.397989744344719923e-04
4.039889590874609582e-06 2.404379430762276272e-04
4.072370940944868011e-06 2.410776077540948759e-04
4.105113446197380439e-06 2.417179660709793069e-04
4.138119206361038296e-06 2.423590156528854158e-04
4.171390338046887391e-06 2.430007541491729581e-04
4.204928974883857318e-06 2.436431792328123329e-04
4.238737267655592009e-06 2.442862886006386927e-04
4.272817384438379726e-06 2.449300799736058368e-04
4.307171510740179972e-06 2.455745510970383690e-04
4.341801849640782031e-06 2.462196997408835583e-04
4.376710621933083286e-06 2.468655236999622773e-04
4.411900066265508494e-06 2.475120207942186398e-04
4.447372439285570858e-06 2.481591888689692045e-04
4.483130015784581676e-06 2.488070257951510949e-04
4.519175088843537369e-06 2.494555294695691432e-04
4.555509969980162704e-06 2.501046978151424374e-04
4.592136989297155961e-06 2.507545287811494602e-04
4.629058495631603002e-06 2.514050203434734431e-04
4.666276856705616154e-06 2.520561705048453369e-04
4.703794459278163169e-06 2.527079772950873229e-04
4.741613709298133701e-06 2.533604387713544277e-04
4.779737032058622122e-06 2.540135530183761374e-04
4.818166872352466490e-06 2.546673181486966571e-04
4.856905694629025026e-06 2.553217323029144110e-04
4.895955983152213834e-06 2.559767936499207836e-04
4.935320242159827013e-06 2.566325003871383192e-04
4.975000996024123948e-06 2.572888507407570234e-04
5.015000789413715089e-06 2.579458429659717495e-04
5.055322187456750473e-06 2.586034753472172534e-04
5.095967775905414368e-06 2.592617461984023813e-04
5.136940161301747223e-06 2.599206538631451788e-04
5.178241971144796605e-06 2.605801967150051272e-04
5.219875854059119156e-06 2.612403731577159216e-04
5.261844479964630185e-06 2.619011816254172734e-04
5.304150540247824601e-06 2.625626205828858451e-04
5.346796747934368343e-06 2.632246885257655353e-04
5.389785837863080645e-06 2.638873839807966788e-04
5.433120566861320676e-06 2.645507055060454635e-04
5.476803713921766706e-06 2.652146516911317218e-04
5.520838080380647083e-06 2.658792211574565042e-04
5.565226490097369664e-06 2.665444125584287322e-04
5.609971789635617460e-06 2.672102245796918502e-04
5.655076848445896090e-06 2.678766559393489064e-04
5.700544559049546614e-06 2.685437053881875786e-04
5.746377837224238967e-06 2.692113717099044960e-04
5.792579622190954484e-06 2.698796537213291806e-04
5.839152876802474444e-06 2.705485502726469598e-04
5.886100587733387355e-06 2.712180602476215526e-04
5.933425765671613261e-06 2.718881825638170603e-04
5.981131445511478977e-06 2.725589161728197399e-04
6.029220686548345082e-06 2.732302600604587478e-04
6.077696572674784681e-06 2.739022132470266121e-04
6.126562212578356280e-06 2.745747747874992717e-04
6.175820739940956377e-06 2.752479437717556812e-04
6.225475313639778030e-06 2.759217193247968740e-04
6.275529117949888104e-06 2.765961006069645920e-04
6.325985362748426586e-06 2.772710868141594264e-04
6.376847283720451682e-06 2.779466771780588516e-04
6.428118142566438329e-06 2.786228709663346069e-04
6.479801227211453827e-06 2.792996674828695917e-04
6.531899852015994501e-06 2.799770660679752480e-04
6.584417357988546082e-06 2.806550660986070994e-04
6.637357112999825445e-06 2.813336669885817547e-04
6.690722511998760454e-06 2.820128681887923384e-04
6.744516977230209617e-06 2.826926691874241389e-04
6.798743958454414775e-06 2.833730695101700932e-04
6.853406933168238480e-06 2.840540687204460017e-04
6.908509406828164901e-06 2.847356664196052539e-04
6.964054913075103216e-06 2.854178622471537172e-04
7.020047013960990949e-06 2.861006558809644639e-04
7.076489300177228589e-06 2.867840470374924964e-04
7.133385391284940417e-06 2.874680354719886068e-04
7.190738935947094566e-06 2.881526209787140490e-04
7.248553612162485708e-06 2.888378033911548305e-04
7.306833127501596464e-06 2.895235825822357889e-04
7.365581219344364630e-06 2.902099584645348842e-04
7.424801655119852000e-06 2.908969309904975995e-04
7.484498232547845264e-06 2.915845001526508004e-04
7.544674779882395771e-06 2.922726659838175149e-04
7.605335156157323557e-06 2.929614285573309013e-04
7.666483251433689033e-06 2.936507879872494076e-04
7.728122987049255199e-06 2.943407444285706847e-04
7.790258315869967489e-06 2.950312980774469091e-04
7.852893222543429232e-06 2.957224491714001056e-04
7.916031723754442170e-06 2.964141979895362224e-04
7.979677868482590872e-06 2.971065448527621892e-04
8.043835738261890524e-06 2.977994901240003716e-04
8.108509447442537046e-06 2.984930342084054665e-04
8.173703143454751080e-06 2.991871775535806370e-04
8.239421007074746334e-06 2.998819206497938656e-04
8.305667252692835843e-06 3.005772640301960954e-04
8.372446128583698155e-06 3.012732082710378539e-04
8.439761917178810233e-06 3.019697539918876107e-04
8.507618935341077561e-06 3.026669018558502452e-04
8.576021534641656369e-06 3.033646525697861630e-04
8.644974101639030660e-06 3.040630068845309557e-04
8.714481058160305073e-06 3.047619655951147350e-04
8.784546861584764413e-06 3.054615295409839060e-04
8.855176005129740494e-06 3.061616996062217484e-04
8.926373018138727004e-06 3.068624767197706779e-04
8.998142466371867763e-06 3.075638618556549410e-04
9.070488952298733662e-06 3.082658560332038528e-04
9.143417115393467903e-06 3.089684603172763349e-04
9.216931632432336818e-06 3.096716758184854534e-04
9.291037217793610020e-06 3.103755036934245843e-04
9.365738623759910515e-06 3.110799451448937399e-04
9.441040640822966987e-06 3.117850014221276852e-04
9.516948097990805542e-06 3.124906738210233496e-04
9.593465863097453759e-06 3.131969636843708158e-04
9.670598843115077404e-06 3.139038724020821406e-04
9.748351984468688755e-06 3.146114014114241879e-04
9.826730273353335022e-06 3.153195521972502135e-04
9.905738736053844819e-06 3.160283262922341076e-04
9.985382439267191960e-06 3.167377252771051786e-04
1.006566649042736987e-05 3.174477507808834789e-04
1.014659603803296631e-05 3.181584044811182213e-04
1.022817627197730976e-05 3.188696881041248941e-04
1.031041242388127199e-05 3.195816034252261162e-04
1.039330976742880836e-05 3.202941522689921132e-04
1.047687361870510180e-05 3.210073365094832541e-04
1.056110933653751903e-05 3.217211580704943752e-04
1.064602232283922806e-05 3.224356189257995397e-04
1.073161802295564145e-05 3.231507210993990725e-04
1.081790192601361585e-05 3.238664666657682222e-04
1.090487956527342972e-05 3.245828577501064737e-04
1.099255651848367491e-05 3.252998965285897872e-04
1.108093840823890274e-05 3.260175852286233264e-04
1.117003090234022292e-05 3.267359261290961911e-04
1.125983971415876196e-05 3.274549215606391327e-04
1.135037060300204217e-05 3.281745739058812388e-04
1.144162937448334061e-05 3.288948855997122014e-04
1.153362188089396509e-05 3.296158591295423636e-04
1.162635402157858295e-05 3.303374970355686191e-04
1.171983174331352634e-05 3.310598019110392296e-04
1.181406104068812980e-05 3.317827764025223268e-04
1.190904795648919851e-05 3.325064232101756622e-04
1.200479858208846832e-05 3.332307450880190669e-04
1.210131905783328610e-05 3.339557448442087009e-04
1.219861557344036315e-05 3.346814253413133615e-04
1.229669436839268812e-05 3.354077894965933407e-04
1.239556173233970431e-05 3.361348402822811787e-04
1.249522400550060406e-05 3.368625807258655088e-04
1.259568757907096389e-05 3.375910139103764185e-04
1.269695889563257799e-05 3.383201429746735228e-04
1.279904444956660190e-05 3.390499711137368553e-04
1.290195078747005562e-05 3.397805015789599824e-04
1.300568450857561984e-05 3.405117376784453395e-04
1.311025226517486786e-05 3.412436827773035258e-04
1.321566076304481950e-05 3.419763402979530314e-04
1.332191676187802039e-05 3.427097137204254945e-04
1.342902707571601447e-05 3.434438065826712298e-04
1.353699857338629780e-05 3.441786224808689306e-04
1.364583817894283838e-05 3.449141650697380278e-04
1.375555287211008061e-05 3.456504380628542465e-04
1.386614968873056331e-05 3.463874452329672232e-04
1.397763572121611378e-05 3.471251904123227308e-04
1.409001811900265372e-05 3.478636774929860418e-04
1.420330408900872014e-05 3.486029104271707126e-04
1.431750089609758455e-05 3.493428932275681269e-04
1.443261586354319391e-05 3.500836299676831102e-04
1.454865637349976571e-05 3.508251247821703037e-04
1.466562986747518787e-05 3.515673818671752543e-04
1.478354384680827104e-05 3.523104054806792452e-04
1.490240587314974807e-05 3.530541999428467282e-04
1.502222356894723766e-05 3.537987696363764970e-04
1.514300461793403660e-05 3.545441190068577934e-04
1.526475676562185572e-05 3.552902525631282567e-04
1.538748781979757090e-05 3.560371748776366431e-04
1.551120565102386695e-05 3.567848905868096121e-04
1.563591819314400991e-05 3.575334043914214386e-04
1.576163344379062593e-05 3.582827210569689848e-04
1.588835946489854919e-05 3.590328454140492734e-04
1.601610438322186776e-05 3.597837823587425902e-04
1.614487639085502842e-05 3.605355368529986233e-04
1.627468374575823088e-05 3.612881139250273175e-04
1.640553477228697923e-05 3.620415186696939575e-04
1.653743786172588888e-05 3.627957562489184259e-04
1.667040147282685739e-05 3.635508318920796641e-04
1.680443413235144682e-05 3.643067508964233873e-04
1.693954443561776539e-05 3.650635186274755442e-04
1.707574104705162176e-05 3.658211405194595187e-04
1.721303270074215822e-05 3.665796220757189141e-04
1.735142820100200718e-05 3.673389688691439158e-04
1.749093642293182506e-05 3.680991865426044840e-04
1.763156631298951879e-05 3.688602808093862035e-04
1.777332688956389034e-05 3.696222574536326918e-04
1.791622724355304170e-05 3.703851223307927788e-04
1.806027653894732326e-05 3.711488813680722935e-04
1.820548401341699510e-05 3.719135405648921395e-04
1.835185897890467910e-05 3.726791059933508158e-04
1.849941082222244943e-05 3.734455837986925208e-04
1.864814900565385609e-05 3.742129801997811657e-04
1.879808306756070209e-05 3.749813014895797005e-04
1.894922262299470286e-05 3.757505540356346433e-04
1.910157736431413640e-05 3.765207442805674413e-04
1.925515706180535203e-05 3.772918787425707642e-04
1.940997156430934094e-05 3.780639640159108150e-04
1.956603079985335856e-05 3.788370067714359832e-04
1.972334477628753075e-05 3.796110137570914080e-04
1.988192358192670492e-05 3.803859917984400989e-04
2.004177738619735278e-05 3.811619477991890458e-04
2.020291644028975183e-05 3.819388887417238926e-04
2.036535107781537780e-05 3.827168216876478406e-04
2.052909171546954192e-05 3.834957537783284108e-04
2.069414885369947628e-05 3.842756922354506046e-04
2.086053307737760986e-05 3.850566443615767312e-04
2.102825505648046539e-05 3.858386175407126323e-04
2.119732554677284517e-05 3.866216192388825259e-04
2.136775539049758693e-05 3.874056570047078622e-04
2.153955551707089315e-05 3.881907384699968041e-04
2.171273694378316957e-05 3.889768713503380989e-04
2.188731077650561661e-05 3.897640634457043285e-04
2.206328821040234357e-05 3.905523226410613394e-04
2.224068053064838830e-05 3.913416569069855331e-04
2.241949911315336451e-05 3.921320743002892884e-04
2.259975542529097742e-05 3.929235829646538099e-04
2.278146102663445498e-05 3.937161911312696207e-04
2.296462756969779322e-05 3.945099071194855113e-04
2.314926680068305951e-05 3.953047393374656748e-04
2.333539056023364205e-05 3.961006962828541602e-04
2.352301078419353694e-05 3.968977865434489207e-04
2.371213950437286612e-05 3.976960187978837227e-04
2.390278884931934473e-05 3.984954018163180782e-04
2.409497104509616578e-05 3.992959444611369341e-04
2.428869841606600359e-05 4.000976556876591444e-04
2.448398338568131931e-05 4.009005445448531523e-04
2.468083847728113088e-05 4.017046201760643810e-04
2.487927631489404435e-05 4.025098918197497809e-04
2.507930962404787846e-05 4.033163688102227849e-04
2.528095123258569278e-05 4.041240605784072082e-04
2.548421407148841931e-05 4.049329766526007439e-04
2.568911117570414846e-05 4.057431266592490286e-04
2.589565568498396414e-05 4.065545203237278947e-04
2.610386084472466370e-05 4.073671674711375483e-04
2.631374000681812860e-05 4.081810780271059088e-04
2.652530663050750877e-05 4.089962620186017605e-04
2.673857428325046096e-05 4.098127295747592343e-04
2.695355664158908209e-05 4.106304909277128600e-04
2.717026749202706604e-05 4.114495564134424310e-04
2.738872073191377571e-05 4.122699364726299578e-04
2.760893037033541308e-05 4.130916416515263245e-04
2.783091052901349766e-05 4.139146826028306317e-04
2.805467544321038186e-05 4.147390700865793501e-04
2.828023946264218998e-05 4.155648149710483227e-04
2.850761705239904489e-05 4.163919282336656091e-04
2.873682279387263015e-05 4.172204209619357132e-04
2.896787138569138212e-05 4.180503043543776351e-04
2.920077764466296995e-05 4.188815897214730058e-04
2.943555650672459206e-05 4.197142884866277750e-04
2.967222302790068237e-05 4.205484121871458239e-04
2.991079238526853464e-05 4.213839724752154814e-04
3.015127987793152979e-05 4.222209811189093207e-04
3.039370092800023382e-05 4.230594500031959371e-04
3.063807108158144430e-05 4.238993911309659824e-04
3.088440600977508042e-05 4.247408166240708308e-04
3.113272150967920447e-05 4.255837387243754477e-04
3.138303350540304956e-05 4.264281697948245397e-04
3.163535804908815848e-05 4.272741223205226910e-04
3.188971132193787436e-05 4.281216089098292452e-04
3.214610963525491532e-05 4.289706422954671187e-04
3.240456943148751438e-05 4.298212353356459800e-04
3.266510728528373834e-05 4.306734010152005535e-04
3.292773990455444635e-05 4.315271524467436141e-04
3.319248413154475948e-05 4.323825028718341072e-04
3.345935694391406837e-05 4.332394656621622897e-04
3.372837545582487042e-05 4.340980543207465263e-04
3.399955691904021270e-05 4.349582824831513912e-04
3.427291872403001870e-05 4.358201639187166110e-04
3.454847840108639351e-05 4.366837125318062283e-04
3.482625362144767045e-05 4.375489423630712633e-04
3.510626219843181563e-05 4.384158675907318375e-04
3.538852208857865537e-05 4.392845025318743127e-04
3.567305139280138013e-05 4.401548616437660493e-04
3.595986835754746757e-05 4.410269595251892455e-04
3.624899137596863160e-05 4.419008109177891431e-04
3.654043898910049526e-05 4.427764307074444046e-04
3.683422988705147943e-05 4.436538339256521275e-04
3.713038291020146967e-05 4.445330357509332409e-04
3.742891705040998329e-05 4.454140515102564431e-04
3.772985145223403338e-05 4.462968966804805693e-04
3.803320541415595389e-05 4.471815868898170181e-04
3.833899838982086049e-05 4.480681379193108258e-04
3.864724998928430985e-05 4.489565657043433165e-04
3.895797998026979118e-05 4.498468863361515025e-04
3.927120828943636181e-05 4.507391160633724228e-04
3.958695500365661668e-05 4.516332712936048811e-04
3.990524037130474083e-05 4.525293685949929238e-04
4.022608480355505833e-05 4.534274246978315433e-04
4.054950887569099634e-05 4.543274564961929810e-04
4.087553332842443042e-05 4.552294810495755278e-04
4.120417906922590573e-05 4.561335155845746593e-04
4.153546717366525976e-05 4.570395774965759091e-04
4.186941888676331077e-05 4.579476843514719195e-04
4.220605562435417136e-05 4.588578538874022610e-04
4.254539897445862090e-05 4.597701040165152607e-04
4.288747069866856394e-05 4.606844528267571527e-04
4.323229273354249331e-05 4.616009185836815031e-04
4.357988719201235083e-05 4.625195197322872040e-04
4.393027636480154177e-05 4.634402748988779340e-04
4.428348272185433346e-05 4.643632028929489414e-04
4.463952891377699037e-05 4.652883227090996851e-04
4.499843777329013068e-05 4.662156535289711410e-04
4.536023231669311748e-05 4.671452147232112986e-04
4.572493574534001033e-05 4.680770258534665685e-04
4.609257144712732100e-05 4.690111066743991581e-04
4.646316299799406815e-05 4.699474771357364843e-04
4.683673416343341273e-05 4.708861573843421623e-04
4.721330890001693771e-05 4.718271677663219061e-04
4.759291135693080680e-05 4.727705288291542021e-04
4.797556587752442521e-05 4.737162613238510701e-04
4.836129700087161629e-05 4.746643862071505370e-04
4.875012946334418508e-05 4.756149246437369740e-04
4.914208820019831621e-05 4.765678980084933646e-04
4.953719834717354166e-05 4.775233278887837667e-04
4.993548524210475968e-05 4.784812360867688429e-04
5.033697442654704051e-05 4.794416446217522371e-04
5.074169164741355767e-05 4.804045757325593139e-04
5.114966285862678722e-05 4.813700518799512431e-04
5.156091422278277845e-05 4.823380957490678699e-04
5.197547211282902449e-05 4.833087302519105920e-04
5.239336311375569571e-05 4.842819785298549439e-04
5.281461402430041212e-05 4.852578639562006406e-04
5.323925185866697489e-05 4.862364101387568575e-04
5.366730384825752159e-05 4.872176409224632351e-04
5.409879744341906070e-05 4.882015803920475294e-04
5.453376031520372805e-05 4.891882528747214806e-04
5.497222035714319888e-05 4.901776829429131113e-04
5.541420568703764175e-05 4.911698954170386515e-04
5.585974464875869929e-05 4.921649153683119778e-04
5.630886581406726839e-05 4.931627681215960653e-04
5.676159798444574086e-05 4.941634792582911932e-04
5.721797019294486050e-05 4.951670746192670617e-04
5.767801170604581324e-05 4.961735803078354571e-04
5.814175202553681170e-05 4.971830226927631416e-04
5.860922089040516351e-05 4.981954284113295200e-04
5.908044827874433548e-05 4.992108243724281084e-04
5.955546440967632538e-05 5.002292377597092029e-04
6.003429974528975461e-05 5.012506960347706863e-04
6.051698499259311269e-05 5.022752269403907939e-04
6.100355110548422399e-05 5.033028585038112944e-04
6.149402928673500181e-05 5.043336190400623045e-04
6.198845098999268229e-05 5.053675371553390363e-04
6.248684792179675220e-05 5.064046417504251656e-04
6.298925204361226161e-05 5.074449620241640140e-04
6.349569557387947432e-05 5.084885274769829645e-04
6.400621099008005897e-05 5.095353679144636310e-04
6.452083103081971945e-05 5.105855134509685147e-04
6.503958869792772534e-05 5.116389945133162321e-04
6.556251725857334227e-05 5.126958418445119302e-04
6.608965024739891841e-05 5.137560865075291999e-04
6.662102146867081960e-05 5.148197598891501034e-04
6.715666499844700696e-05 5.158868937038573518e-04
6.769661518676227353e-05 5.169575199977861132e-04
6.824090665983122107e-05 5.180316711527298149e-04
6.878957432226847572e-05 5.191093798902075276e-04
6.934265335932749774e-05 5.201906792755876200e-04
6.990017923915663005e-05 5.212756027222751644e-04
7.046218771507374080e-05 5.223641839959562629e-04
7.102871482785909417e-05 5.234564572189081850e-04
7.159979690806634082e-05 5.245524568743690271e-04
7.217547057835265812e-05 5.256522178109757863e-04
7.275577275582717268e-05 5.267557752472643408e-04
7.334074065441831584e-05 5.278631647762352429e-04
7.393041178726051852e-05 5.289744223699909594e-04
7.452482396909951377e-05 5.300895843844357800e-04
7.512401531871772413e-05 5.312086875640503183e-04
7.572802426137855477e-05 5.323317690467330165e-04
7.633688953129064950e-05 5.334588663687155931e-04
7.695065017409175728e-05 5.345900174695501555e-04
7.756934554935264296e-05 5.357252606971712322e-04
7.819301533310134028e-05 5.368646348130330474e-04
7.882169952036739496e-05 5.380081789973222570e-04
7.945543842774665329e-05 5.391559328542504812e-04
8.009427269598690818e-05 5.403079364174244665e-04
8.073824329259371132e-05 5.414642301552976709e-04
8.138739151445801841e-05 5.426248549767009963e-04
8.204175899050429881e-05 5.437898522364619913e-04
8.270138768436013942e-05 5.449592637411020081e-04
8.336631989704731580e-05 5.461331317546246501e-04
8.403659826969434401e-05 5.473114990043884609e-04
8.471226578627138060e-05 5.484944086870689522e-04
8.539336577634634587e-05 5.496819044747118131e-04
8.607994191786377466e-05 5.508740305208774087e-04
8.677203823994585270e-05 5.520708314668773282e-04
8.746969912571558414e-05 5.532723524481082938e-04
8.817296931514356773e-05 5.544786391004795281e-04
8.888189390791674147e-05 5.556897375669417110e-04
8.959651836633062750e-05 5.569056945041119975e-04
9.031688851820484656e-05 5.581265570890034432e-04
9.104305055982172602e-05 5.593523730258555867e-04
9.177505105888922115e-05 5.605831905530713919e-04
9.251293695752692986e-05 5.618190584502589244e-04
9.325675557527658330e-05 5.630600260453853508e-04
9.400655461213622635e-05 5.643061432220351304e-04
9.476238215161968700e-05 5.655574604267866014e-04
9.552428666383980347e-05 5.668140286766995897e-04
9.629231700861666911e-05 5.680758995669194606e-04
9.706652243861119361e-05 5.693431252783988069e-04
9.784695260248320770e-05 5.706157585857410007e-04
9.863365754807585978e-05 5.718938528651645262e-04
9.942668772562470532e-05 5.731774621025915615e-04
1.002260939909932372e-04 5.744666409018643876e-04
1.010319276089341792e-04 5.757614444930882159e-04
1.018442402563766926e-04 5.770619287411072641e-04
1.026630840257408629e-04 5.783681501541122370e-04
1.034885114282779918e-04 5.796801658923850676e-04
1.043205753974381421e-04 5.809980337771799425e-04
1.051593292922646940e-04 5.823218122997442974e-04
1.060048269008159646e-04 5.836515606304840120e-04
1.068571224436149771e-04 5.849873386282746467e-04
1.077162705771262394e-04 5.863292068499168777e-04
1.085823263972608883e-04 5.876772265597453478e-04
1.094553454429099420e-04 5.890314597393903886e-04
1.103353836995056060e-04 5.903919690976937003e-04
1.112224976026120557e-04 5.917588180807852516e-04
1.121167440415442594e-04 5.931320708823183650e-04
1.130181803630162511e-04 5.945117924538717699e-04
1.139268643748187707e-04 5.958980485155174287e-04
1.148428543495260166e-04 5.972909055665585843e-04
1.157662090282332422e-04 5.986904308964411704e-04
1.166969876243232067e-04 6.000966925958412966e-04
1.176352498272636749e-04 6.015097595679330363e-04
1.185810558064352195e-04 6.029297015398386861e-04
1.195344662149894227e-04 6.043565890742614959e-04
1.204955421937391289e-04 6.057904935813145314e-04
1.214643453750788250e-04 6.072314873305361283e-04
1.224409378869371944e-04 6.086796434631055975e-04
1.234253823567613834e-04 6.101350360042546300e-04
1.244177419155327916e-04 6.115977398758876268e-04
1.254180802018161332e-04 6.130678309094036906e-04
1.264264613658402383e-04 6.145453858587336150e-04
1.274429500736117872e-04 6.160304824135897023e-04
1.284676115110625462e-04 6.175231992129341565e-04
1.295005113882290756e-04 6.190236158586714726e-04
1.305417159434674027e-04 6.205318129295667737e-04
1.315912919477002486e-04 6.220478719953956249e-04
1.326493067086990843e-04 6.235718756313284690e-04
1.337158280754005839e-04 6.251039074325561882e-04
1.347909244422573110e-04 6.266440520291573354e-04
1.358746647536242919e-04 6.281923951012172245e-04
1.369671185081800132e-04 6.297490233941980143e-04
1.380683557633832239e-04 6.313140247345663987e-04
1.391784471399658697e-04 6.328874880456872515e-04
1.402974638264613716e-04 6.344695033639797567e-04
1.414254775837705538e-04 6.360601618553533712e-04
1.425625607497630785e-04 6.376595558319144048e-04
1.437087862439165038e-04 6.392677787689622984e-04
1.448642275719926639e-04 6.408849253222681204e-04
1.460289588307508318e-04 6.425110913456520863e-04
1.472030547127004549e-04 6.441463739088589078e-04
1.483865905108902930e-04 6.457908713157370448e-04
1.495796421237373191e-04 6.474446831227311829e-04
1.507822860598933233e-04 6.491079101576895626e-04
1.519945994431521209e-04 6.507806545389957032e-04
1.532166600173949229e-04 6.524630196950308072e-04
1.544485461515759863e-04 6.541551103839659794e-04
1.556903368447484326e-04 6.558570327139043180e-04
1.569421117311299118e-04 6.575688941633644211e-04
1.582039510852100892e-04 6.592908036021246070e-04
1.594759358268980844e-04 6.610228713124254637e-04
1.607581475267119242e-04 6.627652090105430865e-04
1.620506684110095197e-04 6.645179298687401608e-04
1.633535813672613586e-04 6.662811485375960815e-04
1.646669699493665917e-04 6.680549811687349748e-04
1.659909183830108085e-04 6.698395454379456587e-04
1.673255115710674777e-04 6.716349605687126252e-04
1.686708350990426481e-04 6.734413473561610790e-04
1.700269752405628816e-04 6.752588281914213451e-04
1.713940189629088316e-04 6.770875270864288014e-04
1.727720539325916201e-04 6.789275696991604186e-04
1.741611685209750219e-04 6.807790833593212448e-04
1.755614518099425625e-04 6.826421970944860371e-04
1.769729935976098543e-04 6.845170416567078605e-04
1.783958844040838508e-04 6.864037495496041683e-04
1.798302154772674760e-04 6.883024550559243768e-04
1.812760787987109819e-04 6.902132942656144391e-04
1.827335670895112007e-04 6.921364051043848130e-04
1.842027738162565511e-04 6.940719273627938592e-04
1.856837931970221065e-04 6.960200027258556677e-04
1.871767202074110955e-04 6.979807748031832638e-04
1.886816505866454339e-04 6.999543891596795523e-04
1.901986808437056977e-04 7.019409933467830485e-04
1.917279082635194780e-04 7.039407369342849836e-04
1.932694309132009913e-04 7.059537715427255909e-04
1.948233476483393709e-04 7.079802508763823662e-04
1.963897581193382413e-04 7.100203307568625543e-04
1.979687627778064932e-04 7.120741691573125465e-04
1.995604628829991494e-04 7.141419262372555735e-04
2.011649605083122778e-04 7.162237643780728713e-04
2.027823585478279135e-04 7.183198482191387310e-04
2.044127607229127570e-04 7.204303446946253671e-04
2.060562715888699444e-04 7.225554230709898586e-04
2.077129965416430217e-04 7.246952549851580147e-04
2.093830418245763247e-04 7.268500144834190435e-04
2.110665145352271302e-04 7.290198780610470698e-04
2.127635226322340217e-04 7.312050247026637053e-04
2.144741749422402258e-04 7.334056359233577169e-04
2.161985811668718893e-04 7.356218958105724187e-04
2.179368518897740093e-04 7.378539910667912538e-04
2.196890985837014136e-04 7.401021110530197223e-04
2.214554336176675019e-04 7.423664478330944472e-04
2.232359702641504499e-04 7.446471962188283772e-04
2.250308227063563607e-04 7.469445538160180385e-04
2.268401060455431319e-04 7.492587210713223768e-04
2.286639363084005656e-04 7.515899013200374752e-04
2.305024304544914379e-04 7.539383008347837374e-04
2.323557063837520902e-04 7.563041288751270021e-04
2.342238829440523276e-04 7.586875977381511531e-04
2.361070799388182003e-04 7.610889228100051022e-04
2.380054181347140095e-04 7.635083226184423595e-04
2.399190192693871702e-04 7.659460188863774759e-04
2.418480060592751173e-04 7.684022365864797430e-04
2.437925022074742011e-04 7.708772039968257240e-04
2.457526324116739332e-04 7.733711527576355533e-04
2.477285223721524890e-04 7.758843179291158819e-04
2.497202987998384293e-04 7.784169380504340780e-04
2.517280894244361173e-04 7.809692551998452612e-04
2.537520230026165139e-04 7.835415150560000319e-04
2.557922293262749496e-04 7.861339669604646644e-04
2.578488392308540020e-04 7.887468639814649305e-04
2.599219846037340823e-04 7.913804629788976806e-04
2.620117983926902668e-04 7.940350246706257952e-04
2.641184146144193298e-04 7.967108137000940195e-04
2.662419683631333470e-04 7.994080987052847639e-04
2.683825958192231757e-04 8.021271523890559363e-04
2.705404342579916487e-04 8.048682515908831426e-04
2.727156220584560494e-04 8.076316773600346593e-04
2.749082987122234995e-04 8.104177150302252584e-04
2.771186048324355178e-04 8.132266542957676406e-04
2.793466821627853302e-04 8.160587892892609422e-04
2.815926735866081999e-04 8.189144186608535029e-04
2.838567231360432071e-04 8.217938456591100367e-04
2.861389760012711392e-04 8.246973782135263564e-04
2.884395785398248058e-04 8.276253290187211408e-04
2.907586782859744351e-04 8.305780156203480076e-04
2.930964239601894518e-04 8.335557605027689790e-04
2.954529654786745775e-04 8.365588911785251224e-04
2.978284539629851859e-04 8.395877402796430699e-04
3.002230417497175224e-04 8.426426456508354220e-04
3.026368824002782874e-04 8.457239504446128174e-04
3.050701307107322275e-04 8.488320032183799832e-04
3.075229427217282237e-04 8.519671580335369098e-04
3.099954757285072358e-04 8.551297745566504172e-04
3.124878882909886899e-04 8.583202181627362301e-04
3.150003402439386681e-04 8.615388600406939526e-04
3.175329927072204983e-04 8.647860773009661758e-04
3.200860080961255203e-04 8.680622530854475213e-04
3.226595501317906420e-04 8.713677766797170215e-04
3.252537838516962902e-04 8.747030436276411088e-04
3.278688756202502831e-04 8.780684558483996868e-04
3.305049931394568141e-04 8.814644217560017479e-04
3.331623054596697308e-04 8.848913563813371559e-04
3.358409829904354248e-04 8.883496814968399463e-04
3.385411975114194748e-04 8.918398257438144277e-04
3.412631221834232253e-04 8.953622247624896772e-04
3.440069315594886188e-04 8.989173213248725794e-04
3.467728015960902521e-04 9.025055654704599055e-04
3.495609096644220295e-04 9.061274146448892314e-04
3.523714345617695218e-04 9.097833338415843140e-04
3.552045565229768683e-04 9.134737957464803600e-04
3.580604572320052388e-04 9.171992808859013961e-04
3.609393198335823696e-04 9.209602777776599962e-04
3.638413289449495686e-04 9.247572830854678370e-04
3.667666706676995765e-04 9.285908017767320003e-04
3.697155325997113023e-04 9.324613472838194205e-04
3.726881038471806717e-04 9.363694416688797930e-04
3.756845750367461285e-04 9.403156157923103168e-04
3.787051383277154526e-04 9.443004094849575744e-04
3.817499874243871763e-04 9.483243717241423079e-04
3.848193175884731553e-04 9.523880608136080315e-04
3.879133256516203456e-04 9.564920445674888897e-04
3.910322100280324339e-04 9.606369004983985683e-04
3.941761707271953900e-04 9.648232160097431481e-04
3.973454093667028739e-04 9.690515885923643713e-04
4.005401291851857799e-04 9.733226260256196789e-04
4.037605350553460817e-04 9.776369465830186088e-04
4.070068334970934599e-04 9.819951792425221301e-04
4.102792326907913245e-04 9.863979639016310069e-04
4.135779424906058381e-04 9.908459515973828870e-04
4.169031744379640084e-04 9.953398047313772711e-04
4.202551417751183046e-04 9.998801972999694140e-04
4.236340594588238135e-04 1.004467815129759687e-03
4.270401441741211051e-04 1.009103356118510025e-03
4.304736143482329946e-04 1.013787530481638803e-03
4.339346901645720544e-04 1.018521061004428385e-03
4.374235935768589325e-04 1.023304683300099716e-03
4.409405483233584688e-04 1.028139146073909008e-03
4.444857799412260213e-04 1.033025211393417010e-03
4.480595157809713733e-04 1.037963654965098253e-03
4.516619850210387048e-04 1.042955266417453777e-03
4.552934186825017063e-04 1.048000849590801893e-03
4.589540496438813694e-04 1.053101222833923486e-03
4.626441126560782704e-04 1.058257219307739017e-03
4.663638443574273673e-04 1.063469687296209575e-03
4.701134832888733068e-04 1.068739490524655156e-03
4.738932699092667281e-04 1.074067508485678640e-03
4.777034466107863884e-04 1.079454636772919206e-03
4.815442577344821763e-04 1.084901787422821486e-03
4.854159495859444902e-04 1.090409889264660689e-03
4.893187704510999249e-04 1.095979888279023651e-03
4.932529706121320219e-04 1.101612747965000343e-03
4.972188023635335874e-04 1.107309449716299471e-03
5.012165200282850484e-04 1.113070993206551149e-03
5.052463799741631302e-04 1.118898396784032395e-03
5.093086406301827827e-04 1.124792697876087324e-03
5.134035625031676923e-04 1.130754953403498818e-03
5.175314081944587053e-04 1.136786240205099824e-03
5.216924424167525710e-04 1.142887655472887322e-03
5.258869320110778380e-04 1.149060317197954243e-03
5.301151459639076840e-04 1.155305364627526223e-03
5.343773554244074043e-04 1.161623958733414789e-03
5.386738337218257731e-04 1.168017282692214616e-03
5.430048563830214975e-04 1.174486542377571651e-03
5.473707011501327850e-04 1.181032966864858837e-03
5.517716479983888339e-04 1.187657808948615074e-03
5.562079791540625951e-04 1.194362345673109305e-03
5.606799791125720691e-04 1.201147878876404227e-03
5.651879346567229836e-04 1.208015735748306030e-03
5.697321348751000067e-04 1.214967269402591338e-03
5.743128711806061697e-04 1.222003859463932467e-03
5.789304373291488757e-04 1.229126912669937545e-03
5.835851294384807302e-04 1.236337863488748065e-03
5.882772460071873915e-04 1.243638174752637743e-03
5.930070879338302436e-04 1.251029338308089298e-03
5.977749585362432437e-04 1.258512875682820352e-03
6.025811635709820997e-04 1.266090338770257170e-03
6.074260112529345597e-04 1.273763310531985131e-03
6.123098122750846592e-04 1.281533405718674867e-03
6.172328798284371044e-04 1.289402271610058919e-03
6.221955296221022254e-04 1.297371588774513590e-03
6.271980799035395491e-04 1.305443071848822996e-03
6.322408514789701816e-04 1.313618470338751574e-03
6.373241677339475933e-04 1.321899569441007229e-03
6.424483546540956953e-04 1.330288190887292301e-03
6.476137408460152936e-04 1.338786193811058144e-03
6.528206575583542573e-04 1.347395475637679996e-03
6.580694387030535438e-04 1.356117972998764458e-03
6.633604208767580239e-04 1.364955662671302975e-03
6.686939433824033805e-04 1.373910562542451311e-03
6.740703482509745282e-04 1.382984732600714764e-03
6.794899802634377225e-04 1.392180275954346853e-03
6.849531869728547060e-04 1.401499339877813454e-03
6.904603187266676167e-04 1.410944116887175850e-03
6.960117286891681024e-04 1.420516845845305829e-03
7.016077728641444610e-04 1.430219813097856341e-03
7.072488101177097338e-04 1.440055353640955042e-03
7.129352022013196429e-04 1.450025852321604539e-03
7.186673137749673623e-04 1.460133745071845977e-03
7.244455124305712763e-04 1.470381520177717295e-03
7.302701687155442340e-04 1.480771719584147560e-03
7.361416561565614289e-04 1.491306940236902627e-03
7.420603512835104252e-04 1.501989835462780786e-03
7.480266336536382918e-04 1.512823116389286175e-03
7.540408858758935670e-04 1.523809553405035006e-03
7.601034936354587185e-04 1.534951977662228628e-03
7.662148457184880584e-04 1.546253282622548231e-03
7.723753340370370212e-04 1.557716425647875675e-03
7.785853536541966803e-04 1.569344429637315819e-03
7.848453028094273245e-04 1.581140384712030654e-03
7.911555829440959729e-04 1.593107449949449734e-03
7.975165987272236825e-04 1.605248855168505762e-03
8.039287580814334340e-04 1.617567902767561537e-03
8.103924722091103037e-04 1.630067969616781631e-03
8.169081556187726212e-04 1.642752509006791288e-03
8.234762261516503186e-04 1.655625052655455495e-03
8.300971050084846731e-04 1.668689212774791819e-03
8.367712167765370846e-04 1.681948684199978308e-03
8.434989894568172952e-04 1.695407246582620979e-03
8.502808544915317016e-04 1.709068766650407873e-03
8.571172467917477500e-04 1.722937200535435819e-03
8.640086047652887225e-04 1.737016596173588008e-03
8.709553703448453654e-04 1.751311095777333517e-03
8.779579890163169333e-04 1.765824938384540684e-03
8.850169098473807845e-04 1.780562462485901862e-03
8.921325855162861879e-04 1.795528108733704560e-03
8.993054723408902334e-04 1.810726422734800639e-03
9.065360303079161115e-04 1.826162057930684219e-03
9.138247231024534956e-04 1.841839778567767394e-03
9.211720181376935454e-04 1.857764462761023541e-03
9.285783865849013509e-04 1.873941105654291367e-03
9.360443034036354656e-04 1.890374822680696790e-03
9.435702473722037964e-04 1.907070852926726501e-03
9.511567011183671245e-04 1.924034562603699336e-03
9.588041511502905841e-04 1.941271448630478959e-03
9.665130878877393030e-04 1.958787142331414911e-03
9.742840056935329505e-04 1.976587413253743427e-03
9.821174029052458579e-04 1.994678173108727602e-03
9.900137818671650696e-04 2.013065479841097058e-03
9.979736489625055679e-04 2.031755541831460447e-03
1.005997514645881044e-03 2.050754722236587061e-03
1.014085893476043224e-03 2.070069543472685594e-03
1.022239304148876747e-03 2.089706691846892912e-03
1.030458269530662918e-03 2.109673022342609811e-03
1.038743316691611695e-03 2.129975563564320308e-03
1.047094976939657576e-03 2.150621522847942155e-03
1.055513785854537588e-03 2.171618291542956602e-03
1.064000283322133608e-03 2.192973450472732004e-03
1.072555013569095276e-03 2.214694775579926361e-03
1.081178525197741113e-03 2.236790243763923762e-03
1.089871371221236111e-03 2.259268038917706771e-03
1.098634109099061625e-03 2.282136558171850467e-03
1.107467300772759563e-03 2.305404418353567981e-03
1.116371512701971489e-03 2.329080462669214438e-03
1.125347315900763947e-03 2.353173767618915550e-03
1.134395285974244350e-03 2.377693650152360935e-03
1.143516003155478720e-03 2.402649675075330896e-03
1.152710052342698034e-03 2.428051662716694536e-03
1.161978023136807500e-03 2.453909696866333513e-03
1.171320509879194638e-03 2.480234132994628762e-03
1.180738111689847662e-03 2.507035606764875229e-03
1.190231432505774178e-03 2.534325042850267204e-03
1.199801081119729329e-03 2.562113664067752587e-03
1.209447671219260291e-03 2.590413000841591731e-03
1.219171821426055010e-03 2.619234901009943536e-03
1.228974155335621401e-03 2.648591539988563899e-03
1.238855301557272070e-03 2.678495431306123550e-03
1.248815893754437988e-03 2.708959437526534900e-03
1.258856570685305256e-03 2.739996781574221326e-03
1.268977976243773013e-03 2.771621058479028198e-03
1.279180759500752641e-03 2.803846247558358391e-03
1.289465574745787260e-03 2.836686725054711304e-03
1.299833081529010344e-03 2.870157277247859570e-03
1.310283944703444356e-03 2.904273114061666546e-03
1.320818834467631575e-03 2.939049883186529120e-03
1.331438426408619894e-03 2.974503684739457712e-03
1.342143401545281903e-03 3.010651086484713961e-03
1.352934446371990016e-03 3.047509139639200271e-03
1.363812252902640940e-03 3.085095395287789418e-03
1.374777518715028599e-03 3.123427921435057396e-03
1.385830946995586553e-03 3.162525320721217611e-03
1.396973246584475850e-03 3.202406748831223247e-03
1.408205132021046269e-03 3.243091933627619688e-03
1.419527323589656010e-03 3.284601195039049855e-03
1.430940547365860873e-03 3.326955465737981964e-03
1.442445535262982040e-03 3.370176312642888042e-03
1.454043025079037937e-03 3.414285959281684879e-03
1.465733760544059685e-03 3.459307309055330813e-03
1.477518491367786234e-03 3.505263969442192970e-03
1.489397973287738541e-03 3.552180277185933328e-03
1.501372968117688396e-03 3.600081324511838609e-03
1.513444243796511048e-03 3.648992986418709943e-03
1.525612574437430974e-03 3.698941949095862526e-03
1.537878740377665978e-03 3.749955739517385825e-03
1.550243528228464852e-03 3.802062756268299003e-03
1.562707730925558779e-03 3.855292301660351827e-03
1.575272147780006288e-03 3.909674615197841589e-03
1.587937584529453038e-03 3.965240908457287779e-03
1.600704853389803371e-03 4.022023401447966454e-03
1.613574773107302350e-03 4.080055360523829507e-03
1.626548169011047791e-03 4.139371137921163402e-03
1.639625873065912341e-03 4.200006213000140147e-03
1.652808723925897711e-03 4.261997235272681553e-03
1.666097566987917401e-03 4.325382069303435398e-03
1.679493254446005716e-03 4.390199841575334605e-03
1.692996645345975441e-03 4.456490989416162299e-03
1.706608605640501809e-03 4.524297312087715087e-03
1.720330008244656643e-03 4.593662024144865019e-03
1.734161733091888098e-03 4.664629811177493229e-03
1.748104667190443192e-03 4.737246888054664172e-03
1.762159704680260446e-03 4.811561059797004811e-03
1.776327746890302931e-03 4.887621785210073157e-03
1.790609702396360990e-03 4.965480243419264327e-03
1.805006487079318560e-03 5.045189403454384755e-03
1.819519024183882889e-03 5.126804097040565250e-03
1.834148244377798234e-03 5.210381094761116529e-03
1.848895085811523608e-03 5.295979185767197769e-03
1.863760494178395150e-03 5.383659261219407924e-03
1.878745422775274666e-03 5.473484401656967049e-03
1.893850832563676295e-03 5.565519968501472271e-03
1.909077692231401450e-03 5.659833699914479203e-03
1.924426978254652545e-03 5.756495811240600231e-03
1.939899674960655213e-03 5.855579100281942118e-03
1.955496774590782284e-03 5.957159057663785270e-03
1.971219277364179116e-03 6.061313982567199075e-03
1.987068191541917130e-03 6.168125104120675620e-03
2.003044533491642187e-03 6.277676708760279896e-03
2.019149327752760292e-03 6.390056273886671016e-03
2.035383607102128536e-03 6.505354608167233238e-03
2.051748412620300280e-03 6.623665998853036675e-03
2.068244793758278622e-03 6.745088366502378571e-03
2.084873808404816720e-03 6.869723427527778259e-03
2.101636522954264570e-03 6.997676865008408201e-03
2.118534012374944861e-03 7.129058508237808359e-03
2.135567360278099128e-03 7.263982521506289966e-03
2.152737658987375138e-03 7.402567602648696225e-03
2.170046009608872853e-03 7.544937191922024104e-03
2.187493522101762854e-03 7.691219691813210892e-03
2.205081315349455978e-03 7.841548698416214019e-03
2.222810517231367956e-03 7.996063245058211005e-03
2.240682264695242204e-03 8.154908058899294071e-03
2.258697703830059821e-03 8.318233831276920093e-03
2.276857989939541985e-03 8.486197502616973226e-03
2.295164287616226987e-03 8.658962562787699338e-03
2.313617770816166989e-03 8.836699367830606194e-03
2.332219622934205046e-03 9.019585474064567218e-03
2.350971036879865358e-03 9.207805990644225835e-03
2.369873215153853706e-03 9.401553951584191646e-03
2.388927369925166345e-03 9.601030708830407545e-03
2.408134723108836840e-03 9.806446347057554483e-03
2.427496506444283986e-03 1.001802012219104449e-02
2.447013961574308078e-03 1.023598092476334098e-02
2.466688340124714718e-03 1.046056776980853337e-02
2.486520903784571798e-03 1.069203031496961109e-02
2.506512924387133915e-03 1.093062940862841656e-02
2.526665683991393459e-03 1.117663766999659782e-02
2.546980474964298698e-03 1.143034010324341446e-02
2.567458600063634959e-03 1.169203474788448396e-02
2.588101372521559810e-03 1.196203336781547812e-02
2.608910116128829951e-03 1.224066218154733557e-02
2.629886165319687743e-03 1.252826263638496390e-02
2.651030865257436413e-03 1.282519222949282493e-02
2.672345571920707857e-03 1.313182537900682567e-02
2.693831652190408713e-03 1.344855434858633313e-02
2.715490483937391553e-03 1.377579022905330713e-02
2.737323456110804347e-03 1.411396398103782063e-02
2.759331968827166779e-03 1.446352754284677480e-02
2.781517433460158669e-03 1.482495500809071810e-02
2.803881272731119628e-03 1.519874387795192017e-02
2.826424920800299414e-03 1.558541639335098150e-02
2.849149823358822567e-03 1.598552095267570528e-02
2.872057437721396798e-03 1.639963362117814044e-02
2.895149232919772952e-03 1.682835973862216450e-02
2.918426689796941795e-03 1.727233563228444332e-02
2.941891301102113158e-03 1.773223044297376691e-02
2.965544571586433212e-03 1.820874807234608081e-02
2.989388018099484959e-03 1.870262926045789670e-02
3.013423169686564596e-03 1.921465380322338184e-02
3.037651567686725906e-03 1.974564292022756157e-02
3.062074765831638689e-03 2.029646178420384250e-02
3.086694330345219565e-03 2.086802222441669005e-02
3.111511840044072462e-03 2.146128561720639372e-02
3.136528886438737923e-03 2.207726597806020791e-02
3.161747073835745152e-03 2.271703327078242185e-02
3.187168019440508437e-03 2.338171695065408701e-02
3.212793353461027620e-03 2.407250975991286415e-02
3.238624719212433375e-03 2.479067179545590624e-02
3.264663773222361686e-03 2.553753487038769657e-02
3.290912185337201319e-03 2.631450719291820312e-02
3.317371638829165297e-03 2.712307838816812797e-02
3.344043830504242303e-03 2.796482489069850030e-02
3.370930470811012419e-03 2.884141573804686193e-02
3.398033283950321545e-03 2.975461879825874734e-02
3.425354007985872192e-03 3.070630746737579991e-02
