2.497382406435652939e-25 9.768325619515944397e-18
1.592405960127358361e-24 3.089015920155193588e-17
1.015365822756892167e-23 9.768326876420302874e-17
6.474277161963938908e-23 3.089016721595150065e-16
4.128193389070159467e-22 9.768331986641967382e-16
2.632259977636328568e-21 3.089019980025807047e-15
1.678407946733001633e-20 9.768352763373603653e-15
1.070203270037972128e-19 3.089033227893325649e-14
6.823937180644061677e-19 9.768437235752100315e-14
4.351147109064984495e-18 3.089087090016611440e-13
1.915297948882004416e-17 7.759322488683919743e-13
8.060281057525431301e-17 1.949163039787816667e-12
3.231548868885900942e-16 4.896382250613372468e-12
4.345363206717196250e-16 6.163781780305984805e-12
1.185699981296668146e-15 1.229732179640797847e-11
3.167099671296256822e-15 2.454290871984140256e-11
8.312293945536222779e-15 4.898397135859626299e-11
2.151611673377367987e-14 9.773430848120292535e-11
5.516190296262407946e-14 1.950308160666369755e-10
7.219962673568143336e-14 2.455395918119563429e-10
1.345996703506809824e-13 3.892770603306517574e-10
2.502777173064534741e-13 6.169465998965407740e-10
3.411676113431318569e-13 7.768626451909397954e-10
4.161104603351930561e-13 9.006720410829545173e-10
5.668224300832851639e-13 1.192414995932578561e-09
1.051017683769589897e-12 1.890432911212288601e-09
1.946696275912857264e-12 3.094630240399093478e-09
3.604197434436283020e-12 4.906521065391501087e-09
4.678350727597027810e-12 5.964785761620009416e-09
6.363945126095426008e-12 7.510858710852283575e-09
8.659328086403540721e-12 9.798092857573101657e-09
1.177437263656969924e-11 1.233578754396143564e-08
1.601314678573479096e-11 1.553407705195085344e-08
2.068158225216417963e-11 1.881943995759334440e-08
2.812629084553211013e-11 2.462793118627416045e-08
3.823985723652250255e-11 3.101071367919697201e-08
4.915490723856361436e-11 3.744047090307774978e-08
6.683712298751739095e-11 4.918310976261355027e-08
9.088989403667837668e-11 6.194746997419662658e-08
1.198094057756214983e-10 7.622496704508910767e-08
1.235276287134856064e-10 8.111821537560480725e-08
1.679810496150610554e-10 1.052041443179145334e-07
2.145827771029579730e-10 1.264403182978826954e-07
2.389577941400671919e-10 1.370814666799720085e-07
2.718434103460653354e-10 1.558050328926489486e-07
3.695913600236930604e-10 2.029070399259184632e-07
4.805596579248377059e-10 2.471473550088626382e-07
6.228436556804378813e-10 3.112918511513913844e-07
6.449051117784316288e-10 3.195404339442749206e-07
6.519284217721749412e-10 3.221516175955882510e-07
6.901021772675798839e-10 3.362246542759246589e-07
7.517420508597271333e-10 3.585491157042282318e-07
7.842145311837404764e-10 3.701260768930860222e-07
8.123077711587138292e-10 3.800461204279264704e-07
8.948523203792971162e-10 4.248355205313744057e-07
1.780367769825735293e-09 1.571243743291283042e-06
2.831798589477310162e-09 2.360915204371286954e-06
4.352717025416528164e-09 3.331634749736530039e-06
6.442936706730940560e-09 4.497300351158025239e-06
9.210451352971400048e-09 5.875749191388290656e-06
1.726412223638507203e-08 9.359364509061765243e-06
2.961440629244172500e-08 1.399035730184682620e-05
4.760234259406434222e-08 2.000744564924680080e-05
7.280858902572716169e-08 2.762541866450402925e-05
1.069774052811704485e-07 3.692082460755834189e-05
1.786399553702715184e-07 5.352425790188030335e-05
3.179080611873818725e-07 7.810458603098302793e-05
4.169532575344421554e-07 9.195064971249766836e-05
4.437988271458211392e-07 9.546604737380116803e-05
8.192319285407806845e-07 1.258634192745901824e-04
1.339056547898722970e-06 1.508198983133213331e-04
1.349822773934804936e-06 1.513209455644097653e-04
1.360675562127834027e-06 1.518233087032620494e-04
1.371615608451217203e-06 1.523269857373058455e-04
1.382643614474097184e-06 1.528319746507266364e-04
1.393760287406343877e-06 1.533382734046673560e-04
1.404966340143906211e-06 1.538458799374301325e-04
1.416262491314529261e-06 1.543547921646809854e-04
1.427649465323837498e-06 1.548650079796567731e-04
1.439127992401792426e-06 1.553765252533748499e-04
1.450698808649518685e-06 1.558893418348449196e-04
1.462362656086510254e-06 1.564034555512838428e-04
1.474120282698216125e-06 1.569188642083323691e-04
1.485972442484004819e-06 1.574355655902746876e-04
1.497919895505519373e-06 1.579535574602600385e-04
1.509963407935419433e-06 1.584728375605271424e-04
1.522103752106511914e-06 1.589934036126306361e-04
1.534341706561282738e-06 1.595152533176698393e-04
1.546678056101822220e-06 1.600383843565202047e-04
1.559113591840153021e-06 1.605627943900666383e-04
1.571649111248962967e-06 1.610884810594394485e-04
1.584285418212747633e-06 1.616154419862520582e-04
1.597023323079359073e-06 1.621436747728416969e-04
1.609863642711975523e-06 1.626731770025114765e-04
1.622807200541482770e-06 1.632039462397752308e-04
1.635854826619281997e-06 1.637359800306041721e-04
1.649007357670518178e-06 1.642692759026759589e-04
1.662265637147738557e-06 1.648038313656256077e-04
1.675630515284982268e-06 1.653396439112986543e-04
1.689102849152304057e-06 1.658767110140062662e-04
1.702683502710737189e-06 1.664150301307823889e-04
1.716373346867698087e-06 1.669545987016430319e-04
1.730173259532836508e-06 1.674954141498474812e-04
1.744084125674334648e-06 1.680374738821612717e-04
1.758106837375657496e-06 1.685807752891213833e-04
1.772242293892762932e-06 1.691253157453030090e-04
1.786491401711768355e-06 1.696710926095886809e-04
1.800855074607082561e-06 1.702181032254386701e-04
1.815334233700005385e-06 1.707663449211636907e-04
1.829929807517796181e-06 1.713158150101989864e-04
1.844642732053221294e-06 1.718665107913806389e-04
1.859473950824576088e-06 1.724184295492232866e-04
1.874424414936191684e-06 1.729715685541995238e-04
1.889495083139428958e-06 1.735259250630212774e-04
1.904686921894160635e-06 1.740814963189226761e-04
1.920000905430748905e-06 1.746382795519445176e-04
1.935438015812523208e-06 1.751962719792203083e-04
1.950999242998754802e-06 1.757554708052641460e-04
1.966685584908147181e-06 1.763158732222598493e-04
1.982498047482824748e-06 1.768774764103516329e-04
1.998437644752846666e-06 1.774402775379366518e-04
2.014505398901233990e-06 1.780042737619585221e-04
2.030702340329519862e-06 1.785694622282025222e-04
2.047029507723829086e-06 1.791358400715923119e-04
2.063487948121487108e-06 1.797034044164877355e-04
2.080078716978163471e-06 1.802721523769842786e-04
2.096802878235559485e-06 1.808420810572136900e-04
2.113661504389635042e-06 1.814131875516460947e-04
2.130655676559386839e-06 1.819854689453928934e-04
2.147786484556178875e-06 1.825589223145115578e-04
2.165055026953629868e-06 1.831335447263112684e-04
2.182462411158065646e-06 1.837093332396597155e-04
2.200009753479532690e-06 1.842862849052912845e-04
2.217698179203385976e-06 1.848643967661161615e-04
2.235528822662453214e-06 1.854436658575305506e-04
2.253502827309776347e-06 1.860240892077283013e-04
2.271621345791941306e-06 1.866056638380131577e-04
2.289885540022993921e-06 1.871883867631121484e-04
2.308296581258952135e-06 1.877722549914901935e-04
2.326855650172917927e-06 1.883572655256655003e-04
2.345563936930790614e-06 1.889434153625257700e-04
2.364422641267591304e-06 1.895307014936456794e-04
2.383432972564401435e-06 1.901191209056047964e-04
2.402596149925914995e-06 1.907086705803068770e-04
2.421913402258621783e-06 1.912993474952994074e-04
2.441385968349613231e-06 1.918911486240944730e-04
2.461015096946025207e-06 1.924840709364901165e-04
2.480802046835116084e-06 1.930781113988925353e-04
2.500748086924994483e-06 1.936732669746389298e-04
2.520854496325989075e-06 1.942695346243211382e-04
2.541122564432678210e-06 1.948669113061098665e-04
2.561553591006576008e-06 1.954653939760797056e-04
2.582148886259484632e-06 1.960649795885346090e-04
2.602909770937515301e-06 1.966656650963339117e-04
2.623837576405786926e-06 1.972674474512191908e-04
2.644933644733804062e-06 1.978703236041414230e-04
2.666199328781522661e-06 1.984742905055886307e-04
2.687635992286104453e-06 1.990793451059143682e-04
2.709245009949375641e-06 1.996854843556661807e-04
2.731027767525979737e-06 2.002927052059148220e-04
2.752985661912248257e-06 2.009010046085838526e-04
2.775120101235778695e-06 2.015103795167796160e-04
2.797432504945737122e-06 2.021208268851214056e-04
2.819924303903884588e-06 2.027323436700721737e-04
2.842596940476337045e-06 2.033449268302696465e-04
2.865451868626061347e-06 2.039585733268573582e-04
2.888490554006117057e-06 2.045732801238164171e-04
2.911714474053644497e-06 2.051890441882969730e-04
2.935125118084612157e-06 2.058058624909505523e-04
2.958723987389323895e-06 2.064237320062620954e-04
2.982512595328696092e-06 2.070426497128822910e-04
3.006492467431303485e-06 2.076626125939602912e-04
3.030665141491213592e-06 2.082836176374760464e-04
3.055032167666598286e-06 2.089056618365735891e-04
3.079595108579149206e-06 2.095287421898934231e-04
3.104355539414280483e-06 2.101528557019056716e-04
3.129315048022146314e-06 2.107779993832431444e-04
3.154475235019467875e-06 2.114041702510340796e-04
3.179837713892175925e-06 2.120313653292354539e-04
3.205404111098883506e-06 2.126595816489658061e-04
3.231176066175187883e-06 2.132888162488382768e-04
3.257155231838811476e-06 2.139190661752934041e-04
3.283343274095587280e-06 2.145503284829321634e-04
3.309741872346298942e-06 2.151826002348484655e-04
3.336352719494376766e-06 2.158158785029620059e-04
3.363177522054462770e-06 2.164501603683506006e-04
3.390218000261845231e-06 2.170854429215826294e-04
3.417475888182777097e-06 2.177217232630492352e-04
3.444952933825677016e-06 2.183589985032961442e-04
3.472650899253224830e-06 2.189972657633557844e-04
3.500571560695367204e-06 2.196365221750784546e-04
3.528716708663216453e-06 2.202767648814640909e-04
3.557088148063878139e-06 2.209179910369929206e-04
3.585687698316195582e-06 2.215601978079567952e-04
3.614517193467427381e-06 2.222033823727891121e-04
3.643578482310860899e-06 2.228475419223956329e-04
3.672873428504372313e-06 2.234926736604839442e-04
3.702403910689945084e-06 2.241387748038934898e-04
3.732171822614137942e-06 2.247858425829244355e-04
3.762179073249530780e-06 2.254338742416667522e-04
3.792427586917144204e-06 2.260828670383285930e-04
3.822919303409845040e-06 2.267328182455647799e-04
3.853656178116741586e-06 2.273837251508040972e-04
3.884640182148576680e-06 2.280355850565769099e-04
3.915873302464135930e-06 2.286883952808420242e-04
3.947357541997669000e-06 2.293421531573131673e-04
3.979094919787328600e-06 2.299968560357847904e-04
4.011087471104658111e-06 2.306525012824580886e-04
4.043337247585103268e-06 2.313090862802657730e-04
4.075846317359581784e-06 2.319666084291967625e-04
4.108616765187110079e-06 2.326250651466204688e-04
4.141650692588498958e-06 2.332844538676101596e-04
4.174950217981115707e-06 2.339447720452665115e-04
4.208517476814738861e-06 2.346060171510398621e-04
4.242354621708501405e-06 2.352681866750524619e-04
4.276463822588930044e-06 2.359312781264201572e-04
4.310847266829107633e-06 2.365952890335732328e-04
4.345507159388938442e-06 2.372602169445770372e-04
4.380445722956556073e-06 2.379260594274519038e-04
4.415665198090855392e-06 2.385928140704923403e-04
4.451167843365178956e-06 2.392604784825863530e-04
4.486955935512153723e-06 2.399290502935329012e-04
4.523031769569699201e-06 2.405985271543603816e-04
4.559397659028200270e-06 2.412689067376431345e-04
4.596055935978870933e-06 2.419401867378182197e-04
4.633008951263307298e-06 2.426123648715011911e-04
4.670259074624239964e-06 2.432854388778015722e-04
4.707808694857508668e-06 2.439594065186374643e-04
4.745660219965244812e-06 2.446342655790495588e-04
4.783816077310303348e-06 2.453100138675149322e-04
4.822278713771912715e-06 2.459866492162599201e-04
4.861050595902601236e-06 2.466641694815719602e-04
4.900134210086366977e-06 2.473425725441120060e-04
4.939532062698127456e-06 2.480218563092251500e-04
4.979246680264454316e-06 2.487020187072511938e-04
5.019280609625586158e-06 2.493830576938347297e-04
5.059636418098762756e-06 2.500649712502340844e-04
5.100316693642856920e-06 2.507477573836302078e-04
5.141324045024341284e-06 2.514314141274349122e-04
5.182661101984584935e-06 2.521159395415977552e-04
5.224330515408487514e-06 2.528013317129135197e-04
5.266334957494487191e-06 2.534875887553281215e-04
5.308677121925913744e-06 2.541747088102444085e-04
5.351359724043740921e-06 2.548626900468270386e-04
5.394385501020709317e-06 2.555515306623071942e-04
5.437757212036864628e-06 2.562412288822865929e-04
5.481477638456489283e-06 2.569317829610401967e-04
5.525549584006481658e-06 2.576231911818196258e-04
5.569975874956139658e-06 2.583154518571551634e-04
5.614759360298415610e-06 2.590085633291570009e-04
5.659902911932616187e-06 2.597025239698166465e-04
5.705409424848570235e-06 2.603973321813075198e-04
5.751281817312282307e-06 2.610929863962845173e-04
5.797523031053075276e-06 2.617894850781836858e-04
5.844136031452240659e-06 2.624868267215211908e-04
5.891123807733205145e-06 2.631850098521915809e-04
5.938489373153222618e-06 2.638840330277655638e-04
5.986235765196612015e-06 2.645838948377875113e-04
6.034366045769542723e-06 2.652845939040724224e-04
6.082883301396396293e-06 2.659861288810018019e-04
6.131790643417694327e-06 2.666884984558205696e-04
6.181091208189632330e-06 2.673917013489314205e-04
6.230788157285200065e-06 2.680957363141905415e-04
6.280884677696934980e-06 2.688006021392020804e-04
6.331383982041298552e-06 2.695062976456121277e-04
6.382289308764692492e-06 2.702128216894024806e-04
6.433603922351144441e-06 2.709201731611840828e-04
6.485331113531643696e-06 2.716283509864901385e-04
6.537474199495179471e-06 2.723373541260684129e-04
6.590036524101461357e-06 2.730471815761734795e-04
6.643021458095360119e-06 2.737578323688588579e-04
6.696432399323069652e-06 2.744693055722685019e-04
6.750272772950001129e-06 2.751816002909277447e-04
6.804546031680435579e-06 2.758947156660348414e-04
6.859255655978945081e-06 2.766086508757511554e-04
6.914405154293581709e-06 2.773234051354916702e-04
6.969998063280875740e-06 2.780389776982155562e-04
7.026037948032637194e-06 2.787553678547154894e-04
7.082528402304574267e-06 2.794725749339078925e-04
7.139473048746757439e-06 2.801905983031224715e-04
7.196875539135936895e-06 2.809094373683912634e-04
7.254739554609722573e-06 2.816290915747383895e-04
7.313068805902656480e-06 2.823495604064685076e-04
7.371867033584169658e-06 2.830708433874565646e-04
7.431138008298460221e-06 2.837929400814360320e-04
7.490885531006300932e-06 2.845158500922882251e-04
7.551113433228792416e-06 2.852395730643309175e-04
7.611825577293065396e-06 2.859641086826071729e-04
7.673025856579975148e-06 2.866894566731739051e-04
7.734718195773772931e-06 2.874156168033910894e-04
7.796906551113785738e-06 2.881425888822104308e-04
7.859594910648135696e-06 2.888703727604638710e-04
7.922787294489477098e-06 2.895989683311533404e-04
7.986487755072807827e-06 2.903283755297394824e-04
8.050700377415339056e-06 2.910585943344307005e-04
8.115429279378472382e-06 2.917896247664730747e-04
8.180678611931853874e-06 2.925214668904397891e-04
8.246452559419588054e-06 2.932541208145208848e-04
8.312755339828571167e-06 2.939875866908136094e-04
8.379591205058970816e-06 2.947218647156124951e-04
8.446964441196907895e-06 2.954569551297003588e-04
8.514879368789310307e-06 2.961928582186392476e-04
8.583340343120985914e-06 2.969295743130616555e-04
8.652351754493921488e-06 2.976671037889623908e-04
8.721918028508824600e-06 2.984054470679909851e-04
8.792043626348930481e-06 2.991446046177439404e-04
8.862733045066090791e-06 2.998845769520582221e-04
8.933990817869164616e-06 3.006253646313046448e-04
9.005821514414725262e-06 3.013669682626822326e-04
9.078229741100111628e-06 3.021093885005129054e-04
9.151220141358815702e-06 3.028526260465367616e-04
9.224797395958273934e-06 3.035966816502083361e-04
9.298966223300030303e-06 3.043415561089929128e-04
9.373731379722320198e-06 3.050872502686641382e-04
9.449097659805092070e-06 3.058337650236021767e-04
9.525069896677475307e-06 3.065811013170925713e-04
9.601652962327716364e-06 3.073292601416257545e-04
9.678851767915615340e-06 3.080782425391979679e-04
9.756671264087478235e-06 3.088280496016125088e-04
9.835116441293583207e-06 3.095786824707819507e-04
9.914192330108225195e-06 3.103301423390318289e-04
9.993904001552294860e-06 3.110824304494044876e-04
1.007425656741850706e-05 3.118355480959648799e-04
1.015525518059919580e-05 3.125894966241064745e-04
1.023690503541674522e-05 3.133442774308593868e-04
1.031921136795673945e-05 3.140998919651985088e-04
1.040217945640368757e-05 3.148563417283535906e-04
1.048581462137955720e-05 3.156136282741203529e-04
1.057012222628495604e-05 3.163717532091726284e-04
1.065510767764305943e-05 3.171307181933762922e-04
1.074077642544636526e-05 3.178905249401042235e-04
1.082713396350615610e-05 3.186511752165523494e-04
1.091418582980483100e-05 3.194126708440577509e-04
1.100193760685104948e-05 3.201750136984185015e-04
1.109039492203770117e-05 3.209382057102133450e-04
1.117956344800282660e-05 3.217022488651251669e-04
1.126944890299335004e-05 3.224671452042644120e-04
1.136005705123181940e-05 3.232328968244949411e-04
1.145139370328604121e-05 3.239995058787616773e-04
1.154346471644169042e-05 3.247669745764191732e-04
1.163627599507796614e-05 3.255353051835630515e-04
1.172983349104617807e-05 3.263045000233625302e-04
1.182414320405148396e-05 3.270745614763951150e-04
1.191921118203762040e-05 3.278454919809835701e-04
1.201504352157472028e-05 3.286172940335336471e-04
1.211164636825033875e-05 3.293899701888756623e-04
1.220902591706348958e-05 3.301635230606065632e-04
1.230718841282198490e-05 3.309379553214355715e-04
1.240614015054285480e-05 3.317132697035302612e-04
1.250588747585607711e-05 3.324894689988666468e-04
1.260643678541149882e-05 3.332665560595805192e-04
1.270779452728901342e-05 3.340445337983209500e-04
1.280996720141213160e-05 3.348234051886079697e-04
1.291296135996474679e-05 3.356031732651895412e-04
1.301678360781136013e-05 3.363838411244047676e-04
1.312144060292062737e-05 3.371654119245461783e-04
1.322693905679230758e-05 3.379478888862273820e-04
1.333328573488770156e-05 3.387312752927518038e-04
1.344048745706345974e-05 3.395155744904847293e-04
1.354855109800897308e-05 3.403007898892276254e-04
1.365748358768722829e-05 3.410869249625969059e-04
1.376729191177918336e-05 3.418739832484029152e-04
1.387798311213180392e-05 3.426619683490345482e-04
1.398956428720958603e-05 3.434508839318456061e-04
1.410204259254982112e-05 3.442407337295436457e-04
1.421542524122145747e-05 3.450315215405839239e-04
1.432971950428762594e-05 3.458232512295644268e-04
1.444493271127198751e-05 3.466159267276257240e-04
1.456107225062869934e-05 3.474095520328534235e-04
1.467814557021627890e-05 3.482041312106840978e-04
1.479616017777519837e-05 3.489996683943151663e-04
1.491512364140933654e-05 3.497961677851176509e-04
1.503504359007133540e-05 3.505936336530527265e-04
1.515592771405180578e-05 3.513920703370927712e-04
1.527778376547253252e-05 3.521914822456448011e-04
1.540061955878355756e-05 3.529918738569786220e-04
1.552444297126434722e-05 3.537932497196587755e-04
1.564926194352894576e-05 3.545956144529801711e-04
1.577508448003517091e-05 3.553989727474079477e-04
1.590191864959796328e-05 3.562033293650216704e-04
1.602977258590678795e-05 3.570086891399626731e-04
1.615865448804727466e-05 3.578150569788872545e-04
1.628857262102699821e-05 3.586224378614229105e-04
1.641953531630547383e-05 3.594308368406293913e-04
1.655155097232850615e-05 3.602402590434644744e-04
1.668462805506668533e-05 3.610507096712534244e-04
1.681877509855837248e-05 3.618621940001651204e-04
1.695400070545694730e-05 3.626747173816897551e-04
1.709031354758245013e-05 3.634882852431244493e-04
1.722772236647776074e-05 3.643029030880614682e-04
1.736623597396910713e-05 3.651185764968830510e-04
1.750586325273121948e-05 3.659353111272598187e-04
1.764661315685693267e-05 3.667531127146557413e-04
1.778849471243137980e-05 3.675719870728365204e-04
1.793151701811086801e-05 3.683919400943854523e-04
1.807568924570631817e-05 3.692129777512227610e-04
1.822102064077146832e-05 3.700351060951318155e-04
1.836752052319578311e-05 3.708583312582896846e-04
1.851519828780207288e-05 3.716826594538039791e-04
1.866406340494904237e-05 3.725080969762560915e-04
1.881412542113855235e-05 3.733346502022483388e-04
1.896539395962785506e-05 3.741623255909593991e-04
1.911787872104672207e-05 3.749911296847041392e-04
1.927158948401948158e-05 3.758210691094996227e-04
1.942653610579220223e-05 3.766521505756385987e-04
1.958272852286470169e-05 3.774843808782674896e-04
1.974017675162788134e-05 3.783177668979725654e-04
1.989889088900598392e-05 3.791523156013713218e-04
2.005888111310409941e-05 3.799880340417109053e-04
2.022015768386092925e-05 3.808249293594736400e-04
2.038273094370665652e-05 3.816630087829883016e-04
2.054661131822628115e-05 3.825022796290501173e-04
2.071180931682811189e-05 3.833427493035455381e-04
2.087833553341777751e-05 3.841844253020858463e-04
2.104620064707760145e-05 3.850273152106479732e-04
2.121541542275136695e-05 3.858714267062209546e-04
2.138599071193475397e-05 3.867167675574621983e-04
2.155793745337113268e-05 3.875633456253592271e-04
2.173126667375314391e-05 3.884111688639011795e-04
2.190598948842975146e-05 3.892602453207558394e-04
2.208211710211908127e-05 3.901105831379565866e-04
2.225966080962696629e-05 3.909621905525963409e-04
2.243863199657126126e-05 3.918150758975297450e-04
2.261904214011197496e-05 3.926692476020841849e-04
2.280090280968732151e-05 3.935247141927785070e-04
2.298422566775559588e-05 3.943814842940504095e-04
2.316902247054311752e-05 3.952395666289935374e-04
2.335530506879811001e-05 3.960989700201016247e-04
2.354308540855067937e-05 3.969597033900229902e-04
2.373237553187892824e-05 3.978217757623233827e-04
2.392318757768112806e-05 3.986851962622582038e-04
2.411553378245425076e-05 3.995499741175541093e-04
2.430942648107858555e-05 4.004161186591997717e-04
2.450487810760885077e-05 4.012836393222472147e-04
2.470190119607151613e-05 4.021525456466212237e-04
2.490050838126858280e-05 4.030228472779400330e-04
2.510071239958788899e-05 4.038945539683456618e-04
2.530252608981980219e-05 4.047676755773442253e-04
2.550596239398062666e-05 4.056422220726564371e-04
2.571103435814249243e-05 4.065182035310796037e-04
2.591775513327003414e-05 4.073956301393586192e-04
2.612613797606370720e-05 4.082745121950691553e-04
2.633619624980991744e-05 4.091548601075107195e-04
2.654794342523803219e-05 4.100366843986120720e-04
2.676139308138417763e-05 4.109199957038466716e-04
2.697655890646209712e-05 4.118048047731596149e-04
2.719345469874094161e-05 4.126911224719075305e-04
2.741209436743007345e-05 4.135789597818089912e-04
2.763249193357117167e-05 4.144683278019061466e-04
2.785466153093722532e-05 4.153592377495408852e-04
2.807861740693903493e-05 4.162517009613405901e-04
2.830437392353884590e-05 4.171457288942185333e-04
2.853194555817130038e-05 4.180413331263850563e-04
2.876134690467194459e-05 4.189385253583730625e-04
2.899259267421302406e-05 4.198373174140755454e-04
2.922569769624696991e-05 4.207377212417967756e-04
2.946067691945734239e-05 4.216397489153165005e-04
2.969754541271745198e-05 4.225434126349679118e-04
2.993631836605677653e-05 4.234487247287296537e-04
3.017701109163497462e-05 4.243556976533310594e-04
3.041963902472392538e-05 4.252643439953725647e-04
3.066421772469752715e-05 4.261746764724590251e-04
3.091076287602947183e-05 4.270867079343491869e-04
3.115929028929914049e-05 4.280004513641190900e-04
3.140981590220540701e-05 4.289159198793403792e-04
3.166235578058883060e-05 4.298331267332737397e-04
3.191692611946182409e-05 4.307520853160790291e-04
3.217354324404724506e-05 4.316728091560389623e-04
3.243222361082536245e-05 4.325953119208004148e-04
3.269298380858910372e-05 4.335196074186306874e-04
3.295584055950792830e-05 4.344457095996913897e-04
3.322081072020019156e-05 4.353736325573272312e-04
3.348791128281408089e-05 4.363033905293723768e-04
3.375715937611739468e-05 4.372349978994753954e-04
3.402857226659587302e-05 4.381684691984381419e-04
3.430216735956056795e-05 4.391038191055751292e-04
3.457796220026394145e-05 4.400410624500898150e-04
3.485597447502509117e-05 4.409802142124680724e-04
3.513622201236391392e-05 4.419212895258912846e-04
3.541872278414436986e-05 4.428643036776673298e-04
3.570349490672711804e-05 4.438092721106795080e-04
3.599055664213113070e-05 4.447562104248573163e-04
3.627992639920497040e-05 4.457051343786634862e-04
3.657162273480724221e-05 4.466560598906028673e-04
3.686566435499654629e-05 4.476090030407496351e-04
3.716207011623125602e-05 4.485639800722967239e-04
3.746085902657854568e-05 4.495210073931237460e-04
3.776205024693352839e-05 4.504801015773871910e-04
3.806566309224791467e-05 4.514412793671310621e-04
3.837171703276863889e-05 4.524045576739192513e-04
3.868023169528655520e-05 4.533699535804898146e-04
3.899122686439495235e-05 4.543374843424309866e-04
3.930472248375842259e-05 4.553071673898793654e-04
3.962073865739177298e-05 4.562790203292416266e-04
3.993929565094919600e-05 4.572530609449392209e-04
4.026041389302404501e-05 4.582293072011754610e-04
4.058411397645867238e-05 4.592077772437272746e-04
4.091041665966522502e-05 4.601884894017610798e-04
4.123934286795675992e-05 4.611714621896726221e-04
4.157091369488906640e-05 4.621567143089519653e-04
4.190515040361355388e-05 4.631442646500729299e-04
4.224207442824065643e-05 4.641341322944100172e-04
4.258170737521449272e-05 4.651263365161788059e-04
4.292407102469834087e-05 4.661208967844041040e-04
4.326918733197148385e-05 4.671178327649140138e-04
4.361707842883712059e-05 4.681171643223627820e-04
4.396776662504158655e-05 4.691189115222780441e-04
4.432127440970515508e-05 4.701230946331399997e-04
4.467762445276410755e-05 4.711297341284842216e-04
4.503683960642468239e-05 4.721388506890378603e-04
4.539894290662842177e-05 4.731504652048814882e-04
4.576395757452945121e-05 4.741645987776421699e-04
4.613190701798367200e-05 4.751812727227164562e-04
4.650281483304981192e-05 4.762005085715235184e-04
4.687670480550266663e-05 4.772223280737889124e-04
4.725360091235843651e-05 4.782467531998615723e-04
4.763352732341224062e-05 4.792738061430589945e-04
4.801650840278824791e-05 4.803035093220490125e-04
4.840256871050195841e-05 4.813358853832616050e-04
4.879173300403533207e-05 4.823709572033352895e-04
4.918402623992439285e-05 4.834087478915957171e-04
4.957947357535959915e-05 4.844492807925713466e-04
4.997810036979925190e-05 4.854925794885418615e-04
5.037993218659563515e-05 4.865386678021219871e-04
5.078499479463449240e-05 4.875875697988824400e-04
5.119331416998745913e-05 4.886393097900062783e-04
5.160491649757782424e-05 4.896939123349826556e-04
5.201982817285989821e-05 4.907514022443386316e-04
5.243807580351149341e-05 4.918118045824081694e-04
5.285968621114044467e-05 4.928751446701403827e-04
5.328468643300454704e-05 4.939414480879477341e-04
5.371310372374531698e-05 4.950107406785922903e-04
5.414496555713603802e-05 4.960830485501151275e-04
5.458029962784331139e-05 4.971583980788041182e-04
5.501913385320336550e-05 4.982368159122060620e-04
5.546149637501216178e-05 4.993183289721797981e-04
5.590741556133011018e-05 5.004029644579920371e-04
5.635692000830137398e-05 5.014907498494581856e-04
5.681003854198756739e-05 5.025817129101277326e-04
5.726680022021644217e-05 5.036758816905124612e-04
5.772723433444521788e-05 5.047732845313626909e-04
5.819137041163910439e-05 5.058739500669903570e-04
5.865923821616477970e-05 5.069779072286370852e-04
5.913086775169906008e-05 5.080851852478927887e-04
5.960628926315313531e-05 5.091958136601601285e-04
6.008553323861198276e-05 5.103098223081720987e-04
6.056863041128965824e-05 5.114272413455569913e-04
6.105561176150011804e-05 5.125481012404547532e-04
6.154650851864385680e-05 5.136724327791866848e-04
6.204135216321076773e-05 5.148002670699772894e-04
6.254017442879876443e-05 5.159316355467276219e-04
6.304300730414897063e-05 5.170665699728462092e-04
6.354988303519703077e-05 5.182051024451337458e-04
6.406083412714094099e-05 5.193472653977220009e-04
6.457589334652572596e-05 5.204930916060736571e-04
6.509509372334444655e-05 5.216426141910360335e-04
6.561846855315669016e-05 5.227958666229562835e-04
6.614605139922354103e-05 5.239528827258558988e-04
6.667787609465991128e-05 5.251136966816637597e-04
6.721397674460446309e-05 5.262783430345147799e-04
6.775438772840639034e-05 5.274468566951064476e-04
6.829914370183038763e-05 5.286192729451241051e-04
6.884827959927898014e-05 5.297956274417262934e-04
6.940183063603270217e-05 5.309759562220988348e-04
6.995983231050862576e-05 5.321602957080745098e-04
7.052232040653658900e-05 5.333486827108200636e-04
7.108933099565416735e-05 5.345411544355943350e-04
7.166090043941968351e-05 5.357377484865734991e-04
7.223706539174424494e-05 5.369385028717491666e-04
7.281786280124214513e-05 5.381434560079001016e-04
7.340332991360034676e-05 5.393526467256338705e-04
7.399350427396700618e-05 5.405661142745067692e-04
7.458842372935924254e-05 5.417838983282183447e-04
7.518812643109013785e-05 5.430060389898821354e-04
7.579265083721541541e-05 5.442325767973764253e-04
7.640203571499959315e-05 5.454635527287745797e-04
7.701632014340201854e-05 5.466990082078548516e-04
7.763554351558317815e-05 5.479389851096943230e-04
7.825974554143073957e-05 5.491835257663467635e-04
7.888896625010616618e-05 5.504326729726038633e-04
7.952324599261171483e-05 5.516864699918440709e-04
8.016262544437788436e-05 5.529449605619700088e-04
8.080714560787229063e-05 5.542081889014340360e-04
8.145684781522876186e-05 5.554761997153562919e-04
8.211177373089800975e-05 5.567490382017340313e-04
8.277196535431957788e-05 5.580267500577444162e-04
8.343746502261494577e-05 5.593093814861448869e-04
8.410831541330292672e-05 5.605969792017688339e-04
8.478455954703623479e-05 5.618895904381217754e-04
8.546624079036044047e-05 5.631872629540757638e-04
8.615340285849508483e-05 5.644900450406687429e-04
8.684608981813672158e-05 5.657979855280043015e-04
8.754434609028531014e-05 5.671111337922610414e-04
8.824821645309261810e-05 5.684295397628070026e-04
8.895774604473383901e-05 5.697532539294230527e-04
8.967298036630223605e-05 5.710823273496384899e-04
9.039396528472687918e-05 5.724168116561796204e-04
9.112074703571437014e-05 5.737567590645328277e-04
9.185337222671366116e-05 5.751022223806245186e-04
9.259188783990488858e-05 5.764532550086206566e-04
9.333634123521247913e-05 5.778099109588464254e-04
9.408678015334185111e-05 5.791722448558284065e-04
9.484325271884147242e-05 5.805403119464657780e-04
9.560580744318870319e-05 5.819141681083215330e-04
9.637449322790087329e-05 5.832938698580522607e-04
9.714935936767125576e-05 5.846794743599608747e-04
9.793045555353000408e-05 5.860710394346896378e-04
9.871783187603131349e-05 5.874686235680473025e-04
9.951153882846515311e-05 5.888722859199749205e-04
1.003116273100955881e-04 5.902820863336532501e-04
1.011181486294248922e-04 5.916980853447524093e-04
1.019311545074834781e-04 5.931203441908311502e-04
1.027506970811473120e-04 5.945489248208806572e-04
1.035768289064810236e-04 5.959838899050227349e-04
1.044096029621082036e-04 5.974253028443601106e-04
1.052490726526091025e-04 5.988732277809856799e-04
1.060952918119449081e-04 6.003277296081482037e-04
1.069483147069107116e-04 6.017888739805826942e-04
1.078081960406149974e-04 6.032567273250060346e-04
1.086749909559880538e-04 6.047313568507791314e-04
1.095487550393177320e-04 6.062128305607402626e-04
1.104295443238146555e-04 6.077012172622152592e-04
1.113174152932052931e-04 6.091965865782031104e-04
1.122124248853541024e-04 6.106990089587402458e-04
1.131146304959151358e-04 6.122085556924517337e-04
1.140240899820122025e-04 6.137252989182883115e-04
1.149408616659498893e-04 6.152493116374529352e-04
1.158650043389531362e-04 6.167806677255229181e-04
1.167965772649376855e-04 6.183194419447674440e-04
1.177356401843105620e-04 6.198657099566674995e-04
1.186822533178008446e-04 6.214195483346390955e-04
1.196364773703220414e-04 6.229810345769676901e-04
1.205983735348646737e-04 6.245502471199486112e-04
1.215680034964205592e-04 6.261272653512513654e-04
1.225454294359386862e-04 6.277121696234973193e-04
1.235307140343123403e-04 6.293050412680650622e-04
1.245239204763995021e-04 6.309059626091212836e-04
1.255251124550741716e-04 6.325150169778868134e-04
1.265343541753111817e-04 6.341322887271357662e-04
1.275517103583035370e-04 6.357578632459389562e-04
1.285772462456126312e-04 6.373918269746497393e-04
1.296110276033524817e-04 6.390342674201428003e-04
1.306531207264071130e-04 6.406852731713038240e-04
1.317035924426817684e-04 6.423449339147810008e-04
1.327625101173887602e-04 6.440133404510014039e-04
1.338299416573669590e-04 6.456905847104529948e-04
1.349059555154372776e-04 6.473767597702446194e-04
1.359906206947920904e-04 6.490719598709430169e-04
1.370840067534202420e-04 6.507762804336934565e-04
1.381861838085679430e-04 6.524898180776328915e-04
1.392972225412347396e-04 6.542126706375967155e-04
1.404171942007070232e-04 6.559449371821271437e-04
1.415461706091264524e-04 6.576867180317872309e-04
1.426842241660961042e-04 6.594381147777885485e-04
1.438314278533234345e-04 6.611992303009356668e-04
1.449878552392999654e-04 6.629701687908978475e-04
1.461535804840198691e-04 6.647510357658070832e-04
1.473286783437352510e-04 6.665419380921993936e-04
1.485132241757502482e-04 6.683429840052910326e-04
1.497072939432538604e-04 6.701542831296140000e-04
1.509109642201905926e-04 6.719759465000013166e-04
1.521243121961720539e-04 6.738080865829395184e-04
1.533474156814263129e-04 6.756508172982901052e-04
1.545803531117879927e-04 6.775042540413915440e-04
1.558232035537283455e-04 6.793685137055424780e-04
1.570760467094250903e-04 6.812437147048803435e-04
1.583389629218744804e-04 6.831299769976606007e-04
1.596120331800430256e-04 6.850274221099438400e-04
1.608953391240612271e-04 6.869361731596970548e-04
1.621889630504593524e-04 6.888563548813223057e-04
1.634929879174443288e-04 6.907880936506157052e-04
1.648074973502205195e-04 6.927315175101696242e-04
1.661325756463520793e-04 6.946867561952228907e-04
1.674683077811688135e-04 6.966539411599716658e-04
1.688147794132157850e-04 6.986332056043472859e-04
1.701720768897458280e-04 7.006246845012702867e-04
1.715402872522577883e-04 7.026285146243930763e-04
1.729194982420776707e-04 7.046448345763391737e-04
1.743097983059858924e-04 7.066737848174470347e-04
1.757112766018882838e-04 7.087155076950306084e-04
1.771240230045349837e-04 7.107701474731685509e-04
1.785481281112830283e-04 7.128378503630295772e-04
1.799836832479065633e-04 7.149187645537460932e-04
1.814307804744534603e-04 7.170130402438476026e-04
1.828895125911485535e-04 7.191208296732651620e-04
1.843599731443455031e-04 7.212422871559155593e-04
1.858422564325252796e-04 7.233775691128862487e-04
1.873364575123435993e-04 7.255268341062162717e-04
1.888426722047267694e-04 7.276902428733063397e-04
1.903609971010160524e-04 7.298679583619523343e-04
1.918915295691627962e-04 7.320601457660280264e-04
1.934343677599718403e-04 7.342669725618215706e-04
1.949896106133960677e-04 7.364886085450468058e-04
1.965573578648814005e-04 7.387252258685358692e-04
1.981377100517618575e-04 7.409769990806319880e-04
1.997307685197080910e-04 7.432441051642973018e-04
2.013366354292257419e-04 7.455267235769477523e-04
2.029554137622071111e-04 7.478250362910297822e-04
2.045872073285352245e-04 7.501392278353610733e-04
2.062321207727405362e-04 7.524694853372387903e-04
2.078902595807124922e-04 7.548159985653465562e-04
2.095617300864636783e-04 7.571789599734642801e-04
2.112466394789487469e-04 7.595585647450040379e-04
2.129450958089388821e-04 7.619550108383889211e-04
2.146572079959497973e-04 7.643684990332899219e-04
2.163830858352278465e-04 7.667992329777440592e-04
2.181228400047905075e-04 7.692474192361661032e-04
2.198765820725237866e-04 7.717132673382785107e-04
2.216444245033373831e-04 7.741969898289754017e-04
2.234264806663760440e-04 7.766988023191432342e-04
2.252228648422909278e-04 7.792189235374566121e-04
2.270336922305674565e-04 7.817575753831718837e-04
2.288590789569130957e-04 7.843149829799378296e-04
2.306991420807045503e-04 7.868913747306483788e-04
2.325539996024937226e-04 7.894869823733561068e-04
2.344237704715763113e-04 7.921020410382727554e-04
2.363085745936188481e-04 7.947367893058829031e-04
2.382085328383483477e-04 7.973914692661840126e-04
2.401237670473037843e-04 8.000663265790895025e-04
2.420544000416485536e-04 8.027616105360156585e-04
2.440005556300484492e-04 8.054775741226782989e-04
2.459623586166101092e-04 8.082144740831233689e-04
2.479399348088849489e-04 8.109725709850248597e-04
2.499334110259371702e-04 8.137521292862692421e-04
2.519429151064756303e-04 8.165534174028652283e-04
2.539685759170531745e-04 8.193767077782014140e-04
2.560105233603299376e-04 8.222222769536796649e-04
2.580688883834038653e-04 8.250904056407641456e-04
2.601438029862086733e-04 8.279813787944684342e-04
2.622354002299774004e-04 8.308954856883167192e-04
2.643438142457773567e-04 8.338330199908148546e-04
2.664691802431103399e-04 8.367942798434588152e-04
2.686116345185840851e-04 8.397795679403209906e-04
2.707713144646527767e-04 8.427891916092491217e-04
2.729483585784267877e-04 8.458234628947086707e-04
2.751429064705559276e-04 8.488826986423143785e-04
2.773550988741813744e-04 8.519672205850853776e-04
2.795850776539611699e-04 8.550773554314632183e-04
2.818329858151675431e-04 8.582134349551304294e-04
2.840989675128570923e-04 8.613757960866769928e-04
2.863831680611167527e-04 8.645647810071553901e-04
2.886857339423811049e-04 8.677807372435629267e-04
2.910068128168267695e-04 8.710240177663004487e-04
2.933465535318417207e-04 8.742949810886541800e-04
2.957051061315697890e-04 8.775939913683439416e-04
2.980826218665339855e-04 8.809214185111894670e-04
3.004792532033352323e-04 8.842776382769399184e-04
3.028951538344303485e-04 8.876630323873217895e-04
3.053304786879867971e-04 8.910779886363534401e-04
3.077853839378198318e-04 8.945229010029875222e-04
3.102600270134066762e-04 8.979981697661192433e-04
3.127545666099822890e-04 9.015042016220379878e-04
3.152691626987166613e-04 9.050414098043619779e-04
3.178039765369723994e-04 9.086102142065263397e-04
3.203591706786476341e-04 9.122110415068829031e-04
3.229349089845992690e-04 9.158443252964655135e-04
3.255313566331511765e-04 9.195105062095021691e-04
3.281486801306875579e-04 9.232100320567213645e-04
3.307870473223291905e-04 9.269433579615299432e-04
3.334466274026990674e-04 9.307109464991351021e-04
3.361275909267713038e-04 9.345132678386707187e-04
3.388301098208091103e-04 9.383507998884075847e-04
3.415543573933899914e-04 9.422240284441257135e-04
3.443005083465191423e-04 9.461334473407183310e-04
3.470687387868342990e-04 9.500795586071090777e-04
3.498592262368978669e-04 9.540628726245717643e-04
3.526721496465820191e-04 9.580839082885196818e-04
3.555076894045442176e-04 9.621431931738633463e-04
3.583660273497942948e-04 9.662412637040267756e-04
3.612473467833574340e-04 9.703786653236976499e-04
3.641518324800276790e-04 9.745559526754168488e-04
3.670796707002175053e-04 9.787736897801074375e-04
3.700310492019030176e-04 9.830324502216178026e-04
3.730061572526629306e-04 9.873328173354125117e-04
3.760051856418180553e-04 9.916753844014861412e-04
3.790283266926655452e-04 9.960607548416210676e-04
3.820757742748118581e-04 1.000489542421101980e-03
3.851477238166061160e-04 1.004962371454983395e-03
3.882443723176711510e-04 1.009479877019043952e-03
3.913659183615391768e-04 1.014042705165536578e-03
3.945125621283846048e-04 1.018651513143861362e-03
3.976845054078622993e-04 1.023306969626280177e-03
4.008819516120481802e-04 1.028009754938813154e-03
4.041051057884820132e-04 1.032760561297440573e-03
4.073541746333197034e-04 1.037560093049752887e-03
4.106293665045860405e-04 1.042409066922188494e-03
4.139308914355374364e-04 1.047308212273005430e-03
4.172589611481314028e-04 1.052258271351124222e-03
4.206137890666020629e-04 1.057259999561022557e-03
4.239955903311490716e-04 1.062314165733810323e-03
4.274045818117331664e-04 1.067421552404661548e-03
4.308409821219836623e-04 1.072582956096775411e-03
4.343050116332183787e-04 1.077799187612025686e-03
4.377968924885742089e-04 1.083071072328484902e-03
4.413168486172550000e-04 1.088399450504999501e-03
4.448651057488902934e-04 1.093785177593017445e-03
4.484418914280118625e-04 1.099229124555836309e-03
4.520474350286452858e-04 1.104732178195499785e-03
4.556819677690188294e-04 1.110295241487525581e-03
4.593457227263926220e-04 1.115919233923685916e-03
4.630389348520045994e-04 1.121605091863061773e-03
4.667618409861376614e-04 1.127353768891581256e-03
4.705146798733084775e-04 1.133166236190285767e-03
4.742976921775759330e-04 1.139043482912557338e-03
4.781111204979771869e-04 1.144986516570549537e-03
4.819552093840836961e-04 1.150996363431077817e-03
4.858302053516843082e-04 1.157074068921232126e-03
4.897363568985925496e-04 1.163220698043961141e-03
4.936739145205850483e-04 1.169437335803940811e-03
4.976431307274632298e-04 1.175725087643972452e-03
5.016442600592474488e-04 1.182085079892227419e-03
5.056775591025003576e-04 1.188518460220638027e-03
5.097432865067797825e-04 1.195026398114736781e-03
5.138417030012282097e-04 1.201610085355281745e-03
5.179730714112908575e-04 1.208270736511981398e-03
5.221376566755715504e-04 1.215009589449676103e-03
5.263357258628222762e-04 1.221827905847318796e-03
5.305675481890687007e-04 1.228726971730129819e-03
5.348333950348773888e-04 1.235708098015289537e-03
5.391335399627569238e-04 1.242772621071561428e-03
5.434682587347016000e-04 1.249921903293252021e-03
5.478378293298761690e-04 1.257157333688902747e-03
5.522425319624404494e-04 1.264480328485161498e-03
5.566826490995214951e-04 1.271892331746257146e-03
5.611584654793264938e-04 1.279394816009534570e-03
5.656702681294026834e-04 1.286989282937522471e-03
5.702183463850443940e-04 1.294677263987013176e-03
5.748029919078461326e-04 1.302460321095651663e-03
5.794244987044089735e-04 1.310340047386559853e-03
5.840831631451933164e-04 1.318318067891518109e-03
5.887792839835242998e-04 1.326396040293247990e-03
5.935131623747520388e-04 1.334575655687388670e-03
5.982851018955612655e-04 1.342858639364722349e-03
6.030954085634429498e-04 1.351246751614286826e-03
6.079443908563164070e-04 1.359741788547965020e-03
6.128323597323120844e-04 1.368345582947240371e-03
6.177596286497135086e-04 1.377060005132747138e-03
6.227265135870566591e-04 1.385886963857336411e-03
6.277333330633962007e-04 1.394828407223358416e-03
6.327804081587302260e-04 1.403886323624902507e-03
6.378680625345903386e-04 1.413062742715760507e-03
6.429966224547984874e-04 1.422359736403901176e-03
6.481664168063878398e-04 1.431779419873271996e-03
6.533777771206966938e-04 1.441323952633780017e-03
6.586310375946271894e-04 1.450995539600324772e-03
6.639265351120771661e-04 1.460796432201765145e-03
6.692646092655450598e-04 1.470728929520799446e-03
6.746456023779043689e-04 1.480795379465681344e-03
6.800698595243610247e-04 1.490998179974807082e-03
6.855377285545788141e-04 1.501339780255193761e-03
6.910495601149879230e-04 1.511822682055921196e-03
6.966057076712719402e-04 1.522449440977666213e-03
7.022065275310326697e-04 1.533222667819448279e-03
7.078523788666426196e-04 1.544145029963817041e-03
7.135436237382764913e-04 1.555219252801680677e-03
7.192806271171302366e-04 1.566448121198073728e-03
7.250637569088261639e-04 1.577834481000178236e-03
7.308933839770039844e-04 1.589381240588977730e-03
7.367698821671075579e-04 1.601091372475950273e-03
7.426936283303564937e-04 1.612967914946296117e-03
7.486650023479137763e-04 1.625013973750200069e-03
7.546843871552474632e-04 1.637232723843724943e-03
7.607521687666853700e-04 1.649627411180969779e-03
7.668687363001731525e-04 1.662201354559212588e-03
7.730344820022258100e-04 1.674957947518753484e-03
7.792498012730822605e-04 1.687900660299336032e-03
7.855150926920623352e-04 1.701033041855016864e-03
7.918307580431241345e-04 1.714358721929437265e-03
7.981972023406349714e-04 1.727881413193586022e-03
8.046148338553402906e-04 1.741604913448107847e-03
8.110840641405471507e-04 1.755533107892387826e-03
8.176053080585168496e-04 1.769669971462695633e-03
8.241789838070663664e-04 1.784019571241735741e-03
8.308055129463917405e-04 1.798586068942071041e-03
8.374853204260980987e-04 1.813373723465973829e-03
8.442188346124540046e-04 1.828386893544340936e-03
8.510064873158576602e-04 1.843630040457420148e-03
8.578487138185337179e-04 1.859107730840223877e-03
8.647459529024435721e-04 1.874824639575588649e-03
8.716986468774248504e-04 1.890785552777937868e-03
8.787072416095569613e-04 1.906995370870999580e-03
8.857721865497509639e-04 1.923459111762757662e-03
8.928939347625756843e-04 1.940181914121150326e-03
9.000729429553106474e-04 1.957169040754052833e-03
9.073096715072338477e-04 1.974425882097339754e-03
9.146045844991457664e-04 1.991957959814882884e-03
9.219581497431275771e-04 2.009770930514539686e-03
9.293708388125462242e-04 2.027870589584353754e-03
9.368431270722917372e-04 2.046262875153307542e-03
9.443754937092628272e-04 2.064953872181232199e-03
9.519684217630976220e-04 2.083949816682576905e-03
9.596223981571467198e-04 2.103257100088972570e-03
9.673379137297035248e-04 2.122882273755761530e-03
9.751154632654783104e-04 2.142832053617794563e-03
9.829555455273281551e-04 2.163113325000097509e-03
9.908586632882436171e-04 2.183733147589175024e-03
9.988253233635864016e-04 2.204698760571025158e-03
1.006856036643596561e-03 2.226017587942138824e-03
1.014951318126151554e-03 2.247697244000034476e-03
1.023111686949792782e-03 2.269745539020176246e-03
1.031337666427018613e-03 2.292170485126395710e-03
1.039629784077839578e-03 2.314980302362214162e-03
1.047988571663613496e-03 2.338183424970866411e-03
1.056414565221141903e-03 2.361788507892024526e-03
1.064908305097047496e-03 2.385804433483699506e-03
1.073470335982425888e-03 2.410240318478081272e-03
1.082101206947771880e-03 2.435105521180462845e-03
1.090801471478196946e-03 2.460409648920862564e-03
1.099571687508919078e-03 2.486162565768256991e-03
1.108412417461043624e-03 2.512374400517912183e-03
1.117324228277631875e-03 2.539055554962641511e-03
1.126307691460052629e-03 2.566216712459340292e-03
1.135363383104639936e-03 2.593868846802750792e-03
1.144491883939632079e-03 2.622023231418721227e-03
1.153693779362413921e-03 2.650691448890006921e-03
1.162969659477058708e-03 2.679885400828115397e-03
1.172320119132166721e-03 2.709617318105295679e-03
1.181745757959017703e-03 2.739899771461556596e-03
1.191247180410020786e-03 2.770745682502053376e-03
1.200824995797477755e-03 2.802168335101106866e-03
1.210479818332658563e-03 2.834181387229715160e-03
1.220212267165185624e-03 2.866798883224240535e-03
1.230022966422745319e-03 2.900035266514841038e-03
1.239912545251107634e-03 2.933905392832948135e-03
1.249881637854474313e-03 2.968424543918127441e-03
1.259930883536150093e-03 3.003608441745503517e-03
1.270060926739535745e-03 3.039473263296026476e-03
1.280272417089462194e-03 3.076035655892876870e-03
1.290566009433844917e-03 3.113312753128324485e-03
1.300942363885680729e-03 3.151322191406720138e-03
1.311402145865380028e-03 3.190082127130315290e-03
1.321946026143434915e-03 3.229611254556048403e-03
1.332574680883441423e-03 3.269928824352722006e-03
1.343288791685456332e-03 3.311054662889468484e-03
1.354089045629710457e-03 3.353009192287847648e-03
1.364976135320663912e-03 3.395813451271610488e-03
1.375950758931429336e-03 3.439489116849767710e-03
1.387013620248541421e-03 3.484058526870368461e-03
1.398165428717088130e-03 3.529544703484267278e-03
1.409406899486210325e-03 3.575971377560217303e-03
1.420738753454956578e-03 3.623363014094465283e-03
1.432161717318521576e-03 3.671744838660537073e-03
1.443676523614842748e-03 3.721142864946889485e-03
1.455283910771578305e-03 3.771583923432764510e-03
1.466984623153462595e-03 3.823095691255071725e-03
1.478779411110035932e-03 3.875706723321802223e-03
1.490669031023771464e-03 3.929446484730478480e-03
1.502654245358575657e-03 3.984345384553031159e-03
1.514735822708684725e-03 4.040434811051740391e-03
1.526914537847955285e-03 4.097747168394387518e-03
1.539191171779544665e-03 4.156315914940143449e-03
1.551566511786002783e-03 4.216175603171739075e-03
1.564041351479752810e-03 4.277361921353193749e-03
1.576616490853989050e-03 4.339911736996967910e-03
1.589292736333977260e-03 4.403863142228545829e-03
1.602070900828766542e-03 4.469255501141480846e-03
1.614951803783326893e-03 4.536129499240874191e-03
1.627936271231093107e-03 4.604527195078523399e-03
1.641025135846940633e-03 4.674492074188773758e-03
1.654219237000582312e-03 4.746069105440000810e-03
1.667519420810392511e-03 4.819304799922994112e-03
1.680926540197675342e-03 4.894247272504459109e-03
1.694441454941355077e-03 4.970946306180598628e-03
1.708065031733113897e-03 5.049453419373810606e-03
1.721798144232974384e-03 5.129821936323165389e-03
1.735641673125318512e-03 5.212107060728178240e-03
1.749596506175374148e-03 5.296365952814336905e-03
1.763663538286140220e-03 5.382657809998497855e-03
1.777843671555777872e-03 5.471043951342510064e-03
1.792137815335460025e-03 5.561587905994441576e-03
1.806546886287683021e-03 5.654355505828153466e-03
1.821071808445058572e-03 5.749414982504600681e-03
1.835713513269565189e-03 5.846837069190962549e-03
1.850472939712282522e-03 5.946695107187998167e-03
1.865351034273606424e-03 6.049065157730789538e-03
1.880348751063941511e-03 6.154026119243617525e-03
1.895467051864894613e-03 6.261659850347114920e-03
1.910706906190947013e-03 6.372051298933096262e-03
1.926069291351629542e-03 6.485288637642167009e-03
1.941555192514198133e-03 6.601463406099482290e-03
1.957165602766803344e-03 6.720670660285496187e-03
1.972901523182186371e-03 6.843009129442400966e-03
1.988763962881869452e-03 6.968581380940976414e-03
2.004753939100871896e-03 7.097493993559673628e-03
2.020872477252944575e-03 7.229857739655756038e-03
2.037120610996320282e-03 7.365787776738465589e-03
2.053499382300014425e-03 7.505403848986755798e-03
2.070009841510635305e-03 7.648830499288146109e-03
2.086653047419742991e-03 7.796197292412759307e-03
2.103430067331751602e-03 7.947639049975733019e-03
2.120341977132365451e-03 8.103296097883251267e-03
2.137389861357585040e-03 8.263314527003471147e-03
2.154574813263249958e-03 8.427846467851237908e-03
2.171897934895149467e-03 8.597050380135813630e-03
2.189360337159696433e-03 8.771091358011840616e-03
2.206963139895161147e-03 8.950141452160571137e-03
2.224707471943496249e-03 9.134380009437250564e-03
2.242594471222719796e-03 9.323994031458516726e-03
2.260625284799890316e-03 9.519178553121766806e-03
2.278801068964668615e-03 9.720137042355794441e-03
2.297122989303460733e-03 9.927081822420996682e-03
2.315592220774178017e-03 1.014023451817854665e-02
2.334209947781576162e-03 1.035982652784422919e-02
2.352977364253214850e-03 1.058609952185008557e-02
2.371895673716012832e-03 1.081930597054927765e-02
2.390966089373442252e-03 1.105970970262339786e-02
2.410189834183320591e-03 1.130758649618146539e-02
2.429568140936237946e-03 1.156322470468353070e-02
2.449102252334619222e-03 1.182692591997364269e-02
2.468793421072405618e-03 1.209900567487236234e-02
2.488642909915402251e-03 1.237979418795689783e-02
2.508651991782248538e-03 1.266963715334878081e-02
2.528821949826049516e-03 1.296889657853636177e-02
2.549154077516668088e-03 1.327795167348326533e-02
2.569649678723660412e-03 1.359719979451587402e-02
2.590310067799907363e-03 1.392705744674439458e-02
2.611136569665892596e-03 1.426796134905452748e-02
2.632130519894668435e-03 1.462036956601343168e-02
2.653293264797508717e-03 1.498476271136400112e-02
2.674626161510235568e-03 1.536164522814078420e-02
2.696130578080263053e-03 1.575154675082987912e-02
2.717807893554321282e-03 1.615502355541502053e-02
2.739659498066893909e-03 1.657266010361041486e-02
2.761686792929366439e-03 1.700507068807608976e-02
2.783891190719883172e-03 1.745290118594980053e-02
2.806274115373946602e-03 1.791683092861387841e-02
2.828837002275722424e-03 1.839757469625083464e-02
2.851581298350093063e-03 1.889588484643218297e-02
2.874508462155445435e-03 1.941255358673580483e-02
2.897619963977201597e-03 1.994841540220552295e-02
2.920917285922115282e-03 2.050434964935583110e-02
2.944401922013312623e-03 2.108128332939524646e-02
2.968075378286099200e-03 2.168019405439854802e-02
2.991939172884546406e-03 2.230211322131143634e-02
3.015994836158835020e-03 2.294812940992969549e-02
3.040243910763410634e-03 2.361939202236803398e-02
3.064687951755901921e-03 2.431711518303359548e-02
3.089328526696845986e-03 2.504258191976186168e-02
3.114167215750217755e-03 2.579714864856380574e-02
3.139205611784750410e-03 2.658224998639744166e-02
3.164445320476102358e-03 2.739940391852680596e-02
3.189887960409814802e-03 2.825021734938256215e-02
3.215535163185112393e-03 2.913639206842436394e-02
3.241388573519536978e-03 3.005973116533063039e-02
3.267449849354412284e-03 3.102214593195287695e-02
3.293720661961178561e-03 3.202566329188051564e-02
3.320202696048561632e-03 3.307243380221077528e-02
3.346897649870609302e-03 3.416474027624301357e-02
3.373807235335604671e-03 3.530500708034860213e-02
3.400933178115833361e-03 3.649581016326305938e-02
3.428277217758268422e-03 3.773988788154466339e-02
3.455841107796112609e-03 3.904015269100709340e-02
3.483626615861250969e-03 4.039970378062224948e-02
3.511635523797612419e-03 4.182184073276925401e-02
3.539869627775422533e-03 4.331007830186010821e-02
3.568330738406407833e-03 4.486816241238273523e-02
3.597020680859896926e-03 4.650008748736829400e-02
3.625941294979867502e-03 4.821011522932286408e-02
3.655094435402935719e-03 5.000279498787915666e-02
3.684481971677281038e-03 5.188298586196691403e-02
3.714105788382552915e-03 5.385588069932184530e-02
3.743967785250717269e-03 5.592703217281998207e-02
3.774069877287887422e-03 5.810238113164716001e-02
3.804413994897117793e-03 6.038828744589672115e-02
3.835002084002219359e-03 6.279156358609060129e-02
3.865836106172532670e-03 6.531951120460523230e-02
3.896918038748726967e-03 6.797996101439687799e-02
3.928249874969606294e-03 7.078131629208689324e-02
3.959833624099916988e-03 7.373260036780224236e-02
3.991671311559222453e-03 7.684350850365338770e-02
