2.497382406435652939e-25 9.768325619515944397e-18
1.592405960127358361e-24 3.089015920155193588e-17
1.015365822756892167e-23 9.768326876420302874e-17
6.474277161963938908e-23 3.089016721595150065e-16
4.128193389070159467e-22 9.768331986641967382e-16
2.632259977636328568e-21 3.089019980025807047e-15
1.678407946733001633e-20 9.768352763373603653e-15
1.070203270037972128e-19 3.089033227893325649e-14
6.823937180644061677e-19 9.768437235752100315e-14
4.351147109064984495e-18 3.089087090016611440e-13
1.915297948882004416e-17 7.759322488683919743e-13
8.060281057525431301e-17 1.949163039787816667e-12
3.231548868885900942e-16 4.896382250613372468e-12
4.345363206717196250e-16 6.163781780305984805e-12
1.185699981296668146e-15 1.229732179640797847e-11
3.167099671296256822e-15 2.454290871984140256e-11
8.312293945536222779e-15 4.898397135859626299e-11
2.151611673377367987e-14 9.773430848120292535e-11
5.516190296262407946e-14 1.950308160666369755e-10
7.219962673568143336e-14 2.455395918119563429e-10
1.345996703506809824e-13 3.892770603306517574e-10
2.502777173064534741e-13 6.169465998965407740e-10
3.411676113431318569e-13 7.768626451909397954e-10
4.161104603351930561e-13 9.006720410829545173e-10
5.668224300832851639e-13 1.192414995932578561e-09
1.051017683769589897e-12 1.890432911212288601e-09
1.946696275912857264e-12 3.094630240399093478e-09
3.604197434436283020e-12 4.906521065391501087e-09
4.678350727597027810e-12 5.964785761620009416e-09
6.363945126095426008e-12 7.510858710852283575e-09
8.659328086403540721e-12 9.798092857573101657e-09
1.177437263656969924e-11 1.233578754396143564e-08
1.601314678573479096e-11 1.553407705195085344e-08
2.068158225216417963e-11 1.881943995759334440e-08
2.812629084553211013e-11 2.462793118627416045e-08
3.823985723652250255e-11 3.101071367919697201e-08
4.915490723856361436e-11 3.744047090307774978e-08
6.683712298751739095e-11 4.918310976261355027e-08
9.088989403667837668e-11 6.194746997419662658e-08
1.198094057756214983e-10 7.622496704508910767e-08
1.235276287134856064e-10 8.111821537560480725e-08
1.679810496150610554e-10 1.052041443179145334e-07
2.145827771029579730e-10 1.264403182978826954e-07
2.389577941400671919e-10 1.370814666799720085e-07
2.718434103460653354e-10 1.558050328926489486e-07
3.695913600236930604e-10 2.029070399259184632e-07
4.805596579248377059e-10 2.471473550088626382e-07
6.228436556804378813e-10 3.112918511513913844e-07
6.449051117784316288e-10 3.195404339442749206e-07
6.519284217721749412e-10 3.221516175955882510e-07
6.901021772675798839e-10 3.362246542759246589e-07
7.517420508597271333e-10 3.585491157042282318e-07
7.842145311837404764e-10 3.701260768930860222e-07
8.123077711587138292e-10 3.800461204279264704e-07
8.948523203792971162e-10 4.248355205313744057e-07
1.780367769825735293e-09 1.571243743291283042e-06
2.831798589477310162e-09 2.360915204371286954e-06
4.352717025416528164e-09 3.331634749736530039e-06
6.442936706730940560e-09 4.497300351158025239e-06
9.210451352971400048e-09 5.875749191388290656e-06
1.726412223638507203e-08 9.359364509061765243e-06
2.961440629244172500e-08 1.399035730184682620e-05
4.760234259406434222e-08 2.000744564924680080e-05
7.280858902572716169e-08 2.762541866450402925e-05
1.069774052811704485e-07 3.692082460755834189e-05
1.786399553702715184e-07 5.352425790188030335e-05
3.179080611873818725e-07 7.810458603098302793e-05
4.169532575344421554e-07 9.195064971249766836e-05
4.437988271458211392e-07 9.546604737380116803e-05
8.192319285407806845e-07 1.258634192745901824e-04
1.330531454002699888e-06 1.509963493157415637e-04
1.341229136938038792e-06 1.514705270488185269e-04
1.352012830932974065e-06 1.519456758445885010e-04
1.362883227530003065e-06 1.524217978549524308e-04
1.373841023831733975e-06 1.528988952433158388e-04
1.384886922545589869e-06 1.533769701846346054e-04
1.396021632028872568e-06 1.538560248654608311e-04
1.407245866334188793e-06 1.543360614839891858e-04
1.418560345255240143e-06 1.548170822501033399e-04
1.429965794372984263e-06 1.552990893854227746e-04
1.441462945102162795e-06 1.557820851233498365e-04
1.453052534738208575e-06 1.562660717091171169e-04
1.464735306504525955e-06 1.567510513998349674e-04
1.476512009600152502e-06 1.572370264645395297e-04
1.488383399247803974e-06 1.577239991842408200e-04
1.500350236742307032e-06 1.582119718519713828e-04
1.512413289499417767e-06 1.587009467728347817e-04
1.524573331105036650e-06 1.591909262640549033e-04
1.536831141364817555e-06 1.596819126550253160e-04
1.549187506354173615e-06 1.601739082873588173e-04
1.561643218468688820e-06 1.606669155149373352e-04
1.574199076474933634e-06 1.611609367039624509e-04
1.586855885561686776e-06 1.616559742330056797e-04
1.599614457391572462e-06 1.621520304930596445e-04
1.612475610153109736e-06 1.626491078875889798e-04
1.625440168613183617e-06 1.631472088325819662e-04
1.638508964169934476e-06 1.636463357566024642e-04
1.651682834906074943e-06 1.641464911008418744e-04
1.664962625642634997e-06 1.646476773191715855e-04
1.678349187993139466e-06 1.651498968781959381e-04
1.691843380418219626e-06 1.656531522573051875e-04
1.705446068280666106e-06 1.661574459487289552e-04
1.719158123900923530e-06 1.666627804575900864e-04
1.732980426613029833e-06 1.671691583019585623e-04
1.746913862821007698e-06 1.676765820129062247e-04
1.760959326055708090e-06 1.681850541345613118e-04
1.775117717032110972e-06 1.686945772241635626e-04
1.789389943707087027e-06 1.692051538521199990e-04
1.803776921337623968e-06 1.697167866020603559e-04
1.818279572539519154e-06 1.702294780708934867e-04
1.832898827346547372e-06 1.707432308688637144e-04
1.847635623270101917e-06 1.712580476196078072e-04
1.862490905359314656e-06 1.717739309602123047e-04
1.877465626261663146e-06 1.722908835412708458e-04
1.892560746284060129e-06 1.728089080269423360e-04
1.907777233454437063e-06 1.733280070950091688e-04
1.923116063583824437e-06 1.738481834369359899e-04
1.938578220328925062e-06 1.743694397579286773e-04
1.954164695255199388e-06 1.748917787769938101e-04
1.969876487900449303e-06 1.754152032269985979e-04
1.985714605838918623e-06 1.759397158547308096e-04
2.001680064745907730e-06 1.764653194209597330e-04
2.017773888462905746e-06 1.769920167004967819e-04
2.033997109063249562e-06 1.775198104822570512e-04
2.050350766918308876e-06 1.780487035693211167e-04
2.066835910764202744e-06 1.785786987789969701e-04
2.083453597769054839e-06 1.791097989428827944e-04
2.100204893600787434e-06 1.796420069069297660e-04
2.117090872495460859e-06 1.801753255315055894e-04
2.134112617326162696e-06 1.807097576914580041e-04
2.151271219672451351e-06 1.812453062761792131e-04
2.168567779890357398e-06 1.817819741896702578e-04
2.186003407182947348e-06 1.823197643506063411e-04
2.203579219671455791e-06 1.828586796924017979e-04
2.221296344466987996e-06 1.833987231632764486e-04
2.239155917742800626e-06 1.839398977263215457e-04
2.257159084807163513e-06 1.844822063595665874e-04
2.275307000176805032e-06 1.850256520560466199e-04
2.293600827650949988e-06 1.855702378238694849e-04
2.312041740385953376e-06 1.861159666862842324e-04
2.330630920970531735e-06 1.866628416817493448e-04
2.349369561501602663e-06 1.872108658640018000e-04
2.368258863660730390e-06 1.877600423021263249e-04
2.387300038791188834e-06 1.883103740806252454e-04
2.406494307975642146e-06 1.888618642994890136e-04
2.425842902114453753e-06 1.894145160742664912e-04
2.445347062004619241e-06 1.899683325361367235e-04
2.465008038419337476e-06 1.905233168319800635e-04
2.484827092188222509e-06 1.910794721244508400e-04
2.504805494278155833e-06 1.916368015920496203e-04
2.524944525874795094e-06 1.921953084291965017e-04
2.545245478464731626e-06 1.927549958463046749e-04
2.565709653918313763e-06 1.933158670698545021e-04
2.586338364573131667e-06 1.938779253424680288e-04
2.607132933318178528e-06 1.944411739229842001e-04
2.628094693678683032e-06 1.950056160865343215e-04
2.649224989901627073e-06 1.955712551246181427e-04
2.670525177041949994e-06 1.961380943451803479e-04
2.691996621049449085e-06 1.967061370726879679e-04
2.713640698856370410e-06 1.972753866482074942e-04
2.735458798465714959e-06 1.978458464294834292e-04
2.757452319040246142e-06 1.984175197910165655e-04
2.779622670992217255e-06 1.989904101241435667e-04
2.801971276073818510e-06 1.995645208371161952e-04
2.824499567468351659e-06 2.001398553551819227e-04
2.847208989882138573e-06 2.007164171206643781e-04
2.870100999637170558e-06 2.012942095930449335e-04
2.893177064764492883e-06 2.018732362490444261e-04
2.916438665098356734e-06 2.024535005827055847e-04
2.939887292371110618e-06 2.030350061054758356e-04
2.963524450308869769e-06 2.036177563462910570e-04
2.987351654727943229e-06 2.042017548516595780e-04
3.011370433632041884e-06 2.047870051857466646e-04
3.035582327310267903e-06 2.053735109304599281e-04
3.059988888435893169e-06 2.059612756855350581e-04
3.084591682165925048e-06 2.065503030686222064e-04
3.109392286241480629e-06 2.071405967153727777e-04
3.134392291088966514e-06 2.077321602795272764e-04
3.159593299922067507e-06 2.083249974330030735e-04
3.184996928844558631e-06 2.089191118659835275e-04
3.210604806953945955e-06 2.095145072870070247e-04
3.236418576445936259e-06 2.101111874230569951e-04
3.262439892719749056e-06 2.107091560196525516e-04
3.288670424484273541e-06 2.113084168409396716e-04
3.315111853865084002e-06 2.119089736697826764e-04
3.341765876512308199e-06 2.125108303078571473e-04
3.368634201709369449e-06 2.131139905757425165e-04
3.395718552482599891e-06 2.137184583130160675e-04
3.423020665711735090e-06 2.143242373783470439e-04
3.450542292241295899e-06 2.149313316495916795e-04
3.478285196992874118e-06 2.155397450238889063e-04
3.506251159078304559e-06 2.161494814177565777e-04
3.534441971913765895e-06 2.167605447671881248e-04
3.562859443334784015e-06 2.173729390277507039e-04
3.591505395712169237e-06 2.179866681746828834e-04
3.620381666068878898e-06 2.186017362029940103e-04
3.649490106197825245e-06 2.192181471275634968e-04
3.678832582780631140e-06 2.198359049832414606e-04
3.708410977507331068e-06 2.204550138249494209e-04
3.738227187197044954e-06 2.210754777277821313e-04
3.768283123919617177e-06 2.216973007871099292e-04
3.798580715118237717e-06 2.223204871186818432e-04
3.829121903733043323e-06 2.229450408587294052e-04
3.859908648325715632e-06 2.235709661640711407e-04
3.890942923205080488e-06 2.241982672122178717e-04
3.922226718553720733e-06 2.248269482014786705e-04
3.953762040555598236e-06 2.254570133510674370e-04
3.985550911524714808e-06 2.260884669012105865e-04
4.017595370034792106e-06 2.267213131132551722e-04
4.049897471050009466e-06 2.273555562697776036e-04
4.082459286056778518e-06 2.279912006746935300e-04
4.115282903196593525e-06 2.286282506533684567e-04
4.148370427399931201e-06 2.292667105527286043e-04
4.181723980521247431e-06 2.299065847413732323e-04
4.215345701475038715e-06 2.305478776096872877e-04
4.249237746373010686e-06 2.311905935699549205e-04
4.283402288662351153e-06 2.318347370564739491e-04
4.317841519265103447e-06 2.324803125256709479e-04
4.352557646718672241e-06 2.331273244562172839e-04
4.387552897317450853e-06 2.337757773491458586e-04
4.422829515255590339e-06 2.344256757279685540e-04
4.458389762770916322e-06 2.350770241387949524e-04
4.494235920290006252e-06 2.357298271504512741e-04
4.530370286574424565e-06 2.363840893546005606e-04
4.566795178868143684e-06 2.370398153658636990e-04
4.603512933046142396e-06 2.376970098219410420e-04
4.640525903764201937e-06 2.383556773837350589e-04
4.677836464609910788e-06 2.390158227354739339e-04
4.715447008254872261e-06 2.396774505848357350e-04
4.753359946608151297e-06 2.403405656630737202e-04
4.791577710970940137e-06 2.410051727251426746e-04
4.830102752192476759e-06 2.416712765498253278e-04
4.868937540827212692e-06 2.423388819398609409e-04
4.908084567293248832e-06 2.430079937220735672e-04
4.947546342032041808e-06 2.436786167475020210e-04
4.987325395669391917e-06 2.443507558915304699e-04
5.027424279177731242e-06 2.450244160540198399e-04
5.067845564039711978e-06 2.456996021594404678e-04
5.108591842413112730e-06 2.463763191570054849e-04
5.149665727297072123e-06 2.470545720208049329e-04
5.191069852699653086e-06 2.477343657499415062e-04
5.232806873806758174e-06 2.484157053686662396e-04
5.274879467152404356e-06 2.490985959265165270e-04
5.317290330790364930e-06 2.497830424984534906e-04
5.360042184467191246e-06 2.504690501850018419e-04
5.403137769796626957e-06 2.511566241123895280e-04
5.446579850435421565e-06 2.518457694326894361e-04
5.490371212260563591e-06 2.525364913239612073e-04
5.534514663547929996e-06 2.532287949903944059e-04
5.579013035152378082e-06 2.539226856624531513e-04
5.623869180689289223e-06 2.546181685970209680e-04
5.669085976717560167e-06 2.553152490775470983e-04
5.714666322924074952e-06 2.560139324141941165e-04
5.760613142309659980e-06 2.567142239439859771e-04
5.806929381376526477e-06 2.574161290309578509e-04
5.853618010317231689e-06 2.581196530663060706e-04
5.900682023205149481e-06 2.588248014685403525e-04
5.948124438186474925e-06 2.595315796836361816e-04
5.995948297673777251e-06 2.602399931851884967e-04
6.044156668541099492e-06 2.609500474745666231e-04
6.092752642320637839e-06 2.616617480810705604e-04
6.141739335400997322e-06 2.623751005620874872e-04
6.191119889227037382e-06 2.630901105032509217e-04
6.240897470501328487e-06 2.638067835185990153e-04
6.291075271387235062e-06 2.645251252507360446e-04
6.341656509713611162e-06 2.652451413709933613e-04
6.392644429181170732e-06 2.659668375795929437e-04
6.444042299570488409e-06 2.666902196058107324e-04
6.495853416951692689e-06 2.674152932081423498e-04
6.548081103895834531e-06 2.681420641744693633e-04
6.600728709687962729e-06 2.688705383222267939e-04
6.653799610541906056e-06 2.696007214985719812e-04
6.707297209816785898e-06 2.703326195805549111e-04
6.761224938235266149e-06 2.710662384752889780e-04
6.815586254103565788e-06 2.718015841201239149e-04
6.870384643533227347e-06 2.725386624828195366e-04
6.925623620664683637e-06 2.732774795617203510e-04
6.981306727892612554e-06 2.740180413859326630e-04
7.037437536093102003e-06 2.747603540155012453e-04
7.094019644852647794e-06 2.755044235415888827e-04
7.151056682698989600e-06 2.762502560866564034e-04
7.208552307333801076e-06 2.769978578046439579e-04
7.266510205867258690e-06 2.777472348811539779e-04
7.324934095054485041e-06 2.784983935336353823e-04
7.383827721533899699e-06 2.792513400115690303e-04
7.443194862067486022e-06 2.800060805966547457e-04
7.503039323782993461e-06 2.807626216029986133e-04
7.563364944418073624e-06 2.815209693773042319e-04
7.624175592566402640e-06 2.822811302990621248e-04
7.685475167925753397e-06 2.830431107807431066e-04
7.747267601548087096e-06 2.838069172679913801e-04
7.809556856091646353e-06 2.845725562398201264e-04
7.872346926075065085e-06 2.853400342088083415e-04
7.935641838133544303e-06 2.861093577212982155e-04
7.999445651277063333e-06 2.868805333575954932e-04
8.063762457150684896e-06 2.876535677321697803e-04
8.128596380296940508e-06 2.884284674938574519e-04
8.193951578420338540e-06 2.892052393260653742e-04
8.259832242653988163e-06 2.899838899469765773e-04
8.326242597828366294e-06 2.907644261097571759e-04
8.393186902742259719e-06 2.915468546027646978e-04
8.460669450435862065e-06 2.923311822497582572e-04
8.528694568466095086e-06 2.931174159101104077e-04
8.597266619184116984e-06 2.939055624790198082e-04
8.666390000015082145e-06 2.946956288877262205e-04
8.736069143740131959e-06 2.954876221037270245e-04
8.806308518780670938e-06 2.962815491309947090e-04
8.877112629484917958e-06 2.970774170101966394e-04
8.948486016416759746e-06 2.978752328189165606e-04
9.020433256646938778e-06 2.986750036718766954e-04
9.092958964046562060e-06 2.994767367211626083e-04
9.166067789582993448e-06 3.002804391564494239e-04
9.239764421618107507e-06 3.010861182052296725e-04
9.314053586208945543e-06 3.018937811330420565e-04
9.388940047410800936e-06 3.027034352437036864e-04
9.464428607582715128e-06 3.035150878795424257e-04
9.540524107695458794e-06 3.043287464216316201e-04
9.617231427641971121e-06 3.051444182900266166e-04
9.694555486550302900e-06 3.059621109440027460e-04
9.772501243099061761e-06 3.067818318822953107e-04
9.851073695835434085e-06 3.076035886433416871e-04
9.930277883495688713e-06 3.084273888055243497e-04
1.001011888532835221e-05 3.092532399874166056e-04
1.009060182141989979e-05 3.100811498480297379e-04
1.017173185302310768e-05 3.109111260870616139e-04
1.025351418288805152e-05 3.117431764451485446e-04
1.033595405559572219e-05 3.125773087041170371e-04
1.041905675789438257e-05 3.134135306872391780e-04
1.050282761903858910e-05 3.142518502594892640e-04
1.058727201113092721e-05 3.150922753278015713e-04
1.067239534946655723e-05 3.159348138413319192e-04
1.075820309288045048e-05 3.167794737917191254e-04
1.084470074409748148e-05 3.176262632133500935e-04
1.093189385008530705e-05 3.184751901836260389e-04
1.101978800241006244e-05 3.193262628232305033e-04
1.110838883759497826e-05 3.201794892964004600e-04
1.119770203748179916e-05 3.210348778111980685e-04
1.128773332959519272e-05 3.218924366197858998e-04
1.137848848751002802e-05 3.227521740187030280e-04
1.146997333122161199e-05 3.236140983491438334e-04
1.156219372751895488e-05 3.244782179972390272e-04
1.165515559036094940e-05 3.253445413943381950e-04
1.174886488125567377e-05 3.262130770172949959e-04
1.184332760964267466e-05 3.270838333887548556e-04
1.193854983327831296e-05 3.279568190774435270e-04
1.203453765862430453e-05 3.288320426984592823e-04
1.213129724123924938e-05 3.297095129135667324e-04
1.222883478617343370e-05 3.305892384314921086e-04
1.232715654836670665e-05 3.314712280082226657e-04
1.242626883304963852e-05 3.323554904473065719e-04
1.252617799614785028e-05 3.332420346001558893e-04
1.262689044468958374e-05 3.341308693663512888e-04
1.272841263721662949e-05 3.350220036939506141e-04
1.283075108419845140e-05 3.359154465797974999e-04
1.293391234844972988e-05 3.368112070698341099e-04
1.303790304555120676e-05 3.377092942594159351e-04
1.314272984427393026e-05 3.386097172936282178e-04
1.324839946700693714e-05 3.395124853676056834e-04
1.335491869018831116e-05 3.404176077268543312e-04
1.346229434473978383e-05 3.413250936675752854e-04
1.357053331650477919e-05 3.422349525369926585e-04
1.367964254668997042e-05 3.431471937336813050e-04
1.378962903231045318e-05 3.440618267078999972e-04
1.390049982663840042e-05 3.449788609619248709e-04
1.401226203965542871e-05 3.458983060503867759e-04
1.412492283850853244e-05 3.468201715806106845e-04
1.423848944796967196e-05 3.477444672129577038e-04
1.435296915089914978e-05 3.486712026611696346e-04
1.446836928871257983e-05 3.496003876927169466e-04
1.458469726185174288e-05 3.505320321291480537e-04
1.470196053025913849e-05 3.514661458464429810e-04
1.482016661385636208e-05 3.524027387753677905e-04
1.493932309302638684e-05 3.533418209018336685e-04
1.505943760909964212e-05 3.542834022672574235e-04
1.518051786484408630e-05 3.552274929689253438e-04
1.530257162495911511e-05 3.561741031603600375e-04
1.542560671657355943e-05 3.571232430516893866e-04
1.554963102974759971e-05 3.580749229100191875e-04
1.567465251797872926e-05 3.590291530598079049e-04
1.580067919871183411e-05 3.599859438832452214e-04
1.592771915385330809e-05 3.609453058206325924e-04
1.605578053028935574e-05 3.619072493707674331e-04
1.618487154040844557e-05 3.628717850913297451e-04
1.631500046262791384e-05 3.638389235992723204e-04
1.644617564192491871e-05 3.648086755712139279e-04
1.657840549037151433e-05 3.657810517438342336e-04
1.671169848767416340e-05 3.667560629142741424e-04
1.684606318171751198e-05 3.677337199405372238e-04
1.698150818911252824e-05 3.687140337418951495e-04
1.711804219574911690e-05 3.696970152992964378e-04
1.725567395735308070e-05 3.706826756557776909e-04
1.739441230004765916e-05 3.716710259168787907e-04
1.753426612091952278e-05 3.726620772510609667e-04
1.767524438858929719e-05 3.736558408901275211e-04
1.781735614378676625e-05 3.746523281296497573e-04
1.796061049993057465e-05 3.756515503293937218e-04
1.810501664371271110e-05 3.766535189137519340e-04
1.825058383568763334e-05 3.776582453721787471e-04
1.839732141086607549e-05 3.786657412596269564e-04
1.854523877931377497e-05 3.796760181969912381e-04
1.869434542675485472e-05 3.806890878715513712e-04
1.884465091518017248e-05 3.817049620374217476e-04
1.899616488346050482e-05 3.827236525160030507e-04
1.914889704796464404e-05 3.837451711964381083e-04
1.930285720318256372e-05 3.847695300360705101e-04
1.945805522235343941e-05 3.857967410609079413e-04
1.961450105809888031e-05 3.868268163660875769e-04
1.977220474306114152e-05 3.878597681163479258e-04
1.993117639054647598e-05 3.888956085465001340e-04
2.009142619517375851e-05 3.899343499619081777e-04
2.025296443352816818e-05 3.909760047389678091e-04
2.041580146482028837e-05 3.920205853255929844e-04
2.057994773155035344e-05 3.930681042417038628e-04
2.074541376017798066e-05 3.941185740797207150e-04
2.091221016179717763e-05 3.951720075050594574e-04
2.108034763281679767e-05 3.962284172566326625e-04
2.124983695564655183e-05 3.972878161473538208e-04
2.142068899938838087e-05 3.983502170646464825e-04
2.159291472053355665e-05 3.994156329709560010e-04
2.176652516366526540e-05 4.004840769042669678e-04
2.194153146216686962e-05 4.015555619786231965e-04
2.211794483893590263e-05 4.026301013846530184e-04
2.229577660710375857e-05 4.037077083900978856e-04
2.247503817076120324e-05 4.047883963403459606e-04
2.265574102568969556e-05 4.058721786589696099e-04
2.283789676009857729e-05 4.069590688482665835e-04
2.302151705536823601e-05 4.080490804898068862e-04
2.320661368679918720e-05 4.091422272449819807e-04
2.339319852436723120e-05 4.102385228555609285e-04
2.358128353348466140e-05 4.113379811442484835e-04
2.377088077576754055e-05 4.124406160152490394e-04
2.396200240980927225e-05 4.135464414548353481e-04
2.415466069196021685e-05 4.146554715319199485e-04
2.434886797711377528e-05 4.157677203986339678e-04
2.454463671949862576e-05 4.168832022909078742e-04
2.474197947347739454e-05 4.180019315290581391e-04
2.494090889435179799e-05 4.191239225183788315e-04
2.514143773917413405e-05 4.202491897497370081e-04
2.534357886756545845e-05 4.213777478001744996e-04
2.554734524254017130e-05 4.225096113335118108e-04
2.575274993133738668e-05 4.236447951009598826e-04
2.595980610625887524e-05 4.247833139417349422e-04
2.616852704551377292e-05 4.259251827836786131e-04
2.637892613407014715e-05 4.270704166438830658e-04
2.659101686451328185e-05 4.282190306293212102e-04
2.680481283791101641e-05 4.293710399374825806e-04
2.702032776468591183e-05 4.305264598570132314e-04
2.723757546549445394e-05 4.316853057683607835e-04
2.745656987211345649e-05 4.328475931444264631e-04
2.767732502833334543e-05 4.340133375512201228e-04
2.789985509085888700e-05 4.351825546485216592e-04
2.812417433021699361e-05 4.363552601905480136e-04
2.835029713167182093e-05 4.375314700266249440e-04
2.857823799614736977e-05 4.387112001018643806e-04
2.880801154115731136e-05 4.398944664578473100e-04
2.903963250174247671e-05 4.410812852333127320e-04
2.927311573141573874e-05 4.422716726648507897e-04
2.950847620311453475e-05 4.434656450876028389e-04
2.974572901016112395e-05 4.446632189359673182e-04
2.998488936723041405e-05 4.458644107443090338e-04
3.022597261132573988e-05 4.470692371476780395e-04
3.046899420276235669e-05 4.482777148825305234e-04
3.071396972615885834e-05 4.494898607874582043e-04
3.096091489143669993e-05 4.507056918039220117e-04
3.120984553482750287e-05 4.519252249769928668e-04
3.146077761988875588e-05 4.531484774560979928e-04
3.171372723852746778e-05 4.543754664957727553e-04
3.196871061203206376e-05 4.556062094564198206e-04
3.222574409211275185e-05 4.568407238050736807e-04
3.248484416195002096e-05 4.580790271161709246e-04
3.274602743725177871e-05 4.593211370723282081e-04
3.300931066731883071e-05 4.605670714651259687e-04
3.327471073611897262e-05 4.618168481958973459e-04
3.354224466336981668e-05 4.630704852765249609e-04
3.381192960563016321e-05 4.643280008302439854e-04
3.408378285740026929e-05 4.655894130924518779e-04
3.435782185223087238e-05 4.668547404115232701e-04
3.463406416384124672e-05 4.681240012496338523e-04
3.491252750724614337e-05 4.693972141835894081e-04
3.519322973989178339e-05 4.706743979056610843e-04
3.547618886280114127e-05 4.719555712244307972e-04
3.576142302172818650e-05 4.732407530656383200e-04
3.604895050832166624e-05 4.745299624730404042e-04
3.633878976129808331e-05 4.758232186092736966e-04
3.663095936762405928e-05 4.771205407567259498e-04
3.692547806370844870e-05 4.784219483184152014e-04
3.722236473660370959e-05 4.797274608188730198e-04
3.752163842521724190e-05 4.810370979050395670e-04
3.782331832153227371e-05 4.823508793471621313e-04
3.812742377183853907e-05 4.836688250397031463e-04
3.843397427797307287e-05 4.849909550022550413e-04
3.874298949857068900e-05 4.863172893804626256e-04
3.905448925032479899e-05 4.876478484469526299e-04
3.936849350925811735e-05 4.889826526022728959e-04
3.968502241200371416e-05 4.903217223758359576e-04
4.000409625709643540e-05 4.916650784268734647e-04
4.032573550627446731e-05 4.930127415453966228e-04
4.064996078579166829e-05 4.943647326531661751e-04
4.097679288774022774e-05 4.957210728046684009e-04
4.130625277138398404e-05 4.970817831881005474e-04
4.163836156450263873e-05 4.984468851263649343e-04
4.197314056474650101e-05 4.998164000780684797e-04
4.231061124100244015e-05 5.011903496385350203e-04
4.265079523477046991e-05 5.025687555408212080e-04
4.299371436155174415e-05 5.039516396567444425e-04
4.333939061224749613e-05 5.053390239979175256e-04
4.368784615456921958e-05 5.067309307167919882e-04
4.403910333446037629e-05 5.081273821077111766e-04
4.439318467752925734e-05 5.095284006079706021e-04
4.475011289049368247e-05 5.109340087988881564e-04
4.510991086263704976e-05 5.123442294068831105e-04
4.547260166727616919e-05 5.137590853045628098e-04
4.583820856324099526e-05 5.151785995118209711e-04
4.620675499636612334e-05 5.166027951969423765e-04
4.657826460099436796e-05 5.180316956777183002e-04
4.695276120149244358e-05 5.194653244225716938e-04
4.733026881377864613e-05 5.209037050516893098e-04
4.771081164686311125e-05 5.223468613381666197e-04
4.809441410440017496e-05 5.237948172091592362e-04
4.848110078625348052e-05 5.252475967470466960e-04
4.887089649007343153e-05 5.267052241906029645e-04
4.926382621288741845e-05 5.281677239361787582e-04
4.965991515270293342e-05 5.296351205388946009e-04
5.005918871012335678e-05 5.311074387138403846e-04
5.046167248997701150e-05 5.325847033372890262e-04
5.086739230295906538e-05 5.340669394479168443e-04
5.127637416728666732e-05 5.355541722480370572e-04
5.168864431036766322e-05 5.370464271048406516e-04
5.210422917048228162e-05 5.385437295516506961e-04
5.252315539847877171e-05 5.400461052891850034e-04
5.294544985948243119e-05 5.415535801868296339e-04
5.337113963461830192e-05 5.430661802839245426e-04
5.380025202274806853e-05 5.445839317910580084e-04
5.423281454222045539e-05 5.461068610913733141e-04
5.466885493263615197e-05 5.476349947418864862e-04
5.510840115662659548e-05 5.491683594748139000e-04
5.555148140164713292e-05 5.507069821989118118e-04
5.599812408178477907e-05 5.522508900008274912e-04
5.644835783958024539e-05 5.538001101464608712e-04
5.690221154786482242e-05 5.553546700823389906e-04
5.735971431161187862e-05 5.569145974370001955e-04
5.782089546980341603e-05 5.584799200223911336e-04
5.828578459731147956e-05 5.600506658352767588e-04
5.875441150679469083e-05 5.616268630586579262e-04
5.922680625061024551e-05 5.632085400632072004e-04
5.970299912274093355e-05 5.647957254087104112e-04
6.018302066073802278e-05 5.663884478455259892e-04
6.066690164767953123e-05 5.679867363160525425e-04
6.115467311414419344e-05 5.695906199562098763e-04
6.164636634020159483e-05 5.712001280969354090e-04
6.214201285741791862e-05 5.728152902656870934e-04
6.264164445087819970e-05 5.744361361879665034e-04
6.314529316122457733e-05 5.760626957888490777e-04
6.365299128671092596e-05 5.776949991945296492e-04
6.416477138527427776e-05 5.793330767338810946e-04
6.468066627662253515e-05 5.809769589400253431e-04
6.520070904433928672e-05 5.826266765519188054e-04
6.572493303800538761e-05 5.842822605159510296e-04
6.625337187533746693e-05 5.859437419875547417e-04
6.678605944434404002e-05 5.876111523328338831e-04
6.732302990549843930e-05 5.892845231302010819e-04
6.786431769392970229e-05 5.909638861720319276e-04
6.840995752163069835e-05 5.926492734663325835e-04
6.895998437968414491e-05 5.943407172384194319e-04
6.951443354050670259e-05 5.960382499326174772e-04
7.007334056011068875e-05 5.977419042139692652e-04
7.063674128038453413e-05 5.994517129699594151e-04
7.120467183139093904e-05 6.011677093122548728e-04
7.177716863368413872e-05 6.028899265784593660e-04
7.235426840064535610e-05 6.046183983338821724e-04
7.293600814083714683e-05 6.063531583733224994e-04
7.352242516037674495e-05 6.080942407228693680e-04
7.411355706532853115e-05 6.098416796417171094e-04
7.470944176411551524e-05 6.115955096239947394e-04
7.531011746995045625e-05 6.133557654006135474e-04
7.591562270328640327e-05 6.151224819411273701e-04
7.652599629428676552e-05 6.168956944556110806e-04
7.714127738531576536e-05 6.186754383965553401e-04
7.776150543344836636e-05 6.204617494607754438e-04
7.838672021300062496e-05 6.222546635913382739e-04
7.901696181808046582e-05 6.240542169795056235e-04
7.965227066515855557e-05 6.258604460666926991e-04
8.029268749566056246e-05 6.276733875464458141e-04
8.093825337857960922e-05 6.294930783664341766e-04
8.158900971310997633e-05 6.313195557304622767e-04
8.224499823130208278e-05 6.331528571004961525e-04
8.290626100073839185e-05 6.349930201987078696e-04
8.357284042723163800e-05 6.368400830095394087e-04
8.424477925754384324e-05 6.386940837817833578e-04
8.492212058212780367e-05 6.405550610306794341e-04
8.560490783789038202e-05 6.424230535400321475e-04
8.629318481097785008e-05 6.442981003643444022e-04
8.698699563958420277e-05 6.461802408309701802e-04
8.768638481678140014e-05 6.480695145422878242e-04
8.839139719337279772e-05 6.499659613778869822e-04
8.910207798076923678e-05 6.518696214967802712e-04
8.981847275388834997e-05 6.537805353396286025e-04
9.054062745407742132e-05 6.556987436309913344e-04
9.126858839205942106e-05 6.576242873815895448e-04
9.200240225090277084e-05 6.595572078905943478e-04
9.274211608901527322e-05 6.614975467479323416e-04
9.348777734316151406e-05 6.634453458366095955e-04
9.423943383150533708e-05 6.654006473350598154e-04
9.499713375667615737e-05 6.673634937195086630e-04
9.576092570886011665e-05 6.693339277663606273e-04
9.653085866891620225e-05 6.713119925546066034e-04
9.730698201151697757e-05 6.732977314682501210e-04
9.808934550831546880e-05 6.752911881987589413e-04
9.887799933113648699e-05 6.772924067475331357e-04
9.967299405519429608e-05 6.793014314283962567e-04
1.004743806623359766e-04 6.813183068701104701e-04
1.012822105443103495e-04 6.833430780189089261e-04
1.020965355060643437e-04 6.853757901410539345e-04
1.029174077690647612e-04 6.874164888254158477e-04
1.037448799746472014e-04 6.894652199860739532e-04
1.045790051873920091e-04 6.915220298649406771e-04
1.054198368985268669e-04 6.935869650344074705e-04
1.062674290293576717e-04 6.956600724000151998e-04
1.071218359347260148e-04 6.977413992031465456e-04
1.079831124064950678e-04 6.998309930237434475e-04
1.088513136770629942e-04 7.019289017830436300e-04
1.097264954229053768e-04 7.040351737463480288e-04
1.106087137681454680e-04 7.061498575258061058e-04
1.114980252881531993e-04 7.082730020832278366e-04
1.123944870131736125e-04 7.104046567329218255e-04
1.132981564319835490e-04 7.125448711445529380e-04
1.142090914955790613e-04 7.146936953460324583e-04
1.151273506208911913e-04 7.168511797264260276e-04
1.160529926945323627e-04 7.190173750388908569e-04
1.169860770765727525e-04 7.211923324036391761e-04
1.179266636043465856e-04 7.233761033109232597e-04
1.188748125962899802e-04 7.255687396240528700e-04
1.198305848558087173e-04 7.277702935824325410e-04
1.207940416751775734e-04 7.299808178046295450e-04
1.217652448394709332e-04 7.322003652914678808e-04
1.227442566305247083e-04 7.344289894291476314e-04
1.237311398309308224e-04 7.366667439923943548e-04
1.247259577280631249e-04 7.389136831476327601e-04
1.257287741181359125e-04 7.411698614561908508e-04
1.267396533102951926e-04 7.434353338775312806e-04
1.277586601307424197e-04 7.457101557725095975e-04
1.287858599268921394e-04 7.479943829066625213e-04
1.298213185715624295e-04 7.502880714535258184e-04
1.308651024671991694e-04 7.525912779979784155e-04
1.319172785501345683e-04 7.549040595396184963e-04
1.329779142948790075e-04 7.572264734961668122e-04
1.340470777184491478e-04 7.595585777069038206e-04
1.351248373847288890e-04 7.619004304361307826e-04
1.362112624088667313e-04 7.642520903766669661e-04
1.373064224617078855e-04 7.666136166533749291e-04
1.384103877742618902e-04 7.689850688267167028e-04
1.395232291422069846e-04 7.713665068963414164e-04
1.406450179304297166e-04 7.737579913047044726e-04
1.417758260776016586e-04 7.761595829407209836e-04
1.429157261007926879e-04 7.785713431434450110e-04
1.440647911001210482e-04 7.809933337057872954e-04
1.452230947634418736e-04 7.834256168782638852e-04
1.463907113710721146e-04 7.858682553727767495e-04
1.475677158005541702e-04 7.883213123664274593e-04
1.487541835314579544e-04 7.907848515053662137e-04
1.499501906502205041e-04 7.932589369086735006e-04
1.511558138550262711e-04 7.957436331722761262e-04
1.523711304607251445e-04 7.982390053728971807e-04
1.535962184037905341e-04 8.007451190720428665e-04
1.548311562473175698e-04 8.032620403200210930e-04
1.560760231860606030e-04 8.057898356599991043e-04
1.573308990515128293e-04 8.083285721320948233e-04
1.585958643170250508e-04 8.108783172775040852e-04
1.598710001029664783e-04 8.134391391426644066e-04
1.611563881819271134e-04 8.160111062834584381e-04
1.624521109839610036e-04 8.185942877694488574e-04
1.637582516018733279e-04 8.211887531881573903e-04
1.650748937965483554e-04 8.237945726493736470e-04
1.664021220023210708e-04 8.264118167895118799e-04
1.677400213323920601e-04 8.290405567759969070e-04
1.690886775842849227e-04 8.316808643116936194e-04
1.704481772453494927e-04 8.343328116393761715e-04
1.718186074983072342e-04 8.369964715462345755e-04
1.732000562268427434e-04 8.396719173684222791e-04
1.745926120212387266e-04 8.423592229956423406e-04
1.759963641840583308e-04 8.450584628757784903e-04
1.774114027358712222e-04 8.477697120195616448e-04
1.788378184210265829e-04 8.504930460052809822e-04
1.802757027134727292e-04 8.532285409835394701e-04
1.817251478226224821e-04 8.559762736820423525e-04
1.831862466992673283e-04 8.587363214104397390e-04
1.846590930415376313e-04 8.615087620652032378e-04
1.861437813009116050e-04 8.642936741345500764e-04
1.876404066882722912e-04 8.670911367034115670e-04
1.891490651800129181e-04 8.699012294584400600e-04
1.906698535241924044e-04 8.727240326930686990e-04
1.922028692467392451e-04 8.755596273126097732e-04
1.937482106577058404e-04 8.784080948394000152e-04
1.953059768575730773e-04 8.812695174179934962e-04
1.968762677436047294e-04 8.841439778203984308e-04
1.984591840162550384e-04 8.870315594513600603e-04
2.000548271856254627e-04 8.899323463536950359e-04
2.016632995779748508e-04 8.928464232136659176e-04
2.032847043422813312e-04 8.957738753664128096e-04
2.049191454568567315e-04 8.987147888014215347e-04
2.065667277360153434e-04 9.016692501680534984e-04
2.082275568367950003e-04 9.046373467811144771e-04
2.099017392657326906e-04 9.076191666264789163e-04
2.115893823856950580e-04 9.106147983667608505e-04
2.132905944227625711e-04 9.136243313470379483e-04
2.150054844731709100e-04 9.166478556006261904e-04
2.167341625103067545e-04 9.196854618549039862e-04
2.184767393917599768e-04 9.227372415371902850e-04
2.202333268664332158e-04 9.258032867806755949e-04
2.220040375817073698e-04 9.288836904304019005e-04
2.237889850906666647e-04 9.319785460493031862e-04
2.255882838593798584e-04 9.350879479242923649e-04
2.274020492742408585e-04 9.382119910724076193e-04
2.292303976493687543e-04 9.413507712470111114e-04
2.310734462340657727e-04 9.445043849440429859e-04
2.329313132203377379e-04 9.476729294083352214e-04
2.348041177504726451e-04 9.508565026399761139e-04
2.366919799246812494e-04 9.540552034007348256e-04
2.385950208087992384e-04 9.572691312205456726e-04
2.405133624420499844e-04 9.604983864040423942e-04
2.424471278448722667e-04 9.637430700371632216e-04
2.443964410268083037e-04 9.670032839938021325e-04
2.463614269944566196e-04 9.702791309425293871e-04
2.483422117594887165e-04 9.735707143533680078e-04
2.503389223467292809e-04 9.768781385046292412e-04
2.523516868023031770e-04 9.802015084898153471e-04
2.543806342018461639e-04 9.835409302245765994e-04
2.564258946587824541e-04 9.868965104537384334e-04
2.584875993326691125e-04 9.902683567583837800e-04
2.605658804376057795e-04 9.936565775630059813e-04
2.626608712507152998e-04 9.970612821427209029e-04
2.647727061206891878e-04 1.000482580630548436e-03
2.669015204764037274e-04 1.003920584024751246e-03
2.690474508356050821e-04 1.007375404196251146e-03
2.712106348136627642e-04 1.010847153896098820e-03
2.733912111323963954e-04 1.014335946763025072e-03
2.755893196289706097e-04 1.017841897331046071e-03
2.778051012648630321e-04 1.021365121037146224e-03
2.800386981349040311e-04 1.024905734229026970e-03
2.822902534763879734e-04 1.028463854172921924e-03
2.845599116782607002e-04 1.032039599061492473e-03
2.868478182903773659e-04 1.035633088021779965e-03
2.891541200328372565e-04 1.039244441123244418e-03
2.914789648053924963e-04 1.042873779385862639e-03
2.938225016969318350e-04 1.046521224788306585e-03
2.961848809950430399e-04 1.050186900276195000e-03
2.985662541956495561e-04 1.053870929770416628e-03
3.009667740127260419e-04 1.057573438175530818e-03
3.033865943880911537e-04 1.061294551388239490e-03
3.058258705012805627e-04 1.065034396305944518e-03
3.082847587794978702e-04 1.068793100835371693e-03
3.107634169076459174e-04 1.072570793901277955e-03
3.132620038384394102e-04 1.076367605455237544e-03
3.157806798025971783e-04 1.080183666484506875e-03
3.183196063191191111e-04 1.084019109020964433e-03
3.208789462056430529e-04 1.087874066150141313e-03
3.234588635888863205e-04 1.091748672020324828e-03
3.260595239151714629e-04 1.095643061851745174e-03
3.286810939610344210e-04 1.099557371945849259e-03
3.313237418439218623e-04 1.103491739694655418e-03
3.339876370329709692e-04 1.107446303590194428e-03
3.366729503598774281e-04 1.111421203234031407e-03
3.393798540298511831e-04 1.115416579346878130e-03
3.421085216326581681e-04 1.119432573778293173e-03
3.448591281537545755e-04 1.123469329516462280e-03
3.476318499855066677e-04 1.127526990698078917e-03
3.504268649385035056e-04 1.131605702618303753e-03
3.532443522529595025e-04 1.135705611740816948e-03
3.560844926102077262e-04 1.139826865707965417e-03
3.589474681442887194e-04 1.143969613350996834e-03
3.618334624536291458e-04 1.148134004700392292e-03
3.647426606128158460e-04 1.152320190996283106e-03
3.676752491844650873e-04 1.156528324698973638e-03
3.706314162311849991e-04 1.160758559499544800e-03
3.736113513276375394e-04 1.165011050330571393e-03
3.766152455726948949e-04 1.169285953376924224e-03
3.796432916016941094e-04 1.173583426086668947e-03
3.826956835987911339e-04 1.177903627182072662e-03
3.857726173094121842e-04 1.182246716670704413e-03
3.888742900528086932e-04 1.186612855856635862e-03
3.920009007347094628e-04 1.191002207351747350e-03
3.951526498600770607e-04 1.195414935087133704e-03
3.983297395459658085e-04 1.199851204324611960e-03
4.015323735344818461e-04 1.204311181668337718e-03
4.047607572058514540e-04 1.208795035076525807e-03
4.080150975915895024e-04 1.213302933873275022e-03
4.112956033877772952e-04 1.217835048760500640e-03
4.146024849684459075e-04 1.222391551829977953e-03
4.179359543990656127e-04 1.226972616575491837e-03
4.212962254501476317e-04 1.231578417905101900e-03
4.246835136109516472e-04 1.236209132153511490e-03
4.280980361033047735e-04 1.240864937094554024e-03
4.315400118955324701e-04 1.245546011953793794e-03
4.350096617164989055e-04 1.250252537421238461e-03
4.385072080697643613e-04 1.254984695664167552e-03
4.420328752478521936e-04 1.259742670340079128e-03
4.455868893466336488e-04 1.264526646609752695e-03
4.491694782798261393e-04 1.269336811150432228e-03
4.527808717936087778e-04 1.274173352169128033e-03
4.564213014813570091e-04 1.279036459416040038e-03
4.600910007984933617e-04 1.283926324198103814e-03
4.637902050774588155e-04 1.288843139392660195e-03
4.675191515428047339e-04 1.293787099461245465e-03
4.712780793264040573e-04 1.298758400463517282e-03
4.750672294827888069e-04 1.303757240071290327e-03
4.788868450046075004e-04 1.308783817582719836e-03
4.827371708382079563e-04 1.313838333936600059e-03
4.866184538993440769e-04 1.318920991726794771e-03
4.905309430890130058e-04 1.324031995216809823e-03
4.944748893094141505e-04 1.329171550354484076e-03
4.984505454800409107e-04 1.334339864786821071e-03
5.024581665538992593e-04 1.339537147874963812e-03
5.064980095338566428e-04 1.344763610709285781e-03
5.105703334891251079e-04 1.350019466124644787e-03
5.146753995718737719e-04 1.355304928715754141e-03
5.188134710339764935e-04 1.360620214852708426e-03
5.229848132438943108e-04 1.365965542696643501e-03
5.271896937036906925e-04 1.371341132215542213e-03
5.314283820661897971e-04 1.376747205200184315e-03
5.357011501522666776e-04 1.382183985280242529e-03
5.400082719682787599e-04 1.387651697940524764e-03
5.443500237236383738e-04 1.393150570537362480e-03
5.487266838485238465e-04 1.398680832315152799e-03
5.531385330117376134e-04 1.404242714423051524e-03
5.575858541387027816e-04 1.409836449931816012e-03
5.620689324296079033e-04 1.415462273850802855e-03
5.665880553776961662e-04 1.421120423145120614e-03
5.711435127877007327e-04 1.426811136752943222e-03
5.757355967944317605e-04 1.432534655602975835e-03
5.803646018815090306e-04 1.438291222632082870e-03
5.850308249002471230e-04 1.444081082803084322e-03
5.897345650886924888e-04 1.449904483122699088e-03
5.944761240908112265e-04 1.455761672659663507e-03
5.992558059758361279e-04 1.461652902563022501e-03
6.040739172577641028e-04 1.467578426080565560e-03
6.089307669150126551e-04 1.473538498577463751e-03
6.138266664102357386e-04 1.479533377555038989e-03
6.187619297102938927e-04 1.485563322669739960e-03
6.237368733063929733e-04 1.491628595752270484e-03
6.287518162343770558e-04 1.497729460826902189e-03
6.338070800951892819e-04 1.503866184130962184e-03
6.389029890754951199e-04 1.510039034134500260e-03
6.440398699684709649e-04 1.516248281560125463e-03
6.492180521947631773e-04 1.522494199403047564e-03
6.544378678236117009e-04 1.528777062951283119e-03
6.596996515941454210e-04 1.535097149806048233e-03
6.650037409368495835e-04 1.541454739902348853e-03
6.703504759952017000e-04 1.547850115529747581e-03
6.757401996474886232e-04 1.554283561353331710e-03
6.811732575287918895e-04 1.560755364434866874e-03
6.866499980531537992e-04 1.567265814254148893e-03
6.921707724359211968e-04 1.573815202730544484e-03
6.977359347162659766e-04 1.580403824244737757e-03
7.033458417798922873e-04 1.587031975660671643e-03
7.090008533819214384e-04 1.593699956347697719e-03
7.147013321699629629e-04 1.600408068202914015e-03
7.204476437073704291e-04 1.607156615673728138e-03
7.262401564966830840e-04 1.613945905780606429e-03
7.320792420032602678e-04 1.620776248140051246e-03
7.379652746791011192e-04 1.627647954987782291e-03
7.438986319868578102e-04 1.634561341202119163e-03
7.498796944240427448e-04 1.641516724327600051e-03
7.559088455474259269e-04 1.648514424598799058e-03
7.619864719976368085e-04 1.655554764964374667e-03
7.681129635239554400e-04 1.662638071111334406e-03
7.742887130093079918e-04 1.669764671489520035e-03
7.805141164954620958e-04 1.676934897336319549e-03
7.867895732084211361e-04 1.684149082701612938e-03
7.931154855840312620e-04 1.691407564472936515e-03
7.994922592937851822e-04 1.698710682400887293e-03
8.059203032708387891e-04 1.706058779124754177e-03
8.124000297362358406e-04 1.713452200198396780e-03
8.189318542253397250e-04 1.720891294116339357e-03
8.255161956144867284e-04 1.728376412340137296e-03
8.321534761478432398e-04 1.735907909324955253e-03
8.388441214644871708e-04 1.743486142546408308e-03
8.455885606256988412e-04 1.751111472527645775e-03
8.523872261424817170e-04 1.758784262866684147e-03
8.592405540032951091e-04 1.766504880263987691e-03
8.661489837020139044e-04 1.774273694550311618e-03
8.731129582661148946e-04 1.782091078714789431e-03
8.801329242850825484e-04 1.789957408933301073e-03
8.872093319390538489e-04 1.797873064597066157e-03
8.943426350276844185e-04 1.805838428341542505e-03
9.015332909992509981e-04 1.813853886075557581e-03
9.087817609799868140e-04 1.821919827010728531e-03
9.160885098036511322e-04 1.830036643691138097e-03
9.234540060413419993e-04 1.838204732023303919e-03
9.308787220315427368e-04 1.846424491306401967e-03
9.383631339104116231e-04 1.854696324262786406e-03
9.459077216423188812e-04 1.863020637068775508e-03
9.535129690506207812e-04 1.871397839385736386e-03
9.611793638486924342e-04 1.879828344391446839e-03
9.689073976712006282e-04 1.888312568811749068e-03
9.766975661056325354e-04 1.896850932952497213e-03
9.845503687240777981e-04 1.905443860731793719e-03
9.924663091152618240e-04 1.914091779712529060e-03
1.000445894916845904e-03 1.922795121135221358e-03
1.008489637847976910e-03 1.931554319951154803e-03
1.016598053742104367e-03 1.940369814855832931e-03
1.024771662580061839e-03 1.949242048322723762e-03
1.033010988523407015e-03 1.958171466637334546e-03
1.041316559948043041e-03 1.967158519931593106e-03
1.049688909478097227e-03 1.976203662218544918e-03
1.058128574020079059e-03 1.985307351427371969e-03
1.066636094797312074e-03 1.994470049438741652e-03
1.075212017384638086e-03 2.003692222120467478e-03
1.083856891743409595e-03 2.012974339363514126e-03
1.092571272256753680e-03 2.022316875118324725e-03
1.101355717765126240e-03 2.031720307431496373e-03
1.110210791602148995e-03 2.041185118482773120e-03
1.119137061630731851e-03 2.050711794622401933e-03
1.128135100279495590e-03 2.060300826408826939e-03
1.137205484579476228e-03 2.069952708646724971e-03
1.146348796201130575e-03 2.079667940425401068e-03
1.155565621491638426e-03 2.089447025157538732e-03
1.164856551512500520e-03 2.099290470618298855e-03
1.174222182077448761e-03 2.109198788984796395e-03
1.183663113790650243e-03 2.119172496875920946e-03
1.193179952085224186e-03 2.129212115392552403e-03
1.202773307262069167e-03 2.139318170158118794e-03
1.212443794528995662e-03 2.149491191359553539e-03
1.222192034040185584e-03 2.159731713788612655e-03
1.232018650935957135e-03 2.170040276883596596e-03
1.241924275382855561e-03 2.180417424771431169e-03
1.251909542614065927e-03 2.190863706310163059e-03
1.261975092970143986e-03 2.201379675131820077e-03
1.272121571940089445e-03 2.211965889685708550e-03
1.282349630202733000e-03 2.222622913282066345e-03
1.292659923668467055e-03 2.233351314136146955e-03
1.303053113521307569e-03 2.244151665412718634e-03
1.313529866261290910e-03 2.255024545270938215e-03
1.324090853747222863e-03 2.265970536909684210e-03
1.334736753239758105e-03 2.276990228613284123e-03
1.345468247444836160e-03 2.288084213797672399e-03
1.356286024557455411e-03 2.299253091056963853e-03
1.367190778305815311e-03 2.310497464210482885e-03
1.378183207995797507e-03 2.321817942350206873e-03
1.389264018555813867e-03 2.333215139888659279e-03
1.400433920582012937e-03 2.344689676607236446e-03
1.411693630383844622e-03 2.356242177704994528e-03
1.423043870030003908e-03 2.367873273847880076e-03
1.434485367394731058e-03 2.379583601218425090e-03
1.446018856204489555e-03 2.391373801565888774e-03
1.457645076085020914e-03 2.403244522256868521e-03
1.469364772608770710e-03 2.415196416326394896e-03
1.481178697342708413e-03 2.427230142529478510e-03
1.493087607896519510e-03 2.439346365393148253e-03
1.505092267971190568e-03 2.451545755268965711e-03
1.517193447407986107e-03 2.463828988386029210e-03
1.529391922237812330e-03 2.476196746904460542e-03
1.541688474730990238e-03 2.488649718969411680e-03
1.554083893447415817e-03 2.501188598765542032e-03
1.566578973287131773e-03 2.513814086572014380e-03
1.579174515541303687e-03 2.526526888818007334e-03
1.591871327943600789e-03 2.539327718138728249e-03
1.604670224722002606e-03 2.552217293431958273e-03
1.617572026651008070e-03 2.565196339915119545e-03
1.630577561104273746e-03 2.578265589182852403e-03
1.643687662107671654e-03 2.591425779265158977e-03
1.656903170392769490e-03 2.604677654686065463e-03
1.670224933450753643e-03 2.618021966522824338e-03
1.683653805586772653e-03 2.631459472465684686e-03
1.697190647974721953e-03 2.644990936878201596e-03
1.710836328712473558e-03 2.658617130858110210e-03
1.724591722877539222e-03 2.672338832298755754e-03
1.738457712583195468e-03 2.686156825951116836e-03
1.752435187035048143e-03 2.700071903486376060e-03
1.766525042588056472e-03 2.714084863559096047e-03
1.780728182804015933e-03 2.728196511870953182e-03
1.795045518509497595e-03 2.742407661235092380e-03
1.809477967854266007e-03 2.756719131641062991e-03
1.824026456370153983e-03 2.771131750320359691e-03
1.838691917030415733e-03 2.785646351812571392e-03
1.853475290309558989e-03 2.800263778032143370e-03
1.868377524243651586e-03 2.814984878335764339e-03
1.883399574491124604e-03 2.829810509590377152e-03
1.898542404394052341e-03 2.844741536241807926e-03
1.913806985039931451e-03 2.859778830384056975e-03
1.929194295323957524e-03 2.874923271829215102e-03
1.944705322011792362e-03 2.890175748178022176e-03
1.960341059802855369e-03 2.905537154891109190e-03
1.976102511394103693e-03 2.921008395360873491e-03
1.991990687544336908e-03 2.936590380984037060e-03
2.008006607139016259e-03 2.952284031234866588e-03
2.024151297255597816e-03 2.968090273739092642e-03
2.040425793229408164e-03 2.984010044348491941e-03
2.056831138720030972e-03 3.000044287216179113e-03
2.073368385778238260e-03 3.016193954872593667e-03
2.090038594913458132e-03 3.032460008302188207e-03
2.106842835161775937e-03 3.048843417020824856e-03
2.123782184154501384e-03 3.065345159153913708e-03
2.140857728187269514e-03 3.081966221515250806e-03
2.158070562289701993e-03 3.098707599686597713e-03
2.175421790295634789e-03 3.115570298098003545e-03
2.192912524913895322e-03 3.132555330108869902e-03
2.210543887799672029e-03 3.149663718089772135e-03
2.228317009626436425e-03 3.166896493505035222e-03
2.246233030158452815e-03 3.184254696996080287e-03
2.264293098323871736e-03 3.201739378465547417e-03
2.282498372288401921e-03 3.219351597162190860e-03
2.300850019529594205e-03 3.237092421766575665e-03
2.319349216911699603e-03 3.254962930477573596e-03
2.337997150761145834e-03 3.272964211099624061e-03
2.356795016942607544e-03 3.291097361130872374e-03
2.375744020935704071e-03 3.309363487852066098e-03
2.394845377912301759e-03 3.327763708416308329e-03
2.414100312814438168e-03 3.346299149939634988e-03
2.433510060432882063e-03 3.364970949592447323e-03
2.453075865486307929e-03 3.383780254691776210e-03
2.472798982701130983e-03 3.402728222794394308e-03
2.492680676891963210e-03 3.421816021790856713e-03
2.512722223042725134e-03 3.441044830000318782e-03
2.532924906388412441e-03 3.460415836266320620e-03
2.553290022497505755e-03 3.479930240053409445e-03
2.573818877355067355e-03 3.499589251544683519e-03
2.594512787446484094e-03 3.519394091740239011e-03
2.615373079841892476e-03 3.539345992556524982e-03
2.636401092281285066e-03 3.559446196926635986e-03
2.657598173260288226e-03 3.579695958901510204e-03
2.678965682116652390e-03 3.600096543752100749e-03
2.700504989117416283e-03 3.620649228072479395e-03
2.722217475546782808e-03 3.641355299883890489e-03
2.744104533794698361e-03 3.662216058739800606e-03
2.766167567446138186e-03 3.683232815831888850e-03
2.788407991371130278e-03 3.704406894097049367e-03
2.810827231815476654e-03 3.725739628325368778e-03
2.833426726492223584e-03 3.747232365269138367e-03
2.856207924673856511e-03 3.768886463752842489e-03
2.879172287285234819e-03 3.790703294784180874e-03
2.902321286997291624e-03 3.812684241666153447e-03
2.925656408321464317e-03 3.834830700110127000e-03
2.949179147704896614e-03 3.857144078350020766e-03
2.972891013626406068e-03 3.879625797257503332e-03
2.996793526693210079e-03 3.902277290458270285e-03
3.020888219738455515e-03 3.925100004449430351e-03
3.045176637919508583e-03 3.948095398717951440e-03
3.069660338817042661e-03 3.971264945860222134e-03
3.094340892534929756e-03 3.994610131702714707e-03
3.119219881800917339e-03 4.018132455423776596e-03
3.144298902068140035e-03 4.041833429676574586e-03
3.169579561617425802e-03 4.065714580713132749e-03
3.195063481660434350e-03 4.089777448509568196e-03
3.220752296443626494e-03 4.114023586892489107e-03
3.246647653353053158e-03 4.138454563666512515e-03
3.272751213020016949e-03 4.163071960743053648e-03
3.299064649427558595e-03 4.187877374270246311e-03
3.325589650017802493e-03 4.212872414764093180e-03
3.352327915800180913e-03 4.238058707240836484e-03
3.379281161460498655e-03 4.263437891350558596e-03
3.406451115470916693e-03 4.289011621512033370e-03
3.433839520200779316e-03 4.314781567048803917e-03
3.461448132028357213e-03 4.340749412326545820e-03
3.489278721453482196e-03 4.366916856891734852e-03
3.517333073211075748e-03 4.393285615611515135e-03
3.545612986385616918e-03 4.419857418814983688e-03
3.574120274526507070e-03 4.446634012435698828e-03
3.602856765764370518e-03 4.473617158155550333e-03
3.631824302928292770e-03 4.500808633549969670e-03
3.661024743663988164e-03 4.528210232234465560e-03
3.690459960552943709e-03 4.555823764012553387e-03
3.720131841232494907e-03 4.583651055025045502e-03
3.750042288516882566e-03 4.611693947900714560e-03
3.780193220519264142e-03 4.639954301908380194e-03
3.810586570774740760e-03 4.668433993110386940e-03
3.841224288364335302e-03 4.697134914517552343e-03
3.872108338039992239e-03 4.726058976245487223e-03
3.903240700350574504e-03 4.755208105672441635e-03
3.934623371768859561e-03 4.784584247598538606e-03
3.966258364819592354e-03 4.814189364406581267e-03
