2.497382406435652939e-25 9.768325619515944397e-18
1.592405960127358361e-24 3.089015920155193588e-17
1.015365822756892167e-23 9.768326876420302874e-17
6.474277161963938908e-23 3.089016721595150065e-16
4.128193389070159467e-22 9.768331986641967382e-16
2.632259977636328568e-21 3.089019980025807047e-15
1.678407946733001633e-20 9.768352763373603653e-15
1.070203270037972128e-19 3.089033227893325649e-14
6.823937180644061677e-19 9.768437235752100315e-14
4.351147109064984495e-18 3.089087090016611440e-13
1.915297948882004416e-17 7.759322488683919743e-13
8.060281057525431301e-17 1.949163039787816667e-12
3.231548868885900942e-16 4.896382250613372468e-12
4.345363206717196250e-16 6.163781780305984805e-12
1.185699981296668146e-15 1.229732179640797847e-11
3.167099671296256822e-15 2.454290871984140256e-11
8.312293945536222779e-15 4.898397135859626299e-11
2.151611673377367987e-14 9.773430848120292535e-11
5.516190296262407946e-14 1.950308160666369755e-10
7.219962673568143336e-14 2.455395918119563429e-10
1.345996703506809824e-13 3.892770603306517574e-10
2.502777173064534741e-13 6.169465998965407740e-10
3.411676113431318569e-13 7.768626451909397954e-10
4.161104603351930561e-13 9.006720410829545173e-10
5.668224300832851639e-13 1.192414995932578561e-09
1.051017683769589897e-12 1.890432911212288601e-09
1.946696275912857264e-12 3.094630240399093478e-09
3.604197434436283020e-12 4.906521065391501087e-09
4.678350727597027810e-12 5.964785761620009416e-09
6.363945126095426008e-12 7.510858710852283575e-09
8.659328086403540721e-12 9.798092857573101657e-09
1.177437263656969924e-11 1.233578754396143564e-08
1.601314678573479096e-11 1.553407705195085344e-08
2.068158225216417963e-11 1.881943995759334440e-08
2.812629084553211013e-11 2.462793118627416045e-08
3.823985723652250255e-11 3.101071367919697201e-08
4.915490723856361436e-11 3.744047090307774978e-08
6.683712298751739095e-11 4.918310976261355027e-08
9.088989403667837668e-11 6.194746997419662658e-08
1.198094057756214983e-10 7.622496704508910767e-08
1.235276287134856064e-10 8.111821537560480725e-08
1.679810496150610554e-10 1.052041443179145334e-07
2.145827771029579730e-10 1.264403182978826954e-07
2.389577941400671919e-10 1.370814666799720085e-07
2.718434103460653354e-10 1.558050328926489486e-07
3.695913600236930604e-10 2.029070399259184632e-07
4.805596579248377059e-10 2.471473550088626382e-07
6.228436556804378813e-10 3.112918511513913844e-07
6.449051117784316288e-10 3.195404339442749206e-07
6.519284217721749412e-10 3.221516175955882510e-07
6.901021772675798839e-10 3.362246542759246589e-07
7.517420508597271333e-10 3.585491157042282318e-07
7.842145311837404764e-10 3.701260768930860222e-07
8.123077711587138292e-10 3.800461204279264704e-07
8.948523203792971162e-10 4.248355205313744057e-07
1.780367769825735293e-09 1.571243743291283042e-06
2.831798589477310162e-09 2.360915204371286954e-06
4.352717025416528164e-09 3.331634749736530039e-06
6.442936706730940560e-09 4.497300351158025239e-06
9.210451352971400048e-09 5.875749191388290656e-06
1.726412223638507203e-08 9.359364509061765243e-06
2.961440629244172500e-08 1.399035730184682620e-05
4.760234259406434222e-08 2.000744564924680080e-05
7.280858902572716169e-08 2.762541866450402925e-05
1.069774052811704485e-07 3.692082460755834189e-05
1.786399553702715184e-07 5.352425790188030335e-05
3.179080611873818725e-07 7.810458603098302793e-05
4.169532575344421554e-07 9.195064971249766836e-05
4.437988271458211392e-07 9.546604737380116803e-05
8.192319285407806845e-07 1.258634192745901824e-04
1.252796358923776904e-06 1.508846731799486887e-04
1.262869039422983306e-06 1.513271070991846197e-04
1.273022705863532956e-06 1.517704270441649417e-04
1.283258009385179652e-06 1.522146358088247685e-04
1.293575606362942622e-06 1.526597361998230850e-04
1.303976158449200465e-06 1.531057310365768461e-04
1.314460332616121144e-06 1.535526231512950198e-04
1.325028801198434824e-06 1.540004153890128487e-04
1.335682241936547637e-06 1.544491106076265714e-04
1.346421338020007175e-06 1.548987116779282250e-04
1.357246778131311460e-06 1.553492214836410177e-04
1.368159256490075149e-06 1.558006429214544024e-04
1.379159472897548523e-06 1.562529789010602352e-04
1.390248132781493930e-06 1.567062323451883367e-04
1.401425947241424121e-06 1.571604061896430301e-04
1.412693633094204810e-06 1.576155033833395432e-04
1.424051912920021879e-06 1.580715268883407354e-04
1.435501515108720014e-06 1.585284796798944759e-04
1.447043173906514024e-06 1.589863647464705339e-04
1.458677629463073082e-06 1.594451850897985791e-04
1.470405627878987174e-06 1.599049437249059399e-04
1.482227921253613028e-06 1.603656436801557668e-04
1.494145267733304380e-06 1.608272879972855759e-04
1.506158431560031670e-06 1.612898797314459010e-04
1.518268183120391151e-06 1.617534219512392971e-04
1.530475298995009147e-06 1.622179177387597789e-04
1.542780562008342932e-06 1.626833701896323128e-04
1.555184761278881832e-06 1.631497824130526066e-04
1.567688692269752357e-06 1.636171575318273882e-04
1.580293156839729920e-06 1.640854986824148189e-04
1.592998963294661779e-06 1.645548090149651782e-04
1.605806926439300797e-06 1.650250916933618196e-04
1.618717867629559961e-06 1.654963498952626412e-04
1.631732614825182376e-06 1.659685868121414480e-04
1.644852002642838580e-06 1.664418056493300463e-04
1.658076872409648655e-06 1.669160096260602019e-04
1.671408072217136105e-06 1.673912019755062497e-04
1.684846456975613724e-06 1.678673859448277024e-04
1.698392888469008652e-06 1.683445647952124837e-04
1.712048235410125555e-06 1.688227418019200786e-04
1.725813373496358951e-06 1.693019202543252278e-04
1.739689185465847465e-06 1.697821034559618913e-04
1.753676561154084223e-06 1.702632947245673485e-04
1.767776397550979974e-06 1.707454973921269763e-04
1.781989598858386162e-06 1.712287148049187818e-04
1.796317076548079407e-06 1.717129503235585871e-04
1.810759749420213984e-06 1.721982073230456198e-04
1.825318543662241431e-06 1.726844891928080495e-04
1.839994392908307891e-06 1.731717993367490934e-04
1.854788238299124724e-06 1.736601411732933661e-04
1.869701028542322787e-06 1.741495181354333916e-04
1.884733719973293327e-06 1.746399336707767666e-04
1.899887276616513585e-06 1.751313912415931602e-04
1.915162670247370681e-06 1.756238943248620459e-04
1.930560880454479511e-06 1.761174464123204070e-04
1.946082894702500628e-06 1.766120510105111455e-04
1.961729708395468649e-06 1.771077116408313569e-04
1.977502324940621702e-06 1.776044318395812813e-04
1.993401755812751363e-06 1.781022151580132558e-04
2.009429020619066741e-06 1.786010651623812348e-04
2.025585147164578654e-06 1.791009854339906094e-04
2.041871171518013182e-06 1.796019795692481891e-04
2.058288138078252092e-06 1.801040511797124817e-04
2.074837099641310271e-06 1.806072038921446236e-04
2.091519117467847217e-06 1.811114413485592561e-04
2.108335261351226135e-06 1.816167672062758351e-04
2.125286609686118103e-06 1.821231851379703749e-04
2.142374249537657651e-06 1.826306988317274354e-04
2.159599276711154419e-06 1.831393119910924622e-04
2.176962795822365555e-06 1.836490283351242890e-04
2.194465920368333077e-06 1.841598515984482634e-04
2.212109772798791291e-06 1.846717855313095087e-04
2.229895484588148503e-06 1.851848338996265372e-04
2.247824196308044278e-06 1.856990004850451353e-04
2.265897057700494552e-06 1.862142890849929260e-04
2.284115227751623730e-06 1.867307035127335790e-04
2.302479874765986745e-06 1.872482475974221591e-04
2.320992176441490816e-06 1.877669251841602581e-04
2.339653319944922413e-06 1.882867401340516955e-04
2.358464501988073494e-06 1.888076963242583007e-04
2.377426928904490740e-06 1.893297976480565626e-04
2.396541816726830834e-06 1.898530480148941709e-04
2.415810391264845941e-06 1.903774513504468010e-04
2.435233888183992177e-06 1.909030115966757935e-04
2.454813553084670387e-06 1.914297327118855900e-04
2.474550641582105588e-06 1.919576186707820902e-04
2.494446419386868037e-06 1.924866734645306568e-04
2.514502162386039320e-06 1.930169011008151772e-04
2.534719156725036576e-06 1.935483056038970714e-04
2.555098698890086830e-06 1.940808910146746790e-04
2.575642095791373436e-06 1.946146613907431073e-04
2.596350664846841946e-06 1.951496208064544590e-04
2.617225734066687831e-06 1.956857733529783028e-04
2.638268642138515903e-06 1.962231231383625249e-04
2.659480738513193459e-06 1.967616742875945865e-04
2.680863383491383588e-06 1.973014309426631872e-04
2.702417948310783213e-06 1.978423972626202818e-04
2.724145815234054855e-06 1.983845774236431779e-04
2.746048377637472434e-06 1.989279756190975282e-04
2.768127040100274786e-06 1.994725960596001324e-04
2.790383218494739983e-06 2.000184429730826618e-04
2.812818340076981343e-06 2.005655206048553288e-04
2.835433843578478653e-06 2.011138332176709358e-04
2.858231179298337425e-06 2.016633850917897385e-04
2.881211809196299886e-06 2.022141805250441174e-04
2.904377206986492893e-06 2.027662238329040918e-04
2.927728858231938173e-06 2.033195193485429404e-04
2.951268260439820241e-06 2.038740714229032023e-04
2.974996923157515365e-06 2.044298844247633014e-04
2.998916368069399815e-06 2.049869627408042248e-04
3.023028129094434407e-06 2.055453107756769328e-04
3.047333752484527902e-06 2.061049329520698778e-04
3.071834796923699996e-06 2.066658337107770110e-04
3.096532833628035022e-06 2.072280175107662494e-04
3.121429446446443294e-06 2.077914888292482689e-04
3.146526231962230949e-06 2.083562521617455946e-04
3.171824799595484200e-06 2.089223120221624238e-04
3.197326771706282849e-06 2.094896729428543129e-04
3.223033783698737530e-06 2.100583394746988945e-04
3.248947484125863396e-06 2.106283161871664320e-04
3.275069534795306353e-06 2.111996076683910785e-04
3.301401610875904462e-06 2.117722185252426514e-04
3.327945401005119664e-06 2.123461533833983790e-04
3.354702607397325868e-06 2.129214168874154882e-04
3.381674945952968198e-06 2.134980137008041711e-04
3.408864146368601896e-06 2.140759485061004708e-04
3.436271952247816362e-06 2.146552260049403049e-04
3.463900121213050707e-06 2.152358509181334352e-04
3.491750425018303346e-06 2.158178279857379258e-04
3.519824649662755535e-06 2.164011619671350609e-04
3.548124595505302934e-06 2.169858576411049140e-04
3.576652077380012126e-06 2.175719198059018083e-04
3.605408924712503367e-06 2.181593532793307799e-04
3.634396981637265072e-06 2.187481628988240687e-04
3.663618107115918253e-06 2.193383535215183400e-04
3.693074175056431743e-06 2.199299300243319618e-04
3.722767074433285255e-06 2.205228973040432295e-04
3.752698709408617120e-06 2.211172602773684825e-04
3.782870999454327048e-06 2.217130238810411703e-04
3.813285879475171192e-06 2.223101930718909174e-04
3.843945299932845697e-06 2.229087728269232122e-04
3.874851226971068904e-06 2.235087681433998552e-04
3.906005642541660935e-06 2.241101840389192977e-04
3.937410544531652841e-06 2.247130255514977681e-04
3.969067946891398222e-06 2.253172977396506946e-04
4.000979879763730501e-06 2.259230056824748883e-04
4.033148389614153586e-06 2.265301544797308883e-04
4.065575539362073528e-06 2.271387492519256319e-04
4.098263408513099988e-06 2.277487951403961007e-04
4.131214093292391244e-06 2.283602973073930217e-04
4.164429706779087637e-06 2.289732609361650546e-04
4.197912379041819904e-06 2.295876912310436857e-04
4.231664257275306790e-06 2.302035934175283914e-04
4.265687505938052115e-06 2.308209727423722905e-04
4.299984306891146368e-06 2.314398344736684466e-04
4.334556859538188924e-06 2.320601839009363602e-04
4.369407380966331741e-06 2.326820263352091930e-04
4.404538106088454682e-06 2.333053671091213442e-04
4.439951287786491962e-06 2.339302115769966773e-04
4.475649197055906323e-06 2.345565651149370456e-04
4.511634123151317712e-06 2.351844331209112236e-04
4.547908373733320355e-06 2.358138210148447058e-04
4.584474275016457710e-06 2.364447342387096421e-04
4.621334171918407847e-06 2.370771782566155844e-04
4.658490428210362284e-06 2.377111585549003439e-04
4.695945426668598300e-06 2.383466806422217677e-04
4.733701569227295538e-06 2.389837500496495989e-04
4.771761277132560472e-06 2.396223723307584460e-04
4.810126991097701105e-06 2.402625530617203743e-04
4.848801171459750181e-06 2.409042978413991230e-04
4.887786298337232701e-06 2.415476122914437531e-04
4.927084871789220916e-06 2.421925020563835693e-04
4.966699411975656494e-06 2.428389728037232587e-04
5.006632459318964403e-06 2.434870302240385446e-04
5.046886574666966994e-06 2.441366800310724907e-04
5.087464339457107596e-06 2.447879279618322664e-04
5.128368355881994634e-06 2.454407797766864534e-04
5.169601247056276438e-06 2.460952412594628142e-04
5.211165657184853517e-06 2.467513182175467916e-04
5.253064251732455401e-06 2.474090164819803608e-04
5.295299717594567652e-06 2.480683419075613966e-04
5.337874763269738700e-06 2.487293003729441790e-04
5.380792119033273260e-06 2.493918977807391395e-04
5.424054537112321672e-06 2.500561400576147768e-04
5.467664791862372761e-06 2.507220331543988661e-04
5.511625679945173113e-06 2.513895830461807543e-04
5.555940020508072748e-06 2.520587957324144676e-04
5.600610655364808205e-06 2.527296772370217644e-04
5.645640449177749311e-06 2.534022336084961109e-04
5.691032289641601985e-06 2.540764709200073060e-04
5.736789087668593364e-06 2.547523952695066496e-04
5.782913777575147695e-06 2.554300127798322722e-04
5.829409317270052165e-06 2.561093295988158209e-04
5.876278688444150778e-06 2.567903518993888733e-04
5.923524896761551876e-06 2.574730858796907620e-04
5.971150972052373875e-06 2.581575377631760188e-04
6.019159968507054625e-06 2.588437137987238787e-04
6.067554964872201519e-06 2.595316202607465383e-04
6.116339064648028943e-06 2.602212634492995268e-04
6.165515396287385610e-06 2.609126496901918615e-04
6.215087113396373467e-06 2.616057853350973951e-04
6.265057394936586970e-06 2.623006767616659464e-04
6.315429445428973594e-06 2.629973303736361117e-04
6.366206495159333335e-06 2.636957526009475880e-04
6.417391800385475025e-06 2.643959498998549600e-04
6.468988643546033662e-06 2.650979287530418125e-04
6.521000333470969116e-06 2.658016956697352765e-04
6.573430205593759736e-06 2.665072571858217673e-04
6.626281622165291724e-06 2.672146198639624524e-04
6.679557972469478996e-06 2.679237902937103453e-04
6.733262673040616068e-06 2.686347750916273452e-04
6.787399167882469059e-06 2.693475809014021435e-04
6.841970928689141227e-06 2.700622143939692701e-04
6.896981455067704567e-06 2.707786822676275956e-04
6.952434274762622036e-06 2.714969912481605702e-04
7.008332943881978197e-06 2.722171480889569494e-04
7.064681047125532673e-06 2.729391595711316821e-04
7.121482198014591340e-06 2.736630325036479923e-04
7.178740039123746916e-06 2.743887737234398396e-04
7.236458242314465234e-06 2.751163900955351928e-04
7.294640508970554479e-06 2.758458885131799001e-04
7.353290570235538541e-06 2.765772758979622640e-04
7.412412187251919263e-06 2.773105591999383210e-04
7.472009151402383472e-06 2.780457453977579338e-04
7.532085284552927691e-06 2.787828414987910471e-04
7.592644439297958981e-06 2.795218545392557860e-04
7.653690499207346502e-06 2.802627915843455245e-04
7.715227379075477996e-06 2.810056597283585016e-04
7.777259025172306801e-06 2.817504660948270045e-04
7.839789415496419038e-06 2.824972178366473097e-04
7.902822560030136218e-06 2.832459221362109260e-04
7.966362500996667666e-06 2.839965862055361082e-04
8.030413313119341570e-06 2.847492172864001837e-04
8.094979103882902786e-06 2.855038226504726388e-04
8.160064013796921445e-06 2.862604095994489089e-04
8.225672216661317462e-06 2.870189854651852531e-04
8.291807919834022939e-06 2.877795576098335752e-04
8.358475364500789269e-06 2.885421334259775450e-04
8.425678825947171107e-06 2.893067203367696415e-04
8.493422613832697383e-06 2.900733257960690635e-04
8.561711072467239518e-06 2.908419572885789892e-04
8.630548581089602257e-06 2.916126223299866016e-04
8.699939554148364211e-06 2.923853284671024079e-04
8.769888441584964750e-06 2.931600832780013486e-04
8.840399729119079557e-06 2.939368943721637440e-04
8.911477938536278105e-06 2.947157693906175412e-04
8.983127627977995219e-06 2.954967160060816998e-04
9.055353392233845536e-06 2.962797419231094696e-04
9.128159863036277468e-06 2.970648548782331855e-04
9.201551709357595470e-06 2.978520626401095508e-04
9.275533637709389571e-06 2.986413730096659498e-04
9.350110392444329832e-06 2.994327938202473037e-04
9.425286756060445985e-06 3.002263329377637385e-04
9.501067549507800797e-06 3.010219982608394458e-04
9.577457632497648625e-06 3.018197977209620864e-04
9.654461903814106271e-06 3.026197392826327891e-04
9.732085301628270069e-06 3.034218309435175059e-04
9.810332803814924890e-06 3.042260807345990707e-04
9.889209428271753593e-06 3.050324967203294759e-04
9.968720233241118062e-06 3.058410869987839378e-04
1.004887031763446097e-05 3.066518597018152862e-04
1.012966482135926558e-05 3.074648229952092770e-04
1.021110892564869047e-05 3.082799850788408257e-04
1.029320785339383007e-05 3.090973541868308910e-04
1.037596686947863317e-05 3.099169385877044978e-04
1.045939128111756415e-05 3.107387465845501146e-04
1.054348643819591202e-05 3.115627865151783808e-04
1.062825773361290483e-05 3.123890667522831108e-04
1.071371060362752610e-05 3.132175957036033276e-04
1.079985052820712988e-05 3.140483818120849181e-04
1.088668303137889166e-05 3.148814335560441301e-04
1.097421368158401553e-05 3.157167594493319376e-04
1.106244809203486528e-05 3.165543680414991106e-04
1.115139192107492461e-05 3.173942679179620439e-04
1.124105087254163048e-05 3.182364677001697242e-04
1.133143069613220153e-05 3.190809760457722147e-04
1.142253718777230073e-05 3.199278016487886529e-04
1.151437618998777441e-05 3.207769532397774701e-04
1.160695359227927460e-05 3.216284395860069902e-04
1.170027533149998492e-05 3.224822694916273306e-04
1.179434739223633136e-05 3.233384517978425731e-04
1.188917580719173399e-05 3.241969953830847783e-04
1.198476665757352651e-05 3.250579091631884340e-04
1.208112607348289292e-05 3.259212020915656623e-04
1.217826023430801114e-05 3.267868831593832694e-04
1.227617536912030684e-05 3.276549613957400130e-04
1.237487775707392436e-05 3.285254458678450078e-04
1.247437372780840447e-05 3.293983456811970523e-04
1.257466966185457919e-05 3.302736699797656906e-04
1.267577199104376151e-05 3.311514279461723830e-04
1.277768719892021152e-05 3.320316288018729223e-04
1.288042182115688725e-05 3.329142818073409899e-04
1.298398244597461756e-05 3.337993962622531202e-04
1.308837571456453784e-05 3.346869815056738285e-04
1.319360832151402553e-05 3.355770469162423103e-04
1.329968701523600363e-05 3.364696019123609300e-04
1.340661859840167956e-05 3.373646559523824084e-04
1.351440992837683157e-05 3.382622185348010220e-04
1.362306791766152049e-05 3.391622991984430966e-04
1.373259953433341825e-05 3.400649075226585866e-04
1.384301180249464151e-05 3.409700531275145505e-04
1.395431180272217499e-05 3.418777456739886811e-04
1.406650667252198276e-05 3.427879948641652207e-04
1.417960360678668725e-05 3.437008104414306054e-04
1.429360985825700569e-05 3.446162021906713324e-04
1.440853273798680339e-05 3.455341799384718804e-04
1.452437961581199762e-05 3.464547535533152875e-04
1.464115792082315120e-05 3.473779329457825360e-04
1.475887514184186751e-05 3.483037280687556231e-04
1.487753882790108020e-05 3.492321489176201986e-04
1.499715658872911731e-05 3.501632055304689612e-04
1.511773609523774465e-05 3.510969079883081989e-04
1.523928508001406162e-05 3.520332664152633537e-04
1.536181133781637964e-05 3.529722909787867007e-04
1.548532272607411735e-05 3.539139918898667617e-04
1.560982716539164114e-05 3.548583794032372850e-04
1.573533264005624782e-05 3.558054638175888276e-04
1.586184719855016041e-05 3.567552554757817468e-04
1.598937895406665584e-05 3.577077647650582699e-04
1.611793608503039050e-05 3.586630021172584675e-04
1.624752683562181527e-05 3.596209780090356845e-04
1.637815951630591723e-05 3.605817029620734886e-04
1.650984250436513548e-05 3.615451875433046253e-04
1.664258424443655287e-05 3.625114423651297556e-04
1.677639324905351255e-05 3.634804780856396088e-04
1.691127809919142568e-05 3.644523054088351843e-04
1.704724744481812262e-05 3.654269350848528318e-04
1.718431000544855109e-05 3.664043779101880849e-04
1.732247457070390601e-05 3.673846447279215002e-04
1.746175000087535025e-05 3.683677464279457980e-04
1.760214522749217045e-05 3.693536939471946286e-04
1.774366925389456780e-05 3.703424982698717729e-04
1.788633115581102283e-05 3.713341704276824028e-04
1.803014008194028491e-05 3.723287215000654795e-04
1.817510525453812221e-05 3.733261626144273996e-04
1.832123597000864890e-05 3.743265049463763449e-04
1.846854159950057540e-05 3.753297597199596689e-04
1.861703158950811721e-05 3.763359382079003610e-04
1.876671546247677262e-05 3.773450517318364386e-04
1.891760281741404018e-05 3.783571116625618022e-04
1.906970333050492030e-05 3.793721294202668202e-04
1.922302675573249903e-05 3.803901164747820578e-04
1.937758292550339717e-05 3.814110843458225469e-04
1.953338175127835579e-05 3.824350446032336840e-04
1.969043322420782610e-05 3.834620088672378857e-04
1.984874741577267188e-05 3.844919888086837387e-04
2.000833447843007278e-05 3.855249961492956913e-04
2.016920464626453693e-05 3.865610426619253172e-04
2.033136823564425996e-05 3.876001401708044770e-04
2.049483564588265775e-05 3.886423005517992925e-04
2.065961735990524563e-05 3.896875357326655843e-04
2.082572394492194535e-05 3.907358576933068041e-04
2.099316605310469456e-05 3.917872784660315867e-04
2.116195442227057879e-05 3.928418101358146629e-04
2.133209987657044222e-05 3.938994648405577735e-04
2.150361332718299045e-05 3.949602547713526959e-04
2.167650577301454142e-05 3.960241921727462237e-04
2.185078830140434292e-05 3.970912893430055793e-04
2.202647208883561612e-05 3.981615586343861574e-04
2.220356840165227079e-05 3.992350124534006241e-04
2.238208859678138038e-05 4.003116632610888292e-04
2.256204412246154222e-05 4.013915235732909708e-04
2.274344651897694343e-05 4.024746059609197839e-04
2.292630741939753216e-05 4.035609230502367416e-04
2.311063855032495883e-05 4.046504875231285805e-04
2.329645173264457882e-05 4.057433121173847478e-04
2.348375888228356723e-05 4.068394096269783728e-04
2.367257201097500358e-05 4.079387929023469122e-04
2.386290322702822462e-05 4.090414748506753439e-04
2.405476473610525872e-05 4.101474684361810412e-04
2.424816884200360967e-05 4.112567866803994057e-04
2.444312794744524421e-05 4.123694426624723193e-04
2.463965455487195929e-05 4.134854495194371384e-04
2.483776126724718689e-05 4.146048204465179647e-04
2.503746078886413798e-05 4.157275686974185968e-04
2.523876592616058044e-05 4.168537075846166741e-04
2.544168958854005106e-05 4.179832504796595553e-04
2.564624478919970489e-05 4.191162108134625290e-04
2.585244464596491036e-05 4.202526020766081611e-04
2.606030238213036317e-05 4.213924378196467818e-04
2.626983132730816950e-05 4.225357316534003333e-04
2.648104491828263447e-05 4.236824972492658921e-04
2.669395669987188434e-05 4.248327483395226067e-04
2.690858032579657334e-05 4.259864987176394482e-04
2.712492955955537015e-05 4.271437622385846418e-04
2.734301827530769498e-05 4.283045528191377544e-04
2.756286045876338539e-05 4.294688844382024868e-04
2.778447020807956863e-05 4.306367711371216346e-04
2.800786173476482190e-05 4.318082270199941628e-04
2.823304936459045106e-05 4.329832662539932569e-04
2.846004753850926386e-05 4.341619030696876260e-04
2.868887081358160055e-05 4.353441517613622640e-04
2.891953386390882862e-05 4.365300266873440899e-04
2.915205148157446751e-05 4.377195422703263950e-04
2.938643857759265884e-05 4.389127129976968145e-04
2.962271018286449710e-05 4.401095534218674664e-04
2.986088144914189897e-05 4.413100781606060135e-04
3.010096764999920427e-05 4.425143018973680788e-04
3.034298418181276957e-05 4.437222393816332949e-04
3.058694656474819531e-05 4.449339054292420566e-04
3.083287044375568770e-05 4.461493149227343884e-04
3.108077158957333539e-05 4.473684828116904926e-04
3.133066589973840585e-05 4.485914241130737365e-04
3.158256939960693582e-05 4.498181539115752659e-04
3.183649824338129750e-05 4.510486873599603539e-04
3.209246871514625539e-05 4.522830396794170257e-04
3.235049722991311391e-05 4.535212261599070151e-04
3.261060033467253199e-05 4.547632621605172086e-04
3.287279470945556390e-05 4.560091631098153178e-04
3.313709716840331285e-05 4.572589445062049556e-04
3.340352466084528521e-05 4.585126219182853206e-04
3.367209427238620833e-05 4.597702109852106096e-04
3.394282322600182690e-05 4.610317274170535511e-04
3.421572888314332550e-05 4.622971869951685584e-04
3.449082874485064157e-05 4.635666055725590033e-04
3.476814045287490609e-05 4.648399990742467665e-04
3.504768179080965264e-05 4.661173834976404325e-04
3.532947068523135747e-05 4.673987749129103150e-04
3.561352520684900547e-05 4.686841894633623443e-04
3.589986357166288550e-05 4.699736433658147734e-04
3.618850414213285884e-05 4.712671529109777567e-04
3.647946542835581635e-05 4.725647344638340139e-04
3.677276608925279171e-05 4.738664044640219868e-04
3.706842493376547341e-05 4.751721794262219237e-04
3.736646092206238645e-05 4.764820759405425602e-04
3.766689316675485896e-05 4.777961106729118113e-04
3.796974093412255685e-05 4.791143003654674639e-04
3.827502364534914232e-05 4.804366618369522598e-04
3.858276087776764943e-05 4.817632119831100090e-04
3.889297236611590890e-05 4.830939677770832211e-04
3.920567800380222540e-05 4.844289462698147478e-04
3.952089784418098882e-05 4.857681645904500219e-04
3.983865210183878882e-05 4.871116399467431994e-04
4.015896115389061235e-05 4.884593896254629765e-04
4.048184554128670710e-05 4.898114309928038815e-04
4.080732597012983294e-05 4.911677814947969711e-04
4.113542331300300297e-05 4.925284586577247537e-04
4.146615861030818184e-05 4.938934800885376323e-04
4.179955307161539919e-05 4.952628634752721890e-04
4.213562807702305065e-05 4.966366265874731572e-04
4.247440517852887827e-05 4.980147872766160430e-04
4.281590610141205051e-05 4.993973634765334338e-04
4.316015274562647036e-05 5.007843732038431495e-04
4.350716718720506798e-05 5.021758345583786712e-04
4.385697167967559247e-05 5.035717657236216289e-04
4.420958865548769978e-05 5.049721849671381935e-04
4.456504072745141800e-05 5.063771106410154673e-04
4.492335069018740318e-05 5.077865611823018880e-04
4.528454152158857272e-05 5.092005551134507748e-04
4.564863638429382742e-05 5.106191110427637679e-04
4.601565862717331364e-05 5.120422476648390370e-04
4.638563178682572001e-05 5.134699837610212257e-04
4.675857958908777827e-05 5.149023381998534552e-04
4.713452595055563608e-05 5.163393299375317134e-04
4.751349498011870492e-05 5.177809780183632556e-04
4.789551098050565787e-05 5.192273015752251137e-04
4.828059844984288211e-05 5.206783198300273755e-04
4.866878208322567088e-05 5.221340520941770069e-04
4.906008677430168037e-05 5.235945177690463350e-04
4.945453761686749200e-05 5.250597363464419663e-04
4.985215990647778525e-05 5.265297274090777148e-04
5.025297914206739900e-05 5.280045106310498086e-04
5.065702102758674885e-05 5.294841057783139385e-04
5.106431147364997030e-05 5.309685327091656680e-04
5.147487659919669571e-05 5.324578113747232286e-04
5.188874273316695018e-05 5.339519618194140012e-04
5.230593641618953892e-05 5.354510041814599134e-04
5.272648440228417689e-05 5.369549586933712940e-04
5.315041366057706259e-05 5.384638456824376905e-04
5.357775137703049218e-05 5.399776855712259526e-04
5.400852495618611431e-05 5.414964988780767959e-04
5.444276202292248283e-05 5.430203062176079806e-04
5.488049042422653469e-05 5.445491283012178149e-04
5.532173823097931160e-05 5.460829859375910438e-04
5.576653373975625064e-05 5.476219000332098333e-04
5.621490547464165076e-05 5.491658915928649722e-04
5.666688218905799296e-05 5.507149817201711928e-04
5.712249286760985644e-05 5.522691916180854201e-04
5.758176672794250537e-05 5.538285425894257791e-04
5.804473322261581044e-05 5.553930560373971075e-04
5.851142204099274603e-05 5.569627534661152762e-04
5.898186311114354065e-05 5.585376564811360628e-04
5.945608660176484347e-05 5.601177867899893381e-04
5.993412292411429344e-05 5.617031662027096748e-04
6.041600273396095826e-05 5.632938166323771473e-04
6.090175693355101333e-05 5.648897600956556382e-04
6.139141667358964292e-05 5.664910187133369995e-04
6.188501335523866238e-05 5.680976147108865145e-04
6.238257863213004422e-05 5.697095704189916125e-04
6.288414441239609340e-05 5.713269082741142700e-04
6.338974286071545887e-05 5.729496508190450380e-04
6.389940640037590947e-05 5.745778207034604301e-04
6.441316771535358975e-05 5.762114406844849731e-04
6.493105975240891833e-05 5.778505336272527155e-04
6.545311572319954883e-05 5.794951225054754572e-04
6.597936910640998689e-05 5.811452304020101132e-04
6.650985364989877126e-05 5.828008805094334489e-04
6.704460337286244646e-05 5.844620961306157313e-04
6.758365256801732992e-05 5.861289006792992596e-04
6.812703580379862636e-05 5.878013176806810153e-04
6.867478792657713332e-05 5.894793707719955290e-04
6.922694406289395805e-05 5.911630837031028440e-04
6.978353962171324567e-05 5.928524803370797307e-04
7.034461029669272889e-05 5.945475846508124209e-04
7.091019206847281762e-05 5.962484207355936774e-04
7.148032120698398452e-05 5.979550127977218158e-04
7.205503427377251411e-05 5.996673851591047136e-04
7.263436812434542885e-05 6.013855622578640359e-04
7.321835991053386012e-05 6.031095686489465089e-04
7.380704708287546048e-05 6.048394290047336749e-04
7.440046739301620971e-05 6.065751681156588034e-04
7.499865889613107229e-05 6.083168108908247780e-04
7.560165995336486176e-05 6.100643823586252359e-04
7.620950923429192954e-05 6.118179076673706945e-04
7.682224571939615543e-05 6.135774120859147866e-04
7.743990870257068415e-05 6.153429210042870006e-04
7.806253779363762468e-05 6.171144599343250962e-04
7.869017292088847156e-05 6.188920545103145663e-04
7.932285433364440761e-05 6.206757304896287500e-04
7.996062260483753181e-05 6.224655137533723070e-04
8.060351863361280901e-05 6.242614303070289196e-04
8.125158364795053811e-05 6.260635062811117056e-04
8.190485920731070766e-05 6.278717679318171008e-04
8.256338720529788342e-05 6.296862416416817770e-04
8.322720987234780718e-05 6.315069539202433548e-04
8.389636977843563891e-05 6.333339314047029597e-04
8.457090983580569320e-05 6.351672008605935239e-04
8.525087330172367297e-05 6.370067891824489565e-04
8.593630378125049227e-05 6.388527233944786251e-04
8.662724523003858276e-05 6.407050306512433561e-04
8.732374195715090072e-05 6.425637382383366392e-04
8.802583862790202456e-05 6.444288735730672405e-04
8.873358026672288807e-05 6.463004642051466955e-04
8.944701226004794304e-05 6.481785378173801626e-04
9.016618035922571348e-05 6.500631222263593368e-04
9.089113068345285008e-05 6.519542453831595917e-04
9.162190972273141353e-05 6.538519353740415664e-04
9.235856434085066094e-05 6.557562204211536206e-04
9.310114177839202054e-05 6.576671288832404687e-04
9.384968965575863720e-05 6.595846892563537664e-04
9.460425597622935305e-05 6.615089301745652982e-04
9.536488912903662199e-05 6.634398804106858040e-04
9.613163789247026873e-05 6.653775688769860818e-04
9.690455143700520883e-05 6.673220246259212347e-04
9.768367932845467452e-05 6.692732768508581707e-04
9.846907153114895991e-05 6.712313548868090651e-04
9.926077841113923846e-05 6.731962882111638480e-04
1.000588507394279298e-04 6.751681064444320151e-04
1.008633396952242470e-04 6.771468393509812948e-04
1.016742968692263885e-04 6.791325168397855305e-04
1.024917742669296692e-04 6.811251689651725639e-04
1.033158243119620278e-04 6.831248259275786222e-04
1.041464998494456362e-04 6.851315180743016223e-04
1.049838541493856956e-04 6.871452759002645572e-04
1.058279409100868249e-04 6.891661300487762808e-04
1.066788142615961486e-04 6.911941113122976052e-04
1.075365287691752773e-04 6.932292506332153126e-04
1.084011394367989477e-04 6.952715791046126977e-04
1.092727017106825954e-04 6.973211279710493258e-04
1.101512714828380645e-04 6.993779286293407916e-04
1.110369050946575321e-04 7.014420126293440059e-04
1.119296593405271140e-04 7.035134116747464956e-04
1.128295914714686724e-04 7.055921576238573288e-04
1.137367591988113581e-04 7.076782824904030277e-04
1.146512206978925484e-04 7.097718184443272760e-04
1.155730346117882614e-04 7.118727978125929034e-04
1.165022600550744158e-04 7.139812530799891825e-04
1.174389566176173375e-04 7.160972168899425953e-04
1.183831843683952741e-04 7.182207220453285749e-04
1.193350038593506596e-04 7.203518015092912714e-04
1.202944761292727921e-04 7.224904884060633168e-04
1.212616627077127386e-04 7.246368160217909029e-04
1.222366256189288817e-04 7.267908178053630874e-04
1.232194273858642890e-04 7.289525273692421849e-04
1.242101310341565663e-04 7.311219784903014206e-04
1.252088000961790594e-04 7.332992051106636700e-04
1.262154986151156914e-04 7.354842413385442087e-04
1.272302911490676505e-04 7.376771214490980165e-04
1.282532427751934153e-04 7.398778798852712014e-04
1.292844190938822286e-04 7.420865512586535080e-04
1.303238862329604770e-04 7.443031703503384146e-04
1.313717108519330077e-04 7.465277721117823638e-04
1.324279601462575692e-04 7.487603916656732084e-04
1.334927018516539451e-04 7.510010643067954045e-04
1.345660042484478922e-04 7.532498255029079987e-04
1.356479361659495002e-04 7.555067108956153507e-04
1.367385669868676574e-04 7.577717563012521676e-04
1.378379666517590737e-04 7.600449977117650687e-04
1.389462056635136250e-04 7.623264712956019564e-04
1.400633550918756664e-04 7.646162133986010622e-04
1.411894865780010419e-04 7.669142605448880153e-04
1.423246723390523129e-04 7.692206494377746466e-04
1.434689851728292230e-04 7.715354169606607193e-04
1.446224984624373540e-04 7.738586001779417314e-04
1.457852861809941323e-04 7.761902363359178027e-04
1.469574228963721593e-04 7.785303628637066809e-04
1.481389837759819255e-04 7.808790173741642299e-04
1.493300445915915768e-04 7.832362376648032906e-04
1.505306817241862274e-04 7.856020617187193730e-04
1.517409721688664395e-04 7.879765277055207932e-04
1.529609935397849480e-04 7.903596739822578345e-04
1.541908240751250732e-04 7.927515390943628594e-04
1.554305426421172698e-04 7.951521617765873852e-04
1.566802287420970114e-04 7.975615809539484844e-04
1.579399625156031970e-04 7.999798357426739920e-04
1.592098247475168358e-04 8.024069654511531337e-04
1.604898968722426929e-04 8.048430095808946361e-04
1.617802609789306450e-04 8.072880078274825583e-04
1.630809998167406739e-04 8.097420000815397150e-04
1.643921968001484644e-04 8.122050264296927242e-04
1.657139360142957521e-04 8.146771271555434523e-04
1.670463022203819527e-04 8.171583427406411103e-04
1.683893808610999177e-04 8.196487138654606373e-04
1.697432580661152753e-04 8.221482814103814101e-04
1.711080206575894922e-04 8.246570864566746262e-04
1.724837561557482270e-04 8.271751702874891683e-04
1.738705527844934865e-04 8.297025743888450594e-04
1.752684994770613443e-04 8.322393404506294107e-04
1.766776858817253057e-04 8.347855103675937789e-04
1.780982023675446930e-04 8.373411262403584630e-04
1.795301400301607632e-04 8.399062303764195112e-04
1.809735906976379558e-04 8.424808652911580046e-04
1.824286469363528725e-04 8.450650737088561716e-04
1.838954020569306090e-04 8.476588985637117674e-04
1.853739501202277895e-04 8.502623830008609104e-04
1.868643859433657723e-04 8.528755703774037371e-04
1.883668051058103130e-04 8.554985042634323349e-04
1.898813039555012649e-04 8.581312284430621428e-04
1.914079796150311755e-04 8.607737869154689914e-04
1.929469299878731068e-04 8.634262238959261419e-04
1.944982537646600086e-04 8.660885838168506500e-04
1.960620504295129901e-04 8.687609113288468016e-04
1.976384202664210638e-04 8.714432513017575724e-04
1.992274643656726592e-04 8.741356488257176049e-04
2.008292846303374719e-04 8.768381492122111730e-04
2.024439837828024679e-04 8.795507979951315558e-04
2.040716653713588180e-04 8.822736409318468085e-04
2.057124337768420673e-04 8.850067240042671594e-04
2.073663942193264872e-04 8.877500934199144666e-04
2.090336527648717672e-04 8.905037956129991565e-04
2.107143163323260313e-04 8.932678772454968365e-04
2.124084927001816279e-04 8.960423852082316292e-04
2.141162905134869185e-04 8.988273666219596166e-04
2.158378192908139571e-04 9.016228688384571614e-04
2.175731894312806782e-04 9.044289394416151926e-04
2.193225122216319837e-04 9.072456262485316478e-04
2.210858998433756631e-04 9.100729773106123717e-04
2.228634653799764010e-04 9.129110409146711479e-04
2.246553228241080858e-04 9.157598655840386206e-04
2.264615870849630134e-04 9.186195000796666633e-04
2.282823739956222665e-04 9.214899934012434806e-04
2.301178003204828516e-04 9.243713947883080593e-04
2.319679837627460124e-04 9.272637537213692825e-04
2.338330429719654726e-04 9.301671199230278613e-04
2.357130975516556076e-04 9.330815433590995689e-04
2.376082680669623648e-04 9.360070742397479061e-04
2.395186760523944651e-04 9.389437630206125393e-04
2.414444440196171363e-04 9.418916604039438093e-04
2.433856954653090549e-04 9.448508173397426619e-04
2.453425548790808984e-04 9.478212850269030713e-04
2.473151477514603310e-04 9.508031149143495852e-04
2.493036005819382209e-04 9.537963587021940602e-04
2.513080408870814811e-04 9.568010683428791697e-04
2.533285972087105284e-04 9.598172960423363318e-04
2.553653991221416057e-04 9.628450942611383248e-04
2.574185772444976248e-04 9.658845157156620937e-04
2.594882632430835744e-04 9.689356133792497144e-04
2.615745898438304488e-04 9.719984404833755367e-04
2.636776908398067235e-04 9.750730505188132200e-04
2.657977010997977546e-04 9.781594972368076474e-04
2.679347565769558698e-04 9.812578346502485744e-04
2.700889943175178412e-04 9.843681170348496986e-04
2.722605524695939703e-04 9.874903989303275131e-04
2.744495702920274295e-04 9.906247351415839539e-04
2.766561881633235881e-04 9.937711807398912165e-04
2.788805475906540408e-04 9.969297910640830766e-04
2.811227912189301326e-04 1.000100621721742742e-03
2.833830628399509693e-04 1.003283728590399380e-03
2.856615074016236890e-04 1.006479167818722037e-03
2.879582710172602796e-04 1.009686995827720288e-03
2.902735009749466029e-04 1.012907269311946181e-03
2.926073457469878557e-04 1.016140045240698569e-03
2.949599549994304671e-04 1.019385380859227875e-03
2.973314796016585343e-04 1.022643333689947798e-03
2.997220716360707066e-04 1.025913961533645715e-03
3.021318844078317708e-04 1.029197322470699590e-03
3.045610724547043592e-04 1.032493474862289026e-03
3.070097915569593703e-04 1.035802477351621285e-03
3.094781987473647238e-04 1.039124388865147108e-03
3.119664523212575444e-04 1.042459268613787167e-03
3.144747118466941372e-04 1.045807176094156561e-03
3.170031381746831758e-04 1.049168171089795388e-03
3.195518934495010185e-04 1.052542313672396278e-03
3.221211411190889906e-04 1.055929664203036911e-03
3.247110459455362637e-04 1.059330283333418396e-03
3.273217740156450810e-04 1.062744232007096709e-03
3.299534927515817423e-04 1.066171571460726702e-03
3.326063709216135126e-04 1.069612363225298096e-03
3.352805786509302608e-04 1.073066669127380364e-03
3.379762874325560867e-04 1.076534551290367608e-03
3.406936701383460049e-04 1.080016072135724092e-03
3.434329010300716406e-04 1.083511294384233246e-03
3.461941557705975107e-04 1.087020281057248178e-03
3.489776114351440415e-04 1.090543095477940682e-03
3.517834465226453455e-04 1.094079801272558258e-03
3.546118409671950890e-04 1.097630462371677017e-03
3.574629761495852227e-04 1.101195143011459354e-03
3.603370349089383322e-04 1.104773907734910542e-03
3.632342015544312249e-04 1.108366821393141390e-03
3.661546618771170159e-04 1.111973949146627654e-03
3.690986031618373117e-04 1.115595356466471183e-03
3.720662141992338691e-04 1.119231109135667996e-03
3.750576852978552305e-04 1.122881273250370083e-03
3.780732082963594734e-04 1.126545915221153051e-03
3.811129765758191463e-04 1.130225101774282905e-03
3.841771850721205296e-04 1.133918899952989119e-03
3.872660302884651921e-04 1.137627377118727735e-03
3.903797103079721599e-04 1.141350600952460064e-03
3.935184248063786409e-04 1.145088639455915788e-03
3.966823750648472706e-04 1.148841560952877303e-03
3.998717639828729977e-04 1.152609434090442597e-03
4.030867960912944310e-04 1.156392327840307863e-03
4.063276775654109515e-04 1.160190311500038400e-03
4.095946162382027144e-04 1.164003454694346237e-03
4.128878216136610776e-04 1.167831827376367973e-03
4.162075048802218124e-04 1.171675499828941968e-03
4.195538789243097159e-04 1.175534542665884448e-03
4.229271583439896923e-04 1.179409026833271902e-03
4.263275594627283682e-04 1.183299023610713280e-03
4.297553003432681403e-04 1.187204604612638464e-03
4.332106008016097507e-04 1.191125841789570467e-03
4.366936824211095722e-04 1.195062807429407179e-03
4.402047685666893783e-04 1.199015574158704845e-03
4.437440843991590335e-04 1.202984214943950917e-03
4.473118568896579579e-04 1.206968803092852956e-03
4.509083148342090774e-04 1.210969412255611050e-03
4.545336888683918202e-04 1.214986116426204762e-03
4.581882114821307964e-04 1.219018989943664033e-03
4.618721170346078066e-04 1.223068107493359815e-03
4.655856417692885588e-04 1.227133544108274755e-03
4.693290238290740682e-04 1.231215375170285377e-03
4.731025032715719162e-04 1.235313676411442952e-03
4.769063220844897526e-04 1.239428523915245056e-03
4.807407242011555414e-04 1.243559994117921213e-03
4.846059555161595623e-04 1.247708163809702715e-03
4.885022639011233183e-04 1.251873110136103497e-03
4.924298992205957282e-04 1.256054910599194293e-03
4.963891133480747078e-04 1.260253643058873753e-03
5.003801601821623781e-04 1.264469385734146934e-03
5.044032956628452828e-04 1.268702217204395986e-03
5.084587777879074743e-04 1.272952216410649755e-03
5.125468666294768485e-04 1.277219462656856413e-03
5.166678243507006078e-04 1.281504035611151547e-03
5.208219152225603693e-04 1.285806015307124506e-03
5.250094056408181366e-04 1.290125482145088216e-03
5.292305641430993142e-04 1.294462516893339459e-03
5.334856614261150425e-04 1.298817200689426302e-03
5.377749703630194068e-04 1.303189615041406429e-03
5.420987660209107377e-04 1.307579841829108712e-03
5.464573256784701705e-04 1.311987963305389585e-03
5.508509288437429948e-04 1.316414062097392675e-03
5.552798572720640943e-04 1.320858221207798881e-03
5.597443949841237904e-04 1.325320524016079284e-03
5.642448282841853666e-04 1.329801054279747177e-03
5.687814457784431043e-04 1.334299896135604470e-03
5.733545383935304820e-04 1.338817134100986133e-03
5.779643993951778845e-04 1.343352853075003130e-03
5.826113244070164638e-04 1.347907138339784908e-03
5.872956114295398589e-04 1.352480075561715610e-03
5.920175608592120669e-04 1.357071750792667245e-03
5.967774755077323058e-04 1.361682250471236760e-03
6.015756606214540513e-04 1.366311661423970977e-03
6.064124239009580303e-04 1.370960070866594121e-03
6.112880755207877360e-04 1.375627566405234273e-03
6.162029281493385750e-04 1.380314236037637459e-03
6.211572969689091017e-04 1.385020168154392148e-03
6.261514996959141252e-04 1.389745451540136184e-03
6.311858566012564344e-04 1.394490175374769143e-03
6.362606905308696098e-04 1.399254429234663387e-03
6.413763269264185878e-04 1.404038303093857985e-03
6.465330938461707685e-04 1.408841887325267385e-03
6.517313219860345263e-04 1.413665272701869046e-03
6.569713447007637097e-04 1.418508550397899531e-03
6.622534980253386508e-04 1.423371811990041275e-03
6.675781206965133822e-04 1.428255149458602415e-03
6.729455541745392542e-04 1.433158655188703119e-03
6.783561426650622402e-04 1.438082421971438509e-03
6.838102331411943660e-04 1.443026543005060435e-03
6.893081753657677186e-04 1.447991111896137790e-03
6.948503219137626852e-04 1.452976222660715307e-03
7.004370281949179062e-04 1.457981969725474086e-03
7.060686524765230230e-04 1.463008447928880202e-03
7.117455559063914049e-04 1.468055752522328750e-03
7.174681025360238025e-04 1.473123979171291151e-03
7.232366593439515465e-04 1.478213223956444892e-03
7.290515962592718658e-04 1.483323583374808246e-03
7.349132861853706648e-04 1.488455154340858743e-03
7.408221050238338436e-04 1.493608034187663336e-03
7.467784316985575689e-04 1.498782320667981470e-03
7.527826481800450279e-04 1.503978111955378127e-03
7.588351395099031090e-04 1.509195506645327322e-03
7.649362938255341304e-04 1.514434603756303682e-03
7.710865023850244603e-04 1.519695502730877270e-03
7.772861595922396765e-04 1.524978303436791069e-03
7.835356630221133661e-04 1.530283106168044962e-03
7.898354134461458252e-04 1.535610011645962159e-03
7.961858148581005181e-04 1.540959121020255614e-03
8.025872744999173764e-04 1.546330535870080137e-03
8.090402028878249411e-04 1.551724358205092960e-03
8.155450138386664176e-04 1.557140690466486980e-03
8.221021244964395354e-04 1.562579635528035284e-03
8.287119553590427314e-04 1.568041296697110076e-03
8.353749303052461972e-04 1.573525777715718962e-03
8.420914766218715259e-04 1.579033182761506535e-03
8.488620250311944889e-04 1.584563616448767020e-03
8.556870097185657366e-04 1.590117183829443904e-03
8.625668683602528931e-04 1.595693990394115051e-03
8.695020421515125024e-04 1.601294142072985389e-03
8.764929758348793563e-04 1.606917745236853589e-03
8.835401177286882762e-04 1.612564906698083292e-03
8.906439197558256365e-04 1.618235733711560678e-03
8.978048374727064023e-04 1.623930333975640971e-03
9.050233300984934868e-04 1.629648815633097771e-03
9.122998605445437059e-04 1.635391287272047441e-03
9.196348954440939933e-04 1.641157857926873499e-03
9.270289051821872231e-04 1.646948637079149059e-03
9.344823639258338470e-04 1.652763734658530426e-03
9.419957496544240907e-04 1.658603261043662628e-03
9.495695441903774818e-04 1.664467327063062167e-03
9.572042332300414189e-04 1.670356043995993491e-03
9.649003063748401920e-04 1.676269523573338961e-03
9.726582571626674056e-04 1.682207877978448857e-03
9.804785830995425139e-04 1.688171219848001812e-03
9.883617856915104336e-04 1.694159662272828361e-03
9.963083704768044020e-04 1.700173318798747302e-03
1.004318847058265464e-03 1.706212303427378629e-03
1.012393729136019460e-03 1.712276730616947573e-03
1.020533534540424628e-03 1.718366715283084750e-03
1.028738785265276593e-03 1.724482372799606127e-03
1.037010007501283117e-03 1.730623818999289104e-03
1.045347731669809882e-03 1.736791170174634049e-03
1.053752492456890401e-03 1.742984543078611535e-03
1.062224828847521717e-03 1.749204054925409786e-03
1.070765284160224212e-03 1.755449823391155677e-03
1.079374406081885047e-03 1.761721966614634635e-03
1.088052746702881327e-03 1.768020603197992128e-03
1.096800862552480818e-03 1.774345852207428412e-03
1.105619314634537784e-03 1.780697833173878770e-03
1.114508668463464868e-03 1.787076666093678984e-03
1.123469494100499651e-03 1.793482471429221504e-03
1.132502366190263517e-03 1.799915370109601408e-03
1.141607863997607828e-03 1.806375483531240909e-03
1.150786571444768237e-03 1.812862933558508430e-03
1.160039077148805869e-03 1.819377842524327708e-03
1.169365974459356423e-03 1.825920333230759800e-03
1.178767861496681337e-03 1.832490528949584207e-03
1.188245341190019913e-03 1.839088553422867436e-03
1.197799021316260865e-03 1.845714530863502064e-03
1.207429514538914395e-03 1.852368585955755775e-03
1.217137438447401729e-03 1.859050843855783973e-03
1.226923415596661675e-03 1.865761430192142828e-03
1.236788073547069860e-03 1.872500471066276513e-03
1.246732044904689521e-03 1.879268093053007918e-03
1.256755967361835409e-03 1.886064423200991408e-03
1.266860483737970765e-03 1.892889589033172094e-03
1.277046242020924566e-03 1.899743718547212360e-03
1.287313895408454196e-03 1.906626940215915781e-03
1.297664102350129045e-03 1.913539382987633920e-03
1.308097526589556501e-03 1.920481176286654469e-03
1.318614837206949237e-03 1.927452450013565329e-03
1.329216708662026231e-03 1.934453334545626919e-03
1.339903820837272646e-03 1.941483960737103512e-03
1.350676859081535600e-03 1.948544459919594567e-03
1.361536514253974903e-03 1.955634963902339821e-03
1.372483482768367680e-03 1.962755604972516582e-03
1.383518466637764918e-03 1.969906515895510773e-03
1.394642173519516437e-03 1.977087829915183219e-03
1.405855316760648219e-03 1.984299680754107731e-03
1.417158615443608145e-03 1.991542202613794457e-03
1.428552794432382325e-03 1.998815530174909323e-03
1.440038584418974190e-03 2.006119798597452274e-03
1.451616721970269567e-03 2.013455143520937254e-03
1.463287949575266906e-03 2.020821701064550932e-03
1.475053015692693930e-03 2.028219607827280637e-03
1.486912674799005475e-03 2.035649000888047934e-03
1.498867687436762977e-03 2.043110017805793623e-03
1.510918820263413599e-03 2.050602796619577489e-03
1.523066846100449472e-03 2.058127475848635542e-03
1.535312543982971130e-03 2.065684194492417754e-03
1.547656699209643645e-03 2.073273092030638795e-03
1.560100103393054997e-03 2.080894308423251148e-03
1.572643554510486444e-03 2.088547984110468957e-03
1.585287856955081877e-03 2.096234260012714689e-03
1.598033821587432207e-03 2.103953277530578800e-03
1.610882265787577389e-03 2.111705178544742104e-03
1.623834013507417838e-03 2.119490105415893378e-03
1.636889895323561262e-03 2.127308200984618335e-03
1.650050748490581275e-03 2.135159608571264751e-03
1.663317416994710340e-03 2.143044471975795451e-03
1.676690751607964663e-03 2.150962935477617431e-03
1.690171609942697772e-03 2.158915143835381505e-03
1.703760856506605784e-03 2.166901242286787144e-03
1.717459362758162441e-03 2.174921376548330509e-03
1.731268007162504747e-03 2.182975692815052483e-03
1.745187675247769198e-03 2.191064337760278459e-03
1.759219259661874918e-03 2.199187458535291351e-03
1.773363660229774520e-03 2.207345202769034950e-03
1.787621784011154263e-03 2.215537718567761778e-03
1.801994545358603884e-03 2.223765154514670099e-03
1.816482865976253068e-03 2.232027659669517071e-03
1.831087674978874131e-03 2.240325383568208054e-03
1.845809908951473672e-03 2.248658476222368998e-03
1.860650512009347180e-03 2.257027088118891949e-03
1.875610435858626529e-03 2.265431370219444986e-03
1.890690639857313610e-03 2.273871473959993006e-03
1.905892091076793636e-03 2.282347551250249549e-03
1.921215764363864943e-03 2.290859754473150312e-03
1.936662642403245201e-03 2.299408236484267679e-03
1.952233715780592833e-03 2.307993150611218312e-03
1.967929983046032803e-03 2.316614650653054264e-03
1.983752450778186564e-03 2.325272890879596412e-03
1.999702133648730007e-03 2.333968026030798244e-03
2.015780054487458818e-03 2.342700211316022484e-03
2.031987244347882061e-03 2.351469602413340694e-03
2.048324742573342464e-03 2.360276355468789947e-03
2.064793596863663191e-03 2.369120627095606078e-03
2.081394863342343662e-03 2.378002574373422676e-03
2.098129606624281416e-03 2.386922354847462700e-03
2.114998899884046931e-03 2.395880126527692808e-03
2.132003824924704003e-03 2.404876047887952520e-03
2.149145472247178737e-03 2.413910277865059101e-03
2.166424941120202730e-03 2.422982975857887727e-03
2.183843339650799655e-03 2.432094301726428227e-03
2.201401784855350381e-03 2.441244415790797592e-03
2.219101402731218833e-03 2.450433478830255085e-03
2.236943328328970266e-03 2.459661652082170084e-03
2.254928705825153760e-03 2.468929097240963894e-03
2.273058688595679284e-03 2.478235976457027721e-03
2.291334439289782407e-03 2.487582452335630658e-03
2.309757129904576635e-03 2.496968687935752218e-03
2.328327941860222888e-03 2.506394846768950860e-03
2.347048066075685738e-03 2.515861092798157492e-03
2.365918703045104179e-03 2.525367590436455520e-03
2.384941062914783423e-03 2.534914504545840094e-03
2.404116365560789517e-03 2.544502000435927037e-03
2.423445840667189707e-03 2.554130243862673486e-03
2.442930727804905160e-03 2.563799401027026543e-03
2.462572276511201200e-03 2.573509638573568455e-03
2.482371746369823294e-03 2.583261123589120165e-03
2.502330407091761869e-03 2.593054023601335748e-03
2.522449538596690643e-03 2.602888506577237006e-03
2.542730431095038129e-03 2.612764740921742421e-03
2.563174385170727872e-03 2.622682895476166620e-03
2.583782711864585687e-03 2.632643139516669534e-03
2.604556732758405661e-03 2.642645642752701647e-03
2.625497780059715680e-03 2.652690575325395046e-03
2.646607196687199119e-03 2.662778107805943619e-03
2.667886336356818655e-03 2.672908411193944227e-03
2.689336563668628336e-03 2.683081656915704046e-03
2.710959254194276070e-03 2.693298016822522761e-03
2.732755794565228623e-03 2.703557663188946129e-03
2.754727582561687909e-03 2.713860768710978782e-03
2.776876027202228921e-03 2.724207506504284018e-03
2.799202548834159743e-03 2.734598050102313334e-03
2.821708579224598869e-03 2.745032573454467620e-03
2.844395561652304956e-03 2.755511250924156004e-03
2.867264951000224327e-03 2.766034257286887222e-03
2.890318213848790899e-03 2.776601767728274252e-03
2.913556828569979860e-03 2.787213957842047188e-03
2.936982285422102927e-03 2.797871003628006267e-03
2.960596086645390750e-03 2.808573081489970560e-03
2.984399746558320798e-03 2.819320368233662472e-03
3.008394791654730657e-03 2.830113041064581843e-03
3.032582760701710203e-03 2.840951277585850119e-03
3.056965204838273543e-03 2.851835255795983400e-03
3.081543687674843674e-03 2.862765154086696281e-03
3.106319785393517763e-03 2.873741151240612451e-03
3.131295086849142980e-03 2.884763426428977456e-03
3.156471193671215453e-03 2.895832159209322902e-03
3.181849720366576335e-03 2.906947529523097248e-03
3.207432294422964385e-03 2.918109717693274062e-03
3.233220556413374334e-03 2.929318904421921669e-03
3.259216160101266989e-03 2.940575270787718597e-03
3.285420772546624596e-03 2.951878998243469884e-03
3.311836074212847966e-03 2.963230268613560505e-03
3.338463759074534413e-03 2.974629264091387983e-03
3.365305534726104834e-03 2.986076167236756396e-03
3.392363122491307264e-03 2.997571160973237867e-03
3.419638257533606871e-03 3.009114428585492416e-03
3.447132688967449819e-03 3.020706153716564389e-03
3.474848179970446097e-03 3.032346520365132060e-03
3.502786507896429261e-03 3.044035712882731635e-03
3.530949464389441638e-03 3.055773915970931391e-03
3.559338855498616824e-03 3.067561314678488894e-03
3.587956501794018881e-03 3.079398094398463123e-03
3.616804238483376649e-03 3.091284440865284949e-03
3.645883915529783432e-03 3.103220540151800742e-03
3.675197397770327366e-03 3.115206578666284733e-03
3.704746565035672845e-03 3.127242743149387209e-03
3.734533312270628576e-03 3.139329220671086169e-03
