2.497382406435652939e-25 9.768325619515944397e-18
1.592405960127358361e-24 3.089015920155193588e-17
1.015365822756892167e-23 9.768326876420302874e-17
6.474277161963938908e-23 3.089016721595150065e-16
4.128193389070159467e-22 9.768331986641967382e-16
2.632259977636328568e-21 3.089019980025807047e-15
1.678407946733001633e-20 9.768352763373603653e-15
1.070203270037972128e-19 3.089033227893325649e-14
6.823937180644061677e-19 9.768437235752100315e-14
4.351147109064984495e-18 3.089087090016611440e-13
1.915297948882004416e-17 7.759322488683919743e-13
8.060281057525431301e-17 1.949163039787816667e-12
3.231548868885900942e-16 4.896382250613372468e-12
4.345363206717196250e-16 6.163781780305984805e-12
1.185699981296668146e-15 1.229732179640797847e-11
3.167099671296256822e-15 2.454290871984140256e-11
8.312293945536222779e-15 4.898397135859626299e-11
2.151611673377367987e-14 9.773430848120292535e-11
5.516190296262407946e-14 1.950308160666369755e-10
7.219962673568143336e-14 2.455395918119563429e-10
1.345996703506809824e-13 3.892770603306517574e-10
2.502777173064534741e-13 6.169465998965407740e-10
3.411676113431318569e-13 7.768626451909397954e-10
4.161104603351930561e-13 9.006720410829545173e-10
5.668224300832851639e-13 1.192414995932578561e-09
1.051017683769589897e-12 1.890432911212288601e-09
1.946696275912857264e-12 3.094630240399093478e-09
3.604197434436283020e-12 4.906521065391501087e-09
4.678350727597027810e-12 5.964785761620009416e-09
6.363945126095426008e-12 7.510858710852283575e-09
8.659328086403540721e-12 9.798092857573101657e-09
1.177437263656969924e-11 1.233578754396143564e-08
1.601314678573479096e-11 1.553407705195085344e-08
2.068158225216417963e-11 1.881943995759334440e-08
2.812629084553211013e-11 2.462793118627416045e-08
3.823985723652250255e-11 3.101071367919697201e-08
4.915490723856361436e-11 3.744047090307774978e-08
6.683712298751739095e-11 4.918310976261355027e-08
9.088989403667837668e-11 6.194746997419662658e-08
1.198094057756214983e-10 7.622496704508910767e-08
1.235276287134856064e-10 8.111821537560480725e-08
1.679810496150610554e-10 1.052041443179145334e-07
2.145827771029579730e-10 1.264403182978826954e-07
2.389577941400671919e-10 1.370814666799720085e-07
2.718434103460653354e-10 1.558050328926489486e-07
3.695913600236930604e-10 2.029070399259184632e-07
4.805596579248377059e-10 2.471473550088626382e-07
6.228436556804378813e-10 3.112918511513913844e-07
6.449051117784316288e-10 3.195404339442749206e-07
6.519284217721749412e-10 3.221516175955882510e-07
6.901021772675798839e-10 3.362246542759246589e-07
7.517420508597271333e-10 3.585491157042282318e-07
7.842145311837404764e-10 3.701260768930860222e-07
8.123077711587138292e-10 3.800461204279264704e-07
8.948523203792971162e-10 4.248355205313744057e-07
1.780367769825735293e-09 1.571243743291283042e-06
2.831798589477310162e-09 2.360915204371286954e-06
4.352717025416528164e-09 3.331634749736530039e-06
6.442936706730940560e-09 4.497300351158025239e-06
9.210451352971400048e-09 5.875749191388290656e-06
1.726412223638507203e-08 9.359364509061765243e-06
2.961440629244172500e-08 1.399035730184682620e-05
4.760234259406434222e-08 2.000744564924680080e-05
7.280858902572716169e-08 2.762541866450402925e-05
1.069774052811704485e-07 3.692082460755834189e-05
1.786399553702715184e-07 5.352425790188030335e-05
3.179080611873818725e-07 7.810458603098302793e-05
4.169532575344421554e-07 9.195064971249766836e-05
4.437988271458211392e-07 9.546604737380116803e-05
8.192319285407806845e-07 1.258634192745901824e-04
1.162592162232851519e-06 1.512252643712570397e-04
1.171939586750522415e-06 1.517299192553457773e-04
1.181362166036952243e-06 1.522355759524480286e-04
1.190860504348346309e-06 1.527422331464725147e-04
1.200435210799224935e-06 1.532498895200847834e-04
1.210086899401485232e-06 1.537585437548784047e-04
1.219816189103777331e-06 1.542681945315465728e-04
1.229623703831196350e-06 1.547788405300542776e-04
1.239510072525293050e-06 1.552904804298104759e-04
1.249475929184408064e-06 1.558031129098411301e-04
1.259521912904328207e-06 1.563167366489620028e-04
1.269648667919271648e-06 1.568313503259524547e-04
1.279856843643201731e-06 1.573469526197289979e-04
1.290147094711472195e-06 1.578635422095195275e-04
1.300520081022808034e-06 1.583811177750377153e-04
1.310976467781625168e-06 1.588996779966579459e-04
1.321516925540686813e-06 1.594192215555901172e-04
1.332142130244107127e-06 1.599397471340552269e-04
1.342852763270697490e-06 1.604612534154608780e-04
1.353649511477661971e-06 1.609837390845772443e-04
1.364533067244645785e-06 1.615072028277133621e-04
1.375504128518135289e-06 1.620316433328934755e-04
1.386563398856216890e-06 1.625570592900337072e-04
1.397711587473695314e-06 1.630834493911192170e-04
1.408949409287573562e-06 1.636108123303812523e-04
1.420277584962901106e-06 1.641391468044746318e-04
1.431696840958987582e-06 1.646684515126553105e-04
1.443207909575990453e-06 1.651987251569584064e-04
1.454811529001875784e-06 1.657299664423762255e-04
1.466508443359757853e-06 1.662621740770364514e-04
1.478299402755617602e-06 1.667953467723807669e-04
1.490185163326406907e-06 1.673294832433434496e-04
1.502166487288538252e-06 1.678645822085301836e-04
1.514244142986764454e-06 1.684006423903972244e-04
1.526418904943450576e-06 1.689376625154303732e-04
1.538691553908244780e-06 1.694756413143245479e-04
1.551062876908144969e-06 1.700145775221631917e-04
1.563533667297970719e-06 1.705544698785979249e-04
1.576104724811240109e-06 1.710953171280282521e-04
1.588776855611453328e-06 1.716371180197816477e-04
1.601550872343793869e-06 1.721798713082936148e-04
1.614427594187240542e-06 1.727235757532876901e-04
1.627407846907100031e-06 1.732682301199559634e-04
1.640492462907962758e-06 1.738138331791393805e-04
1.653682281287083114e-06 1.743603837075081541e-04
1.666978147888190401e-06 1.749078804877426366e-04
1.680380915355730703e-06 1.754563223087139202e-04
1.693891443189545833e-06 1.760057079656644926e-04
1.707510597799992724e-06 1.765560362603893799e-04
1.721239252563503715e-06 1.771073060014169106e-04
1.735078287878595754e-06 1.776595160041899121e-04
1.749028591222328953e-06 1.782126650912468544e-04
1.763091057207218739e-06 1.787667520924027763e-04
1.777266587638606871e-06 1.793217758449307806e-04
1.791556091572492196e-06 1.798777351937433399e-04
1.805960485373826840e-06 1.804346289915734398e-04
1.820480692775282721e-06 1.809924560991562096e-04
1.835117644936487740e-06 1.815512153854102826e-04
1.849872280503740333e-06 1.821109057276191557e-04
1.864745545670203230e-06 1.826715260116130101e-04
1.879738394236581299e-06 1.832330751319499360e-04
1.894851787672288330e-06 1.837955519920979428e-04
1.910086695177103421e-06 1.843589555046160208e-04
1.925444093743325184e-06 1.849232845913363144e-04
1.940924968218424665e-06 1.854885381835454550e-04
1.956530311368201173e-06 1.860547152221664086e-04
1.972261123940449091e-06 1.866218146579400527e-04
1.988118414729132057e-06 1.871898354516069157e-04
2.004103200639076797e-06 1.877587765740890515e-04
2.020216506751185768e-06 1.883286370066715356e-04
2.036459366388172848e-06 1.888994157411842852e-04
2.052832821180830108e-06 1.894711117801837986e-04
2.069337921134826101e-06 1.900437241371350579e-04
2.085975724698039477e-06 1.906172518365928338e-04
2.102747298828438084e-06 1.911916939143839134e-04
2.119653719062500175e-06 1.917670494177885416e-04
2.136696069584186179e-06 1.923433174057221056e-04
2.153875443294467405e-06 1.929204969489171733e-04
2.171192941881412085e-06 1.934985871301047981e-04
2.188649675890832584e-06 1.940775870441965845e-04
2.206246764797507315e-06 1.946574957984660743e-04
2.223985337076966784e-06 1.952383125127306763e-04
2.241866530277863238e-06 1.958200363195332155e-04
2.259891491094920951e-06 1.964026663643237271e-04
2.278061375442468429e-06 1.969862018056408432e-04
2.296377348528570305e-06 1.975706418152937765e-04
2.314840584929747086e-06 1.981559855785437611e-04
2.333452268666298823e-06 1.987422322942857108e-04
2.352213593278237804e-06 1.993293811752298503e-04
2.371125761901824338e-06 1.999174314480833727e-04
2.390189987346725522e-06 2.005063823537318543e-04
2.409407492173789384e-06 2.010962331474212643e-04
2.428779508773445831e-06 2.016869830989389731e-04
2.448307279444738633e-06 2.022786314927957894e-04
2.467992056474992260e-06 2.028711776284074827e-04
2.487835102220117806e-06 2.034646208202761165e-04
2.507837689185569431e-06 2.040589603981720040e-04
2.528001100107943283e-06 2.046541957073147434e-04
2.548326628037242186e-06 2.052503261085555258e-04
2.568815576419794653e-06 2.058473509785580891e-04
2.589469259181843069e-06 2.064452697099806468e-04
2.610289000813804833e-06 2.070440817116574379e-04
2.631276136455208582e-06 2.076437864087803304e-04
2.652432011980315677e-06 2.082443832430803986e-04
2.673757984084430313e-06 2.088458716730097161e-04
2.695255420370899969e-06 2.094482511739230413e-04
2.716925699438817627e-06 2.100515212382592859e-04
2.738770210971433791e-06 2.106556813757235792e-04
2.760790355825269446e-06 2.112607311134688179e-04
2.782987546119952789e-06 2.118666699962774597e-04
2.805363205328778910e-06 2.124734975867436423e-04
2.827918768369990726e-06 2.130812134654546514e-04
2.850655681698802327e-06 2.136898172311732568e-04
2.873575403400153750e-06 2.142993085010194243e-04
2.896679403282219599e-06 2.149096869106524620e-04
2.919969162970664333e-06 2.155209521144532475e-04
2.943446176003656067e-06 2.161331037857061566e-04
2.967111947927646098e-06 2.167461416167816438e-04
2.990967996393917527e-06 2.173600653193181976e-04
3.015015851255905533e-06 2.179748746244050022e-04
3.039257054667314710e-06 2.185905692827644082e-04
3.063693161181002958e-06 2.192071490649345126e-04
3.088325737848682771e-06 2.198246137614517383e-04
3.113156364321406868e-06 2.204429631830337932e-04
3.138186632950874187e-06 2.210621971607624938e-04
3.163418148891540974e-06 2.216823155462668870e-04
3.188852530203558153e-06 2.223033182119062091e-04
3.214491407956539222e-06 2.229252050509534957e-04
3.240336426334151026e-06 2.235479759777786490e-04
3.266389242739558778e-06 2.241716309280322912e-04
3.292651527901709209e-06 2.247961698588293747e-04
3.319124965982474305e-06 2.254215927489330081e-04
3.345811254684655213e-06 2.260478995989386624e-04
3.372712105360848836e-06 2.266750904314584038e-04
3.399829243123197479e-06 2.273031652913050458e-04
3.427164406954019812e-06 2.279321242456772221e-04
3.454719349817322766e-06 2.285619673843435930e-04
3.482495838771225245e-06 2.291926948198285416e-04
3.510495655081269962e-06 2.298243066875968682e-04
3.538720594334655574e-06 2.304568031462394867e-04
3.567172466555384877e-06 2.310901843776592024e-04
3.595853096320341358e-06 2.317244505872564095e-04
3.624764322876291975e-06 2.323596020041155188e-04
3.653908000257841995e-06 2.329956388811913327e-04
3.683285997406324544e-06 2.336325614954957715e-04
3.712900198289655342e-06 2.342703701482848713e-04
3.742752502023152637e-06 2.349090651652461614e-04
3.772844822991317673e-06 2.355486468966862311e-04
3.803179090970610846e-06 2.361891157177187033e-04
3.833757251253194744e-06 2.368304720284524520e-04
3.864581264771691093e-06 2.374727162541801179e-04
3.895653108224927453e-06 2.381158488455672746e-04
3.926974774204703324e-06 2.387598702788414594e-04
3.958548271323569724e-06 2.394047810559819084e-04
3.990375624343641726e-06 2.400505817049098344e-04
4.022458874306439288e-06 2.406972727796784868e-04
4.054800078663780106e-06 2.413448548606641618e-04
4.087401311409717695e-06 2.419933285547575636e-04
4.120264663213545051e-06 2.426426944955553558e-04
4.153392241553868948e-06 2.432929533435523092e-04
4.186786170853754896e-06 2.439441057863338562e-04
4.220448592616964767e-06 2.445961525387691329e-04
4.254381665565288786e-06 2.452490943432045906e-04
4.288587565776982056e-06 2.459029319696579593e-04
4.323068486826313236e-06 2.465576662160126457e-04
4.357826639924233843e-06 2.472132979082130515e-04
4.392864254060177498e-06 2.478698279004596760e-04
4.428183576145008592e-06 2.485272570754059533e-04
4.463786871155106829e-06 2.491855863443541669e-04
4.499676422277624055e-06 2.498448166474530460e-04
4.535854531056891365e-06 2.505049489538959035e-04
4.572323517542023063e-06 2.511659842621185570e-04
4.609085720435693763e-06 2.518279235999987676e-04
4.646143497244117435e-06 2.524907680250557335e-04
4.683499224428229227e-06 2.531545186246505585e-04
4.721155297556086180e-06 2.538191765161873178e-04
4.759114131456488509e-06 2.544847428473146107e-04
4.797378160373846022e-06 2.551512187961281443e-04
4.835949838124273594e-06 2.558186055713736412e-04
4.874831638252953786e-06 2.564869044126509416e-04
4.914026054192770031e-06 2.571561165906183742e-04
4.953535599424191719e-06 2.578262434071982678e-04
4.993362807636472195e-06 2.584972861957829490e-04
5.033510232890126616e-06 2.591692463214418252e-04
5.073980449780716783e-06 2.598421251811290633e-04
5.114776053603963278e-06 2.605159242038922445e-04
5.155899660522171337e-06 2.611906448510815612e-04
5.197353907732005212e-06 2.618662886165605856e-04
5.239141453633607615e-06 2.625428570269169306e-04
5.281264978001073571e-06 2.632203516416749159e-04
5.323727182154309162e-06 2.638987740535079628e-04
5.366530789132259936e-06 2.645781258884531586e-04
5.409678543867530133e-06 2.652584088061258737e-04
5.453173213362418155e-06 2.659396244999357351e-04
5.497017586866358960e-06 2.666217746973033580e-04
5.541214476054787768e-06 2.673048611598789217e-04
5.585766715209461524e-06 2.679888856837603643e-04
5.630677161400205906e-06 2.686738500997138020e-04
5.675948694668138716e-06 2.693597562733949223e-04
5.721584218210362876e-06 2.700466061055706497e-04
5.767586658566146808e-06 2.707344015323430333e-04
5.813958965804593904e-06 2.714231445253734599e-04
5.860704113713831564e-06 2.721128370921083303e-04
5.907825099991710507e-06 2.728034812760060917e-04
5.955324946438046518e-06 2.734950791567650826e-04
6.003206699148402948e-06 2.741876328505533293e-04
6.051473428709431768e-06 2.748811445102383429e-04
6.100128230395789236e-06 2.755756163256197887e-04
6.149174224368624525e-06 2.762710505236621022e-04
6.198614555875677698e-06 2.769674493687292725e-04
6.248452395452976045e-06 2.776648151628201690e-04
6.298690939128154174e-06 2.783631502458066317e-04
6.349333408625419892e-06 2.790624569956713999e-04
6.400383051572149777e-06 2.797627378287482081e-04
6.451843141707153403e-06 2.804639951999633469e-04
6.503716979090620620e-06 2.811662316030786864e-04
6.556007890315745960e-06 2.818694495709363266e-04
6.608719228722056425e-06 2.825736516757038443e-04
6.661854374610462143e-06 2.832788405291225748e-04
6.715416735460023955e-06 2.839850187827565450e-04
6.769409746146469285e-06 2.846921891282425988e-04
6.823836869162474063e-06 2.854003542975435044e-04
6.878701594839697171e-06 2.861095170632014400e-04
6.934007441572619060e-06 2.868196802385937039e-04
6.989757956044165072e-06 2.875308466781905910e-04
7.045956713453152421e-06 2.882430192778134338e-04
7.102607317743557443e-06 2.889562009748967075e-04
7.159713401835638708e-06 2.896703947487498654e-04
7.217278627858907496e-06 2.903856036208218839e-04
7.275306687386973615e-06 2.911018306549681932e-04
7.333801301674280942e-06 2.918190789577181500e-04
7.392766221894744559e-06 2.925373516785458169e-04
7.452205229382313194e-06 2.932566520101415552e-04
7.512122135873457807e-06 2.939769831886861651e-04
7.572520783751610904e-06 2.946983484941273035e-04
7.633405046293573502e-06 2.954207512504572019e-04
7.694778827917905000e-06 2.961441948259927164e-04
7.756646064435304425e-06 2.968686826336578159e-04
7.819010723301011848e-06 2.975942181312681315e-04
7.881876803869235061e-06 2.983208048218169688e-04
7.945248337649619293e-06 2.990484462537644104e-04
8.009129388565783692e-06 2.997771460213282074e-04
8.073524053215934724e-06 3.005069077647770019e-04
8.138436461135575137e-06 3.012377351707255010e-04
8.203870775062327119e-06 3.019696319724328492e-04
8.269831191202878118e-06 3.027026019501024645e-04
8.336321939502079823e-06 3.034366489311848022e-04
8.403347283914210463e-06 3.041717767906822862e-04
8.470911522676410598e-06 3.049079894514568974e-04
8.539018988584326270e-06 3.056452908845397679e-04
8.607674049269973084e-06 3.063836851094444065e-04
8.676881107481800875e-06 3.071231761944814972e-04
8.746644601367067383e-06 3.078637682570763536e-04
8.816969004756431165e-06 3.086054654640899507e-04
8.887858827450845038e-06 3.093482720321411505e-04
8.959318615510792423e-06 3.100921922279332630e-04
9.031352951547778484e-06 3.108372303685823972e-04
9.103966455018247173e-06 3.115833908219485765e-04
9.177163782519798818e-06 3.123306780069703774e-04
9.250949628089798037e-06 3.130790963940019000e-04
9.325328723506431263e-06 3.138286505051528274e-04
9.400305838592113957e-06 3.145793449146310882e-04
9.475885781519389770e-06 3.153311842490897471e-04
9.552073399119281037e-06 3.160841731879752503e-04
9.628873577192075323e-06 3.168383164638801709e-04
9.706291240820685268e-06 3.175936188628981222e-04
9.784331354686451264e-06 3.183500852249825748e-04
9.862998923387549614e-06 3.191077204443086004e-04
9.942298991759911290e-06 3.198665294696377602e-04
1.002223664520073600e-05 3.206265173046866793e-04
1.010281700999463716e-05 3.213876890084980606e-04
1.018404525364234486e-05 3.221500496958165779e-04
1.026592658519212446e-05 3.229136045374674251e-04
1.034846625557381759e-05 3.236783587607377924e-04
1.043166955793554620e-05 3.244443176497627344e-04
1.051554182798321017e-05 3.252114865459148859e-04
1.060008844432259881e-05 3.259798708481966185e-04
1.068531482880436536e-05 3.267494760136366956e-04
1.077122644687167472e-05 3.275203075576914812e-04
1.085782880791073452e-05 3.282923710546477758e-04
1.094512746560409080e-05 3.290656721380316144e-04
1.103312801828674783e-05 3.298402165010199381e-04
1.112183610930524059e-05 3.306160098968563858e-04
1.121125742737947538e-05 3.313930581392708261e-04
1.130139770696757744e-05 3.321713671029039852e-04
1.139226272863362180e-05 3.329509427237346765e-04
1.148385831941831862e-05 3.337317909995125061e-04
1.157619035321272244e-05 3.345139179901937760e-04
1.166926475113488233e-05 3.352973298183825916e-04
1.176308748190958197e-05 3.360820326697758187e-04
1.185766456225109696e-05 3.368680327936119973e-04
1.195300205724902165e-05 3.376553365031260555e-04
1.204910608075724703e-05 3.384439501760069520e-04
1.214598279578599300e-05 3.392338802548607382e-04
1.224363841489707119e-05 3.400251332476785003e-04
1.234207920060227166e-05 3.408177157283084750e-04
1.244131146576495141e-05 3.416116343369325560e-04
1.254134157400490594e-05 3.424068957805488731e-04
1.264217594010641892e-05 3.432035068334581105e-04
1.274382103042966606e-05 3.440014743377551925e-04
1.284628336332538012e-05 3.448008052038260655e-04
1.294956950955285153e-05 3.456015064108490867e-04
1.305368609270132550e-05 3.464035850073025392e-04
1.315863978961473662e-05 3.472070481114761589e-04
1.326443733081991784e-05 3.480119029119885157e-04
1.337108550095817394e-05 3.488181566683101406e-04
1.347859113922041930e-05 3.496258167112910992e-04
1.358696113978574276e-05 3.504348904436950692e-04
1.369620245226350289e-05 3.512453853407380261e-04
1.380632208213903338e-05 3.520573089506334893e-04
1.391732709122286183e-05 3.528706688951425909e-04
1.402922459810359800e-05 3.536854728701303808e-04
1.414202177860442693e-05 3.545017286461283105e-04
1.425572586624327312e-05 3.553194440689016499e-04
1.437034415269670868e-05 3.561386270600240610e-04
1.448588398826750700e-05 3.569592856174571031e-04
1.460235278235606065e-05 3.577814278161372749e-04
1.471975800393550924e-05 3.586050618085673920e-04
1.483810718203069761e-05 3.594301958254164219e-04
1.495740790620104393e-05 3.602568381761244148e-04
1.507766782702719393e-05 3.610849972495136138e-04
1.519889465660169363e-05 3.619146815144072093e-04
1.532109616902352435e-05 3.627458995202544360e-04
1.544428020089663419e-05 3.635786598977614695e-04
1.556845465183253347e-05 3.644129713595305100e-04
1.569362748495682720e-05 3.652488427007047735e-04
1.581980672741992514e-05 3.660862827996211278e-04
1.594700047091179726e-05 3.669253006184692331e-04
1.607521687218085261e-05 3.677659052039582177e-04
1.620446415355708035e-05 3.686081056879907808e-04
1.633475060347926684e-05 3.694519112883440175e-04
1.646608457702657656e-05 3.702973313093587543e-04
1.659847449645433090e-05 3.711443751426353899e-04
1.673192885173408999e-05 3.719930522677374345e-04
1.686645620109816269e-05 3.728433722529041552e-04
1.700206517158835183e-05 3.736953447557692944e-04
1.713876445960928018e-05 3.745489795240890566e-04
1.727656283148601931e-05 3.754042863964771981e-04
1.741546912402626202e-05 3.762612753031487349e-04
1.755549224508706188e-05 3.771199562666727048e-04
1.769664117414602146e-05 3.779803394027312713e-04
1.783892496287717983e-05 3.788424349208896155e-04
1.798235273573145038e-05 3.797062531253723333e-04
1.812693369052177829e-05 3.805718044158506747e-04
1.827267709901299054e-05 3.814390992882365594e-04
1.841959230751633514e-05 3.823081483354862954e-04
1.856768873748891613e-05 3.831789622484144358e-04
1.871697588613779753e-05 3.840515518165150619e-04
1.886746332702912506e-05 3.849259279287929863e-04
1.901916071070201491e-05 3.858021015746051488e-04
1.917207776528742996e-05 3.866800838445100339e-04
1.932622429713206014e-05 3.875598859311282026e-04
1.948161019142715636e-05 3.884415191300113340e-04
1.963824541284246687e-05 3.893249948405223273e-04
1.979614000616527957e-05 3.902103245667244550e-04
1.995530409694452962e-05 3.910975199182808722e-04
2.011574789214018569e-05 3.919865926113655081e-04
2.027748168077776584e-05 3.928775544695821994e-04
2.044051583460819321e-05 3.937704174248966697e-04
2.060486080877290993e-05 3.946651935185774545e-04
2.077052714247432406e-05 3.955618949021489153e-04
2.093752545965172832e-05 3.964605338383542276e-04
2.110586646966251448e-05 3.973611227021301871e-04
2.127556096796904257e-05 3.982636739815926413e-04
2.144661983683089035e-05 3.991682002790342804e-04
2.161905404600269334e-05 4.000747143119328373e-04
2.179287465343767338e-05 4.009832289139720262e-04
2.196809280599672383e-05 4.018937570360729987e-04
2.214471974016327149e-05 4.028063117474396226e-04
2.232276678276383055e-05 4.037209062366144954e-04
2.250224535169440457e-05 4.046375538125477505e-04
2.268316695665268201e-05 4.055562679056784947e-04
2.286554319987611368e-05 4.064770620690283886e-04
2.304938577688600408e-05 4.073999499793092135e-04
2.323470647723746755e-05 4.083249454380413887e-04
2.342151718527552383e-05 4.092520623726882091e-04
2.360982988089720404e-05 4.101813148378011969e-04
2.379965664031976214e-05 4.111127170161799267e-04
2.399100963685521206e-05 4.120462832200461620e-04
2.418390114169085154e-05 4.129820278922301897e-04
2.437834352467630153e-05 4.139199656073726578e-04
2.457434925511673213e-05 4.148601110731402371e-04
2.477193090257246173e-05 4.158024791314555405e-04
2.497110113766508845e-05 4.167470847597415156e-04
2.517187273288998102e-05 4.176939430721809629e-04
2.537425856343541054e-05 4.186430693209914483e-04
2.557827160800819747e-05 4.195944788977141494e-04
2.578392494966598255e-05 4.205481873345193427e-04
2.599123177665629757e-05 4.215042103055269621e-04
2.620020538326221942e-05 4.224625636281430945e-04
2.641085917065500355e-05 4.234232632644126856e-04
2.662320664775342266e-05 4.243863253223877476e-04
2.683726143209006455e-05 4.253517660575128079e-04
2.705303725068467391e-05 4.263196018740271617e-04
2.727054794092435169e-05 4.272898493263832249e-04
2.748980745145101860e-05 4.282625251206825063e-04
2.771082984305586503e-05 4.292376461161290886e-04
2.793362928958103447e-05 4.302152293265001860e-04
2.815822007882864917e-05 4.311952919216352964e-04
2.838461661347696776e-05 4.321778512289425368e-04
2.861283341200408477e-05 4.331629247349240625e-04
2.884288510961895206e-05 4.341505300867195909e-04
2.907478645919988450e-05 4.351406850936687370e-04
2.930855233224070256e-05 4.361334077288932438e-04
2.954419771980435250e-05 4.371287161308966144e-04
2.978173773348432942e-05 4.381266286051861323e-04
3.002118760637367955e-05 4.391271636259114165e-04
3.026256269404196131e-05 4.401303398375264490e-04
3.050587847551992785e-05 4.411361760564699256e-04
3.075115055429216836e-05 4.421446912728661523e-04
3.099839465929776571e-05 4.431559046522483302e-04
3.124762664593894326e-05 4.441698355373021158e-04
3.149886249709786691e-05 4.451865034496300510e-04
3.175211832416162958e-05 4.462059280915402801e-04
3.200741036805535347e-05 4.472281293478547280e-04
3.226475500028383740e-05 4.482531272877405344e-04
3.252416872398128129e-05 4.492809421665651241e-04
3.278566817496976563e-05 4.503115944277736649e-04
3.304927012282597097e-05 4.513451047047892413e-04
3.331499147195661828e-05 4.523814938229382340e-04
3.358284926268254923e-05 4.534207828013985236e-04
3.385286067233143252e-05 4.544629928551725752e-04
3.412504301633941499e-05 4.555081453970846479e-04
3.439941374936145976e-05 4.565562620398039154e-04
3.467599046639069019e-05 4.576073645978927414e-04
3.495479090388681388e-05 4.586614750898797819e-04
3.523583294091337626e-05 4.597186157403601397e-04
3.551913460028451443e-05 4.607788089821221347e-04
3.580471404972060146e-05 4.618420774583003132e-04
3.609258960301330298e-05 4.629084440245555612e-04
3.638277972120014758e-05 4.639779317512834618e-04
3.667530301374823841e-05 4.650505639258497572e-04
3.697017823974780394e-05 4.661263640548558981e-04
3.726742430911503891e-05 4.672053558664304501e-04
3.756706028380492004e-05 4.682875633125527562e-04
3.786910537903354231e-05 4.693730105714041920e-04
3.817357896451032149e-05 4.704617220497499946e-04
3.848050056568025947e-05 4.715537223853521554e-04
3.878988986497594024e-05 4.726490364494118014e-04
3.910176670307990038e-05 4.737476893490442128e-04
3.941615108019685222e-05 4.748497064297849016e-04
3.973306315733629498e-05 4.759551132781276745e-04
4.005252325760546656e-05 4.770639357240961985e-04
4.037455186751255453e-05 4.781761998438477661e-04
4.069916963828053232e-05 4.792919319623113760e-04
4.102639738717148507e-05 4.804111586558587740e-04
4.135625609882151324e-05 4.815339067550124101e-04
4.168876692658657308e-05 4.826602033471847839e-04
4.202395119389886775e-05 4.837900757794570922e-04
4.236183039563441933e-05 4.849235516613915951e-04
4.270242619949144884e-05 4.860606588678814959e-04
4.304576044737984240e-05 4.872014255420373577e-04
4.339185515682194037e-05 4.883458800981115228e-04
4.374073252236438547e-05 4.894940512244611280e-04
4.409241491700152432e-05 4.906459678865493935e-04
4.444692489361013225e-05 4.918016593299856173e-04
4.480428518639557628e-05 4.929611550836067490e-04
4.516451871234994516e-05 4.941244849625973977e-04
4.552764857272144816e-05 4.952916790716528845e-04
4.589369805449604518e-05 4.964627678081819746e-04
4.626269063189076576e-05 4.976377818655535216e-04
4.663464996785894769e-05 4.988167522363848522e-04
4.700959991560793024e-05 4.999997102158752543e-04
4.738756452012849081e-05 5.011866874051804479e-04
4.776856801973701402e-05 5.023777157148360617e-04
4.815263484762974979e-05 5.035728273682230690e-04
4.853978963344967522e-05 5.047720549050812525e-04
4.893005720486602800e-05 5.059754311850684239e-04
4.932346258916638966e-05 5.071829893913681062e-04
4.972003101486171801e-05 5.083947630343450298e-04
5.011978791330413274e-05 5.096107859552487674e-04
5.052275892031789424e-05 5.108310923299683257e-04
5.092896987784332514e-05 5.120557166728368281e-04
5.133844683559398629e-05 5.132846938404856361e-04
5.175121605272731026e-05 5.145180590357537661e-04
5.216730399952842833e-05 5.157558478116464193e-04
5.258673735910779395e-05 5.169980960753483732e-04
5.300954302911231120e-05 5.182448400922937517e-04
5.343574812345011079e-05 5.194961164902864260e-04
5.386537997402954931e-05 5.207519622636809162e-04
5.429846613251170683e-05 5.220124147776166335e-04
5.473503437207746710e-05 5.232775117723118636e-04
5.517511268920847540e-05 5.245472913674148864e-04
5.561872930548242831e-05 5.258217920664152696e-04
5.606591266938305433e-05 5.271010527611152269e-04
5.651669145812428409e-05 5.283851127361622333e-04
5.697109457948945697e-05 5.296740116736428985e-04
5.742915117368506970e-05 5.309677896577416753e-04
5.789089061520936487e-05 5.322664871794621257e-04
5.835634251473632199e-05 5.335701451414129153e-04
5.882553672101429199e-05 5.348788048626620028e-04
5.929850332278037298e-05 5.361925080836544731e-04
5.977527265068982934e-05 5.375112969712027939e-04
6.025587527926113687e-05 5.388352141235402829e-04
6.074034202883681662e-05 5.401643025754513348e-04
6.122870396755969154e-05 5.414986058034675694e-04
6.172099241336547382e-05 5.428381677311388967e-04
6.221723893599093776e-05 5.441830327343779835e-04
6.271747535899854537e-05 5.455332456468782280e-04
6.322173376181730781e-05 5.468888517656088225e-04
6.373004648179978805e-05 5.482498968563839737e-04
6.424244611629598980e-05 5.496164271595157169e-04
6.475896552474383490e-05 5.509884893955391532e-04
6.527963783077622890e-05 5.523661307710242075e-04
6.580449642434539257e-05 5.537493989844653394e-04
6.633357496386402567e-05 5.551383422322565819e-04
6.686690737836364180e-05 5.565330092147496291e-04
6.740452786967067054e-05 5.579334491423987687e-04
6.794647091459960874e-05 5.593397117419930935e-04
6.849277126716392557e-05 5.607518472629741471e-04
6.904346396080496533e-05 5.621699064838490880e-04
6.959858431063825179e-05 5.635939407186900483e-04
7.015816791571861683e-05 5.650240018237276006e-04
7.072225066132283911e-05 5.664601422040408275e-04
7.129086872125097157e-05 5.679024148203404157e-04
7.186405856014622235e-05 5.693508731958494369e-04
7.244185693583310459e-05 5.708055714232838744e-04
7.302430090167499335e-05 5.722665641719330062e-04
7.361142780895012759e-05 5.737339066948421353e-04
7.420327530924688381e-05 5.752076548360979952e-04
7.479988135687847049e-05 5.766878650382210566e-04
7.540128421131652825e-05 5.781745943496624605e-04
7.600752243964508596e-05 5.796679004324124069e-04
7.661863491903357171e-05 5.811678415697171807e-04
7.723466083923000343e-05 5.826744766739093678e-04
7.785563970507416954e-05 5.841878652943510459e-04
7.848161133903086735e-05 5.857080676254939602e-04
7.911261588374395807e-05 5.872351445150573350e-04
7.974869380461047964e-05 5.887691574723247310e-04
8.038988589237558977e-05 5.903101686765648264e-04
8.103623326574856958e-05 5.918582409855711358e-04
8.168777737403942708e-05 5.934134379443331336e-04
8.234455999981734741e-05 5.949758237938313019e-04
8.300662326158990542e-05 5.965454634799635843e-04
8.367400961650413858e-05 5.981224226626030271e-04
8.434676186306931743e-05 5.997067677247911637e-04
8.502492314390122392e-05 6.012985657820647551e-04
8.570853694848938771e-05 6.028978846919245613e-04
8.639764711598554576e-05 6.045047930634436491e-04
8.709229783801515472e-05 6.061193602670184900e-04
8.779253366151142763e-05 6.077416564442651237e-04
8.849839949157169172e-05 6.093717525180662427e-04
8.920994059433755784e-05 6.110097202027668130e-04
8.992720259989756015e-05 6.126556320145210488e-04
9.065023150521325508e-05 6.143095612817990906e-04
9.137907367706915931e-05 6.159715821560489413e-04
9.211377585504580830e-05 6.176417696225201641e-04
9.285438515451761594e-05 6.193201995112516218e-04
9.360094906967390902e-05 6.210069485082240137e-04
9.435351547656491199e-05 6.227020941666843671e-04
9.511213263617158400e-05 6.244057149186393397e-04
9.587684919750104329e-05 6.261178900865265471e-04
9.664771420070604718e-05 6.278386998950610982e-04
9.742477708022989668e-05 6.295682254832651436e-04
9.820808766797669784e-05 6.313065489166804368e-04
9.899769619650669529e-05 6.330537531997672707e-04
9.979365330225812810e-05 6.348099222884967269e-04
1.005960100287940358e-04 6.365751411031327685e-04
1.014048178300758305e-04 6.383494955412145856e-04
1.022201285737629447e-04 6.401330724907364818e-04
1.030419945445387562e-04 6.419259598435335433e-04
1.038704684474639587e-04 6.437282465088738472e-04
1.047056034113562220e-04 6.455400224272620901e-04
1.055474529921972851e-04 6.473613785844569129e-04
1.063960711765674772e-04 6.491924070257058246e-04
1.072515123851075622e-04 6.510332008702049899e-04
1.081138314760090295e-04 6.528838543257819288e-04
1.089830837485318825e-04 6.547444627038102351e-04
1.098593249465508611e-04 6.566151224343550136e-04
1.107426112621303672e-04 6.584959310815625879e-04
1.116329993391275541e-04 6.603869873592826609e-04
1.125305462768254463e-04 6.622883911469467809e-04
1.134353096335942370e-04 6.642002435056906448e-04
1.143473474305824536e-04 6.661226466947355257e-04
1.152667181554379807e-04 6.680557041880266561e-04
1.161934807660582340e-04 6.699995206911362649e-04
1.171276946943718302e-04 6.719542021584377738e-04
1.180694198501493273e-04 6.739198558105518027e-04
1.190187166248452715e-04 6.758965901520687554e-04
1.199756458954712109e-04 6.778845149895606700e-04
1.209402690284990808e-04 6.798837414498737700e-04
1.219126478837973188e-04 6.818943819987233982e-04
1.228928448185973368e-04 6.839165504595798436e-04
1.238809226914925330e-04 6.859503620328644656e-04
1.248769448664694098e-04 6.879959333154526480e-04
1.258809752169706621e-04 6.900533823204917138e-04
1.268930781299918082e-04 6.921228284975436667e-04
1.279133185102098585e-04 6.942043927530499410e-04
1.289417617841457579e-04 6.962981974711316031e-04
1.299784739043600306e-04 6.984043665347306439e-04
1.310235213536818741e-04 7.005230253470876977e-04
1.320769711494733530e-04 7.026543008535848138e-04
1.331388908479264716e-04 7.047983215639326776e-04
1.342093485483957546e-04 7.069552175747292801e-04
1.352884128977653859e-04 7.091251205923889507e-04
1.363761530948509886e-04 7.113081639564457648e-04
1.374726388948379144e-04 7.135044826632460724e-04
1.385779406137541473e-04 7.157142133900304707e-04
1.396921291329795815e-04 7.179374945194129214e-04
1.408152759037917560e-04 7.201744661642717552e-04
1.419474529519473946e-04 7.224252701930477952e-04
1.430887328823020289e-04 7.246900502554696555e-04
1.442391888834655353e-04 7.269689518087054563e-04
1.453988947324958629e-04 7.292621221439536412e-04
1.465679247996301939e-04 7.315697104134773416e-04
1.477463540530537525e-04 7.338918676580962744e-04
1.489342580637083497e-04 7.362287468351354138e-04
1.501317130101377376e-04 7.385805028468528811e-04
1.513387956833735660e-04 7.409472925693392446e-04
1.525555834918588800e-04 7.433292748819105662e-04
1.537821544664133599e-04 7.457266106970032163e-04
1.550185872652366423e-04 7.481394629905664456e-04
1.562649611789527072e-04 7.505679968329835063e-04
1.575213561356947041e-04 7.530123794205111293e-04
1.587878527062303556e-04 7.554727801072618626e-04
1.600645321091293731e-04 7.579493704377329548e-04
1.613514762159714492e-04 7.604423241798892669e-04
1.626487675565967779e-04 7.629518173588215697e-04
1.639564893243985327e-04 7.654780282909782758e-04
1.652747253816575759e-04 7.680211376189919649e-04
1.666035602649211305e-04 7.705813283471047142e-04
1.679430791904234122e-04 7.731587858772125078e-04
1.692933680595507125e-04 7.757536980455288344e-04
1.706545134643501493e-04 7.783662551598892650e-04
1.720266026930820555e-04 7.809966500377083952e-04
1.734097237358186636e-04 7.836450780445941393e-04
1.748039652900861040e-04 7.863117371336438791e-04
1.762094167665526718e-04 7.889968278854242022e-04
1.776261682947626302e-04 7.917005535486574316e-04
1.790543107289156038e-04 7.944231200816211265e-04
1.804939356536937052e-04 7.971647361942790951e-04
1.819451353901343051e-04 7.999256133911596383e-04
1.834080030015504002e-04 8.027059660149876404e-04
1.848826322994989290e-04 8.055060112910985854e-04
1.863691178497960880e-04 8.083259693726327659e-04
1.878675549785825216e-04 8.111660633865444862e-04
1.893780397784361350e-04 8.140265194804289714e-04
1.909006691145341572e-04 8.169075668701850871e-04
1.924355406308653758e-04 8.198094378885359889e-04
1.939827527564911332e-04 8.227323680344187599e-04
1.955424047118585549e-04 8.256765960232679722e-04
1.971145965151625118e-04 8.286423638382007639e-04
1.986994289887600588e-04 8.316299167821307502e-04
2.002970037656360473e-04 8.346395035308284450e-04
2.019074232959200475e-04 8.376713761869365379e-04
2.035307908534573454e-04 8.407257903349789514e-04
2.051672105424312228e-04 8.438030050973655211e-04
2.068167873040387963e-04 8.469032831914222225e-04
2.084796269232213381e-04 8.500268909874640752e-04
2.101558360354470717e-04 8.531740985679366366e-04
2.118455221335509156e-04 8.563451797876433244e-04
2.135487935746268110e-04 8.595404123350809016e-04
2.152657595869769691e-04 8.627600777949108804e-04
2.169965302771164684e-04 8.660044617115838670e-04
2.187412166368336874e-04 8.692738536541448190e-04
2.204999305503089861e-04 8.725685472822453451e-04
2.222727848012890891e-04 8.758888404133808279e-04
2.240598930803197706e-04 8.792350350913846800e-04
2.258613699920370061e-04 8.826074376562077035e-04
2.276773310625154778e-04 8.860063588149946984e-04
2.295078927466783912e-04 8.894321137145111194e-04
2.313531724357647287e-04 8.928850220149197811e-04
2.332132884648574879e-04 8.963654079649591112e-04
2.350883601204727450e-04 8.998736004785372637e-04
2.369785076482082669e-04 9.034099332127788458e-04
2.388838522604560654e-04 9.069747446475586285e-04
2.408045161441746895e-04 9.105683781665407798e-04
2.427406224687252156e-04 9.141911821397728441e-04
2.446922953937699587e-04 9.178435100078525741e-04
2.466596600772338497e-04 9.215257203677078377e-04
2.486428426833320587e-04 9.252381770600288501e-04
2.506419703906595520e-04 9.289812492583773406e-04
2.526571714003475184e-04 9.327553115600200348e-04
2.546885749442844948e-04 9.365607440785117142e-04
2.567363112934033026e-04 9.403979325380763159e-04
2.588005117660361265e-04 9.442672683698240211e-04
2.608813087363352420e-04 9.481691488098314361e-04
2.629788356427619931e-04 9.521039769991491595e-04
2.650932269966436408e-04 9.560721620857462770e-04
2.672246183908000890e-04 9.600741193284708210e-04
2.693731465082389691e-04 9.641102702030422428e-04
2.715389491309207638e-04 9.681810425101310819e-04
2.737221651485948924e-04 9.722868704855739709e-04
2.759229345677056727e-04 9.764281949127642021e-04
2.781413985203718461e-04 9.806054632372778086e-04
2.803776992734366294e-04 9.848191296837653045e-04
2.826319802375910060e-04 9.890696553751853002e-04
2.849043859765709036e-04 9.933575084544038480e-04
2.871950622164266896e-04 9.976831642082362780e-04
2.895041558548698611e-04 1.002047105193974675e-03
2.918318149706925933e-04 1.006449821368455427e-03
2.941781888332638869e-04 1.010891810219728204e-03
2.965434279121022059e-04 1.015373576901387092e-03
2.989276838865240638e-04 1.019895634369617863e-03
3.013311096553723529e-04 1.024458503523024934e-03
3.037538593468203508e-04 1.029062713345306945e-03
3.061960883282565000e-04 1.033708801050834325e-03
3.086579532162475755e-04 1.038397312233208403e-03
3.111396118865817034e-04 1.043128801016857381e-03
3.136412234843937797e-04 1.047903830211750677e-03
3.161629484343707937e-04 1.052722971471294327e-03
3.187049484510391727e-04 1.057586805453483540e-03
3.212673865491363131e-04 1.062495921985389617e-03
3.238504270540627241e-04 1.067450920231057974e-03
3.264542356124218816e-04 1.072452408862892542e-03
3.290789792026421572e-04 1.077501006236612595e-03
3.317248261456845612e-04 1.082597340569863356e-03
3.343919461158375477e-04 1.087742050124562536e-03
3.370805101515967120e-04 1.092935783393077578e-03
3.397906906666352906e-04 1.098179199288319263e-03
3.425226614608590115e-04 1.103472967337841212e-03
3.452765977315525058e-04 1.108817767882045065e-03
3.480526760846145698e-04 1.114214292276586487e-03
3.508510745458821682e-04 1.119663243099078319e-03
3.536719725725493064e-04 1.125165334360203823e-03
3.565155510646736132e-04 1.130721291719328711e-03
3.593819923767777925e-04 1.136331852704736654e-03
3.622714803295441527e-04 1.141997766938585620e-03
3.651842002216012400e-04 1.147719796366702353e-03
3.681203388414086997e-04 1.153498715493344890e-03
3.710800844792347289e-04 1.159335311621022876e-03
3.740636269392309441e-04 1.165230385095537228e-03
3.770711575516045569e-04 1.171184749556328057e-03
3.801028691848870426e-04 1.177199232192283496e-03
3.831589562583041287e-04 1.183274674003144964e-03
3.862396147542424387e-04 1.189411930066624004e-03
3.893450422308182145e-04 1.195611869811390735e-03
3.924754378345461105e-04 1.201875377296077445e-03
3.956310023131095230e-04 1.208203351494425287e-03
3.988119380282356533e-04 1.214596706586756631e-03
4.020184489686717279e-04 1.221056372257907970e-03
4.052507407632667102e-04 1.227583294001785346e-03
4.085090206941583433e-04 1.234178433432719458e-03
4.117934977100643303e-04 1.240842768603779827e-03
4.151043824396841034e-04 1.247577294332226708e-03
4.184418872052049466e-04 1.254383022532277884e-03
4.218062260359181116e-04 1.261260982555377497e-03
4.251976146819431914e-04 1.268212221538150353e-03
4.286162706280660629e-04 1.275237804758248134e-03
4.320624131076838416e-04 1.282338815998277683e-03
4.355362631168651407e-04 1.289516357918010650e-03
4.390380434285221108e-04 1.296771552435114095e-03
4.425679786066951294e-04 1.304105541114580075e-03
4.461262950209559926e-04 1.311519485567121590e-03
4.497132208609232683e-04 1.319014567856718976e-03
4.533289861508961525e-04 1.326591990917597771e-03
4.569738227646058526e-04 1.334252978980850560e-03
4.606479644400835773e-04 1.341998778010960406e-03
4.643516467946528299e-04 1.349830656152503422e-03
4.680851073400368986e-04 1.357749904187259679e-03
4.718485854975909208e-04 1.365757836002041894e-03
4.756423226136558121e-04 1.373855789067494285e-03
4.794665619750340603e-04 1.382045124928168219e-03
4.833215488245936708e-04 1.390327229704167809e-03
4.872075303769935438e-04 1.398703514604667745e-03
4.911247558345376539e-04 1.407175416453620596e-03
4.950734764031559194e-04 1.415744398227981437e-03
4.990539453085126274e-04 1.424411949608771818e-03
5.030664178122476200e-04 1.433179587545356038e-03
5.071111512283440603e-04 1.442048856833239804e-03
5.111884049396300984e-04 1.451021330705798938e-03
5.152984404144135685e-04 1.460098611440286374e-03
5.194415212232471150e-04 1.469282330978509497e-03
5.236179130558335070e-04 1.478574151562590030e-03
5.278278837380626825e-04 1.487975766386203519e-03
5.320717032491864866e-04 1.497488900261713645e-03
5.363496437391333804e-04 1.507115310303661949e-03
5.406619795459586750e-04 1.516856786629042306e-03
5.450089872134402649e-04 1.526715153074825271e-03
5.493909455088114057e-04 1.536692267933217372e-03
5.538081354406379064e-04 1.546790024705135868e-03
5.582608402768391960e-04 1.557010352872417649e-03
5.627493455628519627e-04 1.567355218689268394e-03
5.672739391399449303e-04 1.577826625993512507e-03
5.718349111636754486e-04 1.588426617038172714e-03
5.764325541224973306e-04 1.599157273343969343e-03
5.810671628565183084e-04 1.610020716573337327e-03
5.857390345764057005e-04 1.621019109426526453e-03
5.904484688824488542e-04 1.632154656560479838e-03
5.951957677837702325e-04 1.643429605531075005e-03
5.999812357176934931e-04 1.654846247759430341e-03
6.048051795692668256e-04 1.666406919522959561e-03
6.096679086909412206e-04 1.678114002971875865e-03
6.145697349224115867e-04 1.689969927171896267e-03
6.195109726106124738e-04 1.701977169173884887e-03
6.244919386298781626e-04 1.714138255111231218e-03
6.295129524022625642e-04 1.726455761325755263e-03
6.345743359180218597e-04 1.738932315522988487e-03
6.396764137562660577e-04 1.751570597957677984e-03
6.448195131057724233e-04 1.764373342650410719e-03
6.500039637859672840e-04 1.777343338636256645e-03
6.552300982680780549e-04 1.790483431246399099e-03
6.604982516964512558e-04 1.803796523423717001e-03
6.658087619100488790e-04 1.817285577073329958e-03
6.711619694641106403e-04 1.830953614449147126e-03
6.765582176519944731e-04 1.844803719577498610e-03
6.819978525271915785e-04 1.858839039718978041e-03
6.874812229255158154e-04 1.873062786869595080e-03
6.930086804874782723e-04 1.887478239302506355e-03
6.985805796808342277e-04 1.902088743151476250e-03
7.041972778233160498e-04 1.916897714037387032e-03
7.098591351055475937e-04 1.931908638739077231e-03
7.155665146141400920e-04 1.947125076909886950e-03
7.213197823549808178e-04 1.962550662841316962e-03
7.271193072767008578e-04 1.978189107275226451e-03
7.329654612943378245e-04 1.994044199266086208e-03
7.388586193131823406e-04 2.010119808094833118e-03
7.447991592528255354e-04 2.026419885235945535e-03
7.507874620713904205e-04 2.042948466379373215e-03
7.568239117899635193e-04 2.059709673509062602e-03
7.629088955172225184e-04 2.076707717039829541e-03
7.690428034742577759e-04 2.093946898014448568e-03
7.752260290196005864e-04 2.111431610362847922e-03
7.814589686744464938e-04 2.129166343225355300e-03
7.877420221480843860e-04 2.147155683342087326e-03
7.940755923635288774e-04 2.165404317510539675e-03
8.004600854833578225e-04 2.183917035113580943e-03
8.068959109357621163e-04 2.202698730720153552e-03
8.133834814407993243e-04 2.221754406760954609e-03
8.199232130368611180e-04 2.241089176281572601e-03
8.265155251073547310e-04 2.260708265775593535e-03
8.331608404075938838e-04 2.280617018100246102e-03
8.398595850919135953e-04 2.300820895477343614e-03
8.466121887409966320e-04 2.321325482582254057e-03
8.534190843894221088e-04 2.342136489723852487e-03
8.602807085534364606e-04 2.363259756118424749e-03
8.671975012589433138e-04 2.384701253260649353e-03
8.741699060697260279e-04 2.406467088394910123e-03
8.811983701158903302e-04 2.428563508090226912e-03
8.882833441225385356e-04 2.450996901922354500e-03
8.954252824386748104e-04 2.473773806266586772e-03
9.026246430663383349e-04 2.496900908205021852e-03
9.098818876899798704e-04 2.520385049552190462e-03
9.171974817060647061e-04 2.544233231003027815e-03
9.245718942529195525e-04 2.568452616407379714e-03
9.320055982408180680e-04 2.593050537175370113e-03
9.394990703823048002e-04 2.618034496818105739e-03
9.470527912227704468e-04 2.643412175628440976e-03
9.546672451712662905e-04 2.669191435506548804e-03
9.623429205315682175e-04 2.695380324935416939e-03
9.700803095334933554e-04 2.721987084111445604e-03
9.778799083644605476e-04 2.749020150235540610e-03
9.857422172013170000e-04 2.776488162970433722e-03
9.936677402424100650e-04 2.804399970069945333e-03
1.001656985739920970e-03 2.832764633186402384e-03
1.009710466032460053e-03 2.861591433862419650e-03
1.017828697577917657e-03 2.890889879713666715e-03
1.026012200986590192e-03 2.920669710809463242e-03
1.034261501054562502e-03 2.950940906258229472e-03
1.042577126797361716e-03 2.981713691005217007e-03
1.050959611483885626e-03 3.012998542850197758e-03
1.059409492670594080e-03 3.044806199693030936e-03
1.067927312235989433e-03 3.077147667015490279e-03
1.076513616415361108e-03 3.110034225607881571e-03
1.085168955835817250e-03 3.143477439549531745e-03
1.093893885551595240e-03 3.177489164452415582e-03
1.102688965079653451e-03 3.212081555977679137e-03
1.111554758435557688e-03 3.247267078635195873e-03
1.120491834169647354e-03 3.283058514876675306e-03
1.129500765403496088e-03 3.319468974493276769e-03
1.138582129866666211e-03 3.356511904329219538e-03
1.147736509933754622e-03 3.394201098323211454e-03
1.156964492661743775e-03 3.432550707890155706e-03
1.166266669827647345e-03 3.471575252656034297e-03
1.175643637966459695e-03 3.511289631559394962e-03
1.185095998409407608e-03 3.551709134333507975e-03
1.194624357322519479e-03 3.592849453383803980e-03
1.204229325745493316e-03 3.634726696075814625e-03
1.213911519630881753e-03 3.677357397449529906e-03
1.223671559883595175e-03 3.720758533376692431e-03
1.233510072400714275e-03 3.764947534178391883e-03
1.243427688111633502e-03 3.809942298720933162e-03
1.253425043018518937e-03 3.855761209008767409e-03
1.263502778237094457e-03 3.902423145294159866e-03
1.273661540037756201e-03 3.949947501724073405e-03
1.283901979887013163e-03 3.998354202545571431e-03
1.294224754489271476e-03 4.047663718892195728e-03
1.304630525828943087e-03 4.097897086174489070e-03
1.315119961212898999e-03 4.149075922099084920e-03
1.325693733313264028e-03 4.201222445341760980e-03
1.336352520210549837e-03 4.254359494900976195e-03
1.347097005437145967e-03 4.308510550159782952e-03
1.357927878021148501e-03 4.363699751684879669e-03
1.368845832530548668e-03 4.419951922793357441e-03
1.379851569117774906e-03 4.477292591918645946e-03
1.390945793564588810e-03 4.535748015808901100e-03
1.402129217327351650e-03 4.595345203592459543e-03
1.413402557582644787e-03 4.656111941746554107e-03
1.424766537273263476e-03 4.718076820007297174e-03
1.436221885154577568e-03 4.781269258260487098e-03
1.447769335841261494e-03 4.845719534454858042e-03
1.459409629854411519e-03 4.911458813581232388e-03
1.471143513669029897e-03 4.978519177762966499e-03
1.482971739761893915e-03 5.046933657505432019e-03
1.494895066659816113e-03 5.116736264154438107e-03
1.506914258988279864e-03 5.187962023615723915e-03
1.519030087520481303e-03 5.260647011390586630e-03
1.531243329226754423e-03 5.334828388984514530e-03
1.543554767324396880e-03 5.410544441749542098e-03
1.555965191327898052e-03 5.487834618223013175e-03
1.568475397099565417e-03 5.566739571028933575e-03
1.581086186900568149e-03 5.647301199411326397e-03
1.593798369442380987e-03 5.729562693472259327e-03
1.606612759938646400e-03 5.813568580190755543e-03
1.619530180157454594e-03 5.899364771302843466e-03
1.632551458474037044e-03 5.986998613126570667e-03
1.645677429923897168e-03 6.076518938420375632e-03
1.658908936256353432e-03 6.167976120367306761e-03
1.672246825988522216e-03 6.261422128782349363e-03
1.685691954459733483e-03 6.356910588645278692e-03
1.699245183886374929e-03 6.454496841066003840e-03
1.712907383417195620e-03 6.554238006795607904e-03
1.726679429189035501e-03 6.656193052401365717e-03
1.740562204383013303e-03 6.760422859230631396e-03
1.754556599281165054e-03 6.866990295294505761e-03
1.768663511323529704e-03 6.975960290209262671e-03
1.782883845165711585e-03 7.087399913340666421e-03
1.797218512736886101e-03 7.201378455303615589e-03
1.811668433298283974e-03 7.317967512977818084e-03
1.826234533502142350e-03 7.437241078208846334e-03
1.840917747451124723e-03 7.559275630372159702e-03
1.855719016758231119e-03 7.684150232988162452e-03
1.870639290607178408e-03 7.811946634585409562e-03
1.885679525813269142e-03 7.942749374020386527e-03
1.900840686884754365e-03 8.076645890473119205e-03
1.916123746084678458e-03 8.213726638349936465e-03
1.931529683493239408e-03 8.354085207337241803e-03
1.947059487070633074e-03 8.497818447863490082e-03
1.962714152720410922e-03 8.645026602240483277e-03
1.978494684353347775e-03 8.795813441770633512e-03
1.994402093951814798e-03 8.950286410121960703e-03
2.010437401634686781e-03 9.108556773290126668e-03
2.026601635722752488e-03 9.270739776484054201e-03
2.042895832804664507e-03 9.436954808291082505e-03
2.059321037803406914e-03 9.607325572497374053e-03
2.075878304043314148e-03 9.781980267961010167e-03
2.092568693317612902e-03 9.961051776957208920e-03
2.109393275956515656e-03 1.014467786243996791e-02
2.126353130895859787e-03 1.033300137468931741e-02
2.143449345746292669e-03 1.052617046784088371e-02
2.160683016863026648e-03 1.072433882682319317e-02
2.178055249416143910e-03 1.092766590525901145e-02
2.195567157461466006e-03 1.113631717491927672e-02
2.213219864012002346e-03 1.135046438735327554e-02
2.231014501109958564e-03 1.157028584835560238e-02
2.248952209899342941e-03 1.179596670596981534e-02
2.267034140699141810e-03 1.202769925276997096e-02
2.285261453077086068e-03 1.226568324320708239e-02
2.303635315924016606e-03 1.251012622685364686e-02
2.322156907528835634e-03 1.276124389843117865e-02
2.340827415654079483e-03 1.301926046555911334e-02
2.359648037612081632e-03 1.328440903522096206e-02
2.378619980341755043e-03 1.355693202000535051e-02
2.397744460485994218e-03 1.383708156524490404e-02
2.417022704469688754e-03 1.412511999824575711e-02
2.436455948578383941e-03 1.442132030087578398e-02
2.456045439037553724e-03 1.472596660685816100e-02
2.475792432092522449e-03 1.503935472520346109e-02
2.495698194089025854e-03 1.536179269130368008e-02
2.515764001554414778e-03 1.569360134730918982e-02
2.535991141279525865e-03 1.603511495351367735e-02
2.556380910401196294e-03 1.638668183258361333e-02
2.576934616485448970e-03 1.674866504858769228e-02
2.597653577611344286e-03 1.712144312290954373e-02
2.618539122455501057e-03 1.750541078926333427e-02
2.639592590377313943e-03 1.790097979017882257e-02
2.660815331504837004e-03 1.830857971747774926e-02
2.682208706821365921e-03 1.872865889943370332e-02
2.703774088252720170e-03 1.916168533748524583e-02
2.725512858755212153e-03 1.960814769556798454e-02
2.747426412404349247e-03 2.006855634533675353e-02
2.769516154484221067e-03 2.054344447077201263e-02
2.791783501577625726e-03 2.103336923590493762e-02
2.814229881656912530e-03 2.153891301965088143e-02
2.836856734175545458e-03 2.206068472201728331e-02
2.859665510160429910e-03 2.259932114625035765e-02
2.882657672304954604e-03 2.315548846180057532e-02
2.905834695062792412e-03 2.372988375333369426e-02
2.929198064742460569e-03 2.432323666138127422e-02
2.952749279602623345e-03 2.493631112062298649e-02
2.976489849948188784e-03 2.556990720222093033e-02
3.000421298227152252e-03 2.622486306708833592e-02
3.024545159128231436e-03 2.690205703747168900e-02
3.048862979679285452e-03 2.760240979476159123e-02
3.073376319346515437e-03 2.832688671202662420e-02
3.098086750134482637e-03 2.907650033038966172e-02
3.122995856686912319e-03 2.985231298903683744e-02
3.148105236388314739e-03 3.065543961938187872e-02
3.173416499466426635e-03 3.148705071469121847e-02
3.198931269095461969e-03 3.234837548732737156e-02
3.224651181500219187e-03 3.324070522668828853e-02
3.250577886061000333e-03 3.416539687191125912e-02
3.276713045419388411e-03 3.512387681449148646e-02
3.303058335584856987e-03 3.611764494712735307e-02
3.329615446042272307e-03 3.714827897636882592e-02
3.356386079860218530e-03 3.821743901801254173e-02
3.383371953800224166e-03 3.932687249567255738e-02
3.410574798426851528e-03 4.047841936456218759e-02
3.437996358218668291e-03 4.167401768427220904e-02
3.465638391680131523e-03 4.291570956622381416e-02
