2.497382406435652939e-25 9.768325619515944397e-18
1.592405960127358361e-24 3.089015920155193588e-17
1.015365822756892167e-23 9.768326876420302874e-17
6.474277161963938908e-23 3.089016721595150065e-16
4.128193389070159467e-22 9.768331986641967382e-16
2.632259977636328568e-21 3.089019980025807047e-15
1.678407946733001633e-20 9.768352763373603653e-15
1.070203270037972128e-19 3.089033227893325649e-14
6.823937180644061677e-19 9.768437235752100315e-14
4.351147109064984495e-18 3.089087090016611440e-13
1.915297948882004416e-17 7.759322488683919743e-13
8.060281057525431301e-17 1.949163039787816667e-12
3.231548868885900942e-16 4.896382250613372468e-12
4.345363206717196250e-16 6.163781780305984805e-12
1.185699981296668146e-15 1.229732179640797847e-11
3.167099671296256822e-15 2.454290871984140256e-11
8.312293945536222779e-15 4.898397135859626299e-11
2.151611673377367987e-14 9.773430848120292535e-11
5.516190296262407946e-14 1.950308160666369755e-10
7.219962673568143336e-14 2.455395918119563429e-10
1.345996703506809824e-13 3.892770603306517574e-10
2.502777173064534741e-13 6.169465998965407740e-10
3.411676113431318569e-13 7.768626451909397954e-10
4.161104603351930561e-13 9.006720410829545173e-10
5.668224300832851639e-13 1.192414995932578561e-09
1.051017683769589897e-12 1.890432911212288601e-09
1.946696275912857264e-12 3.094630240399093478e-09
3.604197434436283020e-12 4.906521065391501087e-09
4.678350727597027810e-12 5.964785761620009416e-09
6.363945126095426008e-12 7.510858710852283575e-09
8.659328086403540721e-12 9.798092857573101657e-09
1.177437263656969924e-11 1.233578754396143564e-08
1.601314678573479096e-11 1.553407705195085344e-08
2.068158225216417963e-11 1.881943995759334440e-08
2.812629084553211013e-11 2.462793118627416045e-08
3.823985723652250255e-11 3.101071367919697201e-08
4.915490723856361436e-11 3.744047090307774978e-08
6.683712298751739095e-11 4.918310976261355027e-08
9.088989403667837668e-11 6.194746997419662658e-08
1.198094057756214983e-10 7.622496704508910767e-08
1.235276287134856064e-10 8.111821537560480725e-08
1.679810496150610554e-10 1.052041443179145334e-07
2.145827771029579730e-10 1.264403182978826954e-07
2.389577941400671919e-10 1.370814666799720085e-07
2.718434103460653354e-10 1.558050328926489486e-07
3.695913600236930604e-10 2.029070399259184632e-07
4.805596579248377059e-10 2.471473550088626382e-07
6.228436556804378813e-10 3.112918511513913844e-07
6.449051117784316288e-10 3.195404339442749206e-07
6.519284217721749412e-10 3.221516175955882510e-07
6.901021772675798839e-10 3.362246542759246589e-07
7.517420508597271333e-10 3.585491157042282318e-07
7.842145311837404764e-10 3.701260768930860222e-07
8.123077711587138292e-10 3.800461204279264704e-07
8.948523203792971162e-10 4.248355205313744057e-07
1.780367769825735293e-09 1.571243743291283042e-06
2.831798589477310162e-09 2.360915204371286954e-06
4.352717025416528164e-09 3.331634749736530039e-06
6.442936706730940560e-09 4.497300351158025239e-06
9.210451352971400048e-09 5.875749191388290656e-06
1.726412223638507203e-08 9.359364509061765243e-06
2.961440629244172500e-08 1.399035730184682620e-05
4.760234259406434222e-08 2.000744564924680080e-05
7.280858902572716169e-08 2.762541866450402925e-05
1.069774052811704485e-07 3.692082460755834189e-05
1.786399553702715184e-07 5.352425790188030335e-05
3.179080611873818725e-07 7.810458603098302793e-05
4.169532575344421554e-07 9.195064971249766836e-05
4.437988271458211392e-07 9.546604737380116803e-05
8.192319285407806845e-07 1.258634192745901824e-04
1.106825287022989396e-06 1.518779972533025569e-04
1.115724337060301384e-06 1.523227057147815170e-04
1.124694936864767124e-06 1.527682913800785245e-04
1.133737661707810349e-06 1.532147559478904536e-04
1.142853091486126696e-06 1.536621011240704010e-04
1.152041810758873321e-06 1.541103286216543840e-04
1.161304408785155819e-06 1.545594401608878763e-04
1.170641479561815220e-06 1.550094374692526154e-04
1.180053621861521381e-06 1.554603222814936799e-04
1.189541439271170903e-06 1.559120963396462968e-04
1.199105540230593778e-06 1.563647613930633801e-04
1.208746538071573023e-06 1.568183191984427716e-04
1.218465051057176020e-06 1.572727715198546166e-04
1.228261702421402010e-06 1.577281201287692011e-04
1.238137120409150613e-06 1.581843668040848971e-04
1.248091938316509892e-06 1.586415133321557281e-04
1.258126794531367770e-06 1.590995615068198572e-04
1.268242332574351252e-06 1.595585131294276400e-04
1.278439201140096409e-06 1.600183700088701668e-04
1.288718054138844896e-06 1.604791339616078042e-04
1.299079550738380556e-06 1.609408068116990073e-04
1.309524355406300381e-06 1.614033903908289433e-04
1.320053137952625996e-06 1.618668865383388999e-04
1.330666573572756690e-06 1.623312971012552338e-04
1.341365342890769537e-06 1.627966239343188611e-04
1.352150132003066997e-06 1.632628689000148285e-04
1.363021632522374565e-06 1.637300338686018854e-04
1.373980541622093530e-06 1.641981207181424074e-04
1.385027562081009072e-06 1.646671313345324564e-04
1.396163402328358763e-06 1.651370676115319750e-04
1.407388776489263394e-06 1.656079314507951446e-04
1.418704404430522236e-06 1.660797247619008241e-04
1.430111011806777178e-06 1.665524494623834499e-04
1.441609330107048508e-06 1.670261074777637457e-04
1.453200096701642965e-06 1.675007007415798394e-04
1.464884054889441254e-06 1.679762311954185691e-04
1.476661953945564405e-06 1.684527007889468166e-04
1.488534549169424258e-06 1.689301114799429768e-04
1.500502601933158498e-06 1.694084652343290224e-04
1.512566879730457026e-06 1.698877640262021628e-04
1.524728156225780076e-06 1.703680098378670721e-04
1.536987211303973174e-06 1.708492046598683611e-04
1.549344831120277861e-06 1.713313504910227777e-04
1.561801808150749011e-06 1.718144493384521397e-04
1.574358941243073621e-06 1.722985032176160781e-04
1.587017035667799582e-06 1.727835141523451860e-04
1.599776903169978427e-06 1.732694841748741953e-04
1.612639362021218686e-06 1.737564153258754789e-04
1.625605237072162962e-06 1.742443096544926337e-04
1.638675359805382808e-06 1.747331692183744429e-04
1.651850568388700091e-06 1.752229960837087578e-04
1.665131707728940123e-06 1.757137923252567583e-04
1.678519629526110642e-06 1.762055600263875391e-04
1.692015192328022518e-06 1.766983012791126142e-04
1.705619261585347533e-06 1.771920181841206659e-04
1.719332709707115556e-06 1.776867128508127812e-04
1.733156416116664666e-06 1.781823873973376342e-04
1.747091267308034489e-06 1.786790439506268308e-04
1.761138156902816513e-06 1.791766846464307422e-04
1.775297985707461576e-06 1.796753116293542830e-04
1.789571661771045615e-06 1.801749270528929612e-04
1.803960100443503811e-06 1.806755330794693616e-04
1.818464224434328071e-06 1.811771318804694935e-04
1.833084963871740744e-06 1.816797256362795454e-04
1.847823256362342263e-06 1.821833165363228831e-04
1.862680047051237565e-06 1.826879067790972383e-04
1.877656288682648073e-06 1.831934985722121672e-04
1.892752941661008609e-06 1.837000941324264287e-04
1.907970974112557276e-06 1.842076956856861215e-04
1.923311361947420641e-06 1.847163054671626574e-04
1.938775088922195921e-06 1.852259257212909805e-04
1.954363146703038844e-06 1.857365587018081098e-04
1.970076534929258032e-06 1.862482066717922522e-04
1.985916261277419728e-06 1.867608719037011829e-04
2.001883341525968364e-06 1.872745566794120360e-04
2.017978799620368472e-06 1.877892632902605525e-04
2.034203667738767107e-06 1.883049940370807890e-04
2.050558986358185657e-06 1.888217512302451252e-04
2.067045804321247406e-06 1.893395371897044872e-04
2.083665178903433219e-06 1.898583542450287074e-04
2.100418175880887380e-06 1.903782047354472904e-04
2.117305869598762556e-06 1.908990910098904228e-04
2.134329343040115772e-06 1.914210154270300104e-04
2.151489687895357904e-06 1.919439803553212303e-04
2.168788004632264771e-06 1.924679881730442452e-04
2.186225402566545563e-06 1.929930412683460541e-04
2.203802999932983445e-06 1.935191420392829115e-04
2.221521923957145368e-06 1.940462928938625840e-04
2.239383310927670823e-06 1.945744962500872038e-04
2.257388306269137429e-06 1.951037545359963110e-04
2.275538064615519439e-06 1.956340701897100868e-04
2.293833749884228587e-06 1.961654456594727480e-04
2.312276535350758018e-06 1.966978834036967017e-04
2.330867603723919567e-06 1.972313858910063197e-04
2.349608147221691745e-06 1.977659556002823093e-04
2.368499367647673360e-06 1.983015950207066540e-04
2.387542476468154195e-06 1.988383066518071467e-04
2.406738694889803178e-06 1.993760930035027906e-04
2.426089253937985047e-06 1.999149565961492547e-04
2.445595394535701702e-06 2.004548999605846812e-04
2.465258367583173072e-06 2.009959256381755200e-04
2.485079434038053670e-06 2.015380361808631767e-04
2.505059864996296295e-06 2.020812341512103350e-04
2.525200941773664971e-06 2.026255221224482282e-04
2.545503955987908155e-06 2.031709026785235032e-04
2.565970209641581199e-06 2.037173784141458992e-04
2.586601015205546855e-06 2.042649519348362498e-04
2.607397695703141973e-06 2.048136258569741074e-04
2.628361584795018441e-06 2.053634028078468027e-04
2.649494026864670221e-06 2.059142854256976651e-04
2.670796377104648168e-06 2.064662763597752452e-04
2.692270001603463922e-06 2.070193782703828357e-04
2.713916277433197252e-06 2.075735938289278298e-04
2.735736592737803903e-06 2.081289257179720013e-04
2.757732346822137059e-06 2.086853766312814587e-04
2.779904950241681172e-06 2.092429492738777385e-04
2.802255824893009571e-06 2.098016463620883023e-04
2.824786404104969679e-06 2.103614706235980628e-04
2.847498132730597946e-06 2.109224247975009651e-04
2.870392467239775934e-06 2.114845116343517573e-04
2.893470875812636877e-06 2.120477338962186288e-04
2.916734838433710005e-06 2.126120943567353597e-04
2.940185846986836091e-06 2.131775958011544747e-04
2.963825405350837280e-06 2.137442410264007206e-04
2.987655029495958570e-06 2.143120328411243010e-04
3.011676247581084319e-06 2.148809740657551138e-04
3.035890600051738270e-06 2.154510675325570961e-04
3.060299639738870031e-06 2.160223160856826247e-04
3.084904931958434816e-06 2.165947225812279455e-04
3.109708054611774469e-06 2.171682898872881701e-04
3.134710598286806139e-06 2.177430208840133285e-04
3.159914166360026644e-06 2.183189184636642874e-04
3.185320375099333382e-06 2.188959855306692366e-04
3.210930853767670662e-06 2.194742250016806643e-04
3.236747244727514617e-06 2.200536398056323587e-04
3.262771203546196659e-06 2.206342328837971689e-04
3.289004399102067629e-06 2.212160071898449558e-04
3.315448513691528456e-06 2.217989656899007592e-04
3.342105243136904463e-06 2.223831113626037513e-04
3.368976296895202698e-06 2.229684471991661093e-04
3.396063398167731981e-06 2.235549762034327002e-04
3.423368284010614439e-06 2.241427013919408749e-04
3.450892705446175424e-06 2.247316257939806954e-04
3.478638427575238482e-06 2.253217524516558129e-04
3.506607229690314790e-06 2.259130844199442375e-04
3.534800905389707810e-06 2.265056247667600017e-04
3.563221262692536552e-06 2.270993765730151229e-04
3.591870124154675325e-06 2.276943429326815658e-04
3.620749326985640899e-06 2.282905269528543693e-04
3.649860723166400386e-06 2.288879317538144499e-04
3.679206179568141352e-06 2.294865604690921892e-04
3.708787578071990609e-06 2.300864162455315380e-04
3.738606815689696079e-06 2.306875022433541467e-04
3.768665804685279786e-06 2.312898216362243361e-04
3.798966472697668319e-06 2.318933776113144744e-04
3.829510762864310939e-06 2.324981733693702471e-04
3.860300633945785326e-06 2.331042121247770633e-04
3.891338060451417646e-06 2.337114971056266537e-04
3.922625032765895342e-06 2.343200315537838027e-04
3.954163557276920506e-06 2.349298187249539485e-04
3.985955656503861477e-06 2.355408618887510817e-04
4.018003369227467467e-06 2.361531643287659949e-04
4.050308750620601322e-06 2.367667293426352663e-04
4.082873872380044620e-06 2.373815602421102408e-04
4.115700822859347171e-06 2.379976603531269892e-04
4.148791707202750544e-06 2.386150330158765096e-04
4.182148647480187338e-06 2.392336815848750923e-04
4.215773782823368029e-06 2.398536094290359044e-04
4.249669269562958807e-06 2.404748199317401948e-04
4.283837281366869021e-06 2.410973164909096644e-04
4.318280009379637228e-06 2.417211025190790265e-04
4.352999662362949720e-06 2.423461814434689466e-04
4.387998466837287309e-06 2.429725567060596596e-04
4.423278667224705429e-06 2.436002317636651294e-04
4.458842525992768754e-06 2.442292100880074789e-04
4.494692323799638627e-06 2.448594951657923156e-04
4.530830359640324303e-06 2.454910904987839477e-04
4.567258950994123440e-06 2.461239996038817662e-04
4.603980433973228097e-06 2.467582260131967356e-04
4.640997163472543686e-06 2.473937732741285345e-04
4.678311513320703089e-06 2.480306449494432391e-04
4.715925876432294573e-06 2.486688446173514937e-04
4.753842664961317053e-06 2.493083758715871701e-04
4.792064310455869488e-06 2.499492423214867850e-04
4.830593264014082016e-06 2.505914475920690805e-04
4.869431996441298173e-06 2.512349953241154723e-04
4.908582998408529338e-06 2.518798891742509306e-04
4.948048780612174661e-06 2.525261328150254581e-04
4.987831873935027621e-06 2.531737299349960560e-04
5.027934829608577706e-06 2.538226842388091229e-04
5.068360219376619909e-06 2.544729994472838845e-04
5.109110635660176276e-06 2.551246792974958227e-04
5.150188691723742218e-06 2.557777275428609726e-04
5.191597021842871131e-06 2.564321479532211405e-04
5.233338281473110035e-06 2.570879443149287429e-04
5.275415147420282843e-06 2.577451204309331089e-04
5.317830318012162766e-06 2.584036801208673250e-04
5.360586513271499117e-06 2.590636272211350793e-04
5.403686475090452736e-06 2.597249655849984823e-04
5.447132967406431563e-06 2.603876990826668085e-04
5.490928776379337361e-06 2.610518316013851303e-04
5.535076710570237999e-06 2.617173670455243606e-04
5.579579601121474609e-06 2.623843093366711875e-04
5.624440301938218867e-06 2.630526624137187680e-04
5.669661689871491394e-06 2.637224302329591020e-04
5.715246664902648928e-06 2.643936167681741048e-04
5.761198150329356332e-06 2.650662260107292828e-04
5.807519092953054468e-06 2.657402619696663782e-04
5.854212463267930706e-06 2.664157286717984538e-04
5.901281255651416637e-06 2.670926301618033508e-04
5.948728488556208743e-06 2.677709705023202376e-04
5.996557204703840842e-06 2.684507537740451273e-04
6.044770471279809133e-06 2.691319840758274267e-04
6.093371380130266803e-06 2.698146655247678932e-04
6.142363047960293264e-06 2.704988022563163219e-04
6.191748616533772749e-06 2.711843984243702621e-04
6.241531252874865340e-06 2.718714582013746555e-04
6.291714149471105979e-06 2.725599857784220706e-04
6.342300524478134881e-06 2.732499853653533165e-04
6.393293621926068635e-06 2.739414611908593043e-04
6.444696711927539967e-06 2.746344175025829614e-04
6.496513090887404466e-06 2.753288585672221769e-04
6.548746081714127818e-06 2.760247886706343186e-04
6.601399034032893368e-06 2.767222121179396116e-04
6.654475324400391038e-06 2.774211332336269566e-04
6.707978356521365537e-06 2.781215563616596395e-04
6.761911561466879812e-06 2.788234858655820711e-04
6.816278397894353875e-06 2.795269261286269604e-04
6.871082352269359538e-06 2.802318815538240603e-04
6.926326939089199839e-06 2.809383565641084251e-04
6.982015701108292650e-06 2.816463556024304026e-04
7.038152209565358468e-06 2.823558831318661688e-04
7.094740064412442029e-06 2.830669436357289670e-04
7.151782894545773679e-06 2.837795416176811599e-04
7.209284358038478125e-06 2.844936816018467699e-04
7.267248142375167831e-06 2.852093681329254831e-04
7.325677964688412597e-06 2.859266057763070325e-04
7.384577571997115801e-06 2.866453991181863942e-04
7.443950741446800712e-06 2.873657527656795808e-04
7.503801280551844119e-06 2.880876713469410601e-04
7.564133027439633584e-06 2.888111595112810657e-04
7.624949851096710130e-06 2.895362219292844800e-04
7.686255651616872661e-06 2.902628632929297710e-04
7.748054360451294938e-06 2.909910883157097185e-04
7.810349940660638154e-06 2.917209017327524107e-04
7.873146387169193856e-06 2.924523083009430004e-04
7.936447727021076680e-06 2.931853127990467615e-04
8.000258019638474536e-06 2.939199200278326887e-04
8.064581357081965546e-06 2.946561348101982888e-04
8.129421864312944102e-06 2.953939619912948600e-04
8.194783699458149250e-06 2.961334064386540190e-04
8.260671054076303889e-06 2.968744730423148229e-04
8.327088153426935924e-06 2.976171667149523563e-04
8.394039256741327163e-06 2.983614923920063712e-04
8.461528657495639091e-06 2.991074550318117715e-04
8.529560683686273118e-06 2.998550596157293128e-04
8.598139698107394149e-06 3.006043111482775503e-04
8.667270098630729279e-06 3.013552146572658704e-04
8.736956318487589112e-06 3.021077751939285519e-04
8.807202826553150649e-06 3.028619978330585570e-04
8.878014127633069522e-06 3.036178876731445201e-04
8.949394762752338559e-06 3.043754498365069776e-04
9.021349309446512955e-06 3.051346894694358450e-04
9.093882382055261401e-06 3.058956117423293573e-04
9.166998632018256713e-06 3.066582218498338768e-04
9.240702748173500839e-06 3.074225250109846228e-04
9.314999457057972424e-06 3.081885264693471596e-04
9.389893523210771434e-06 3.089562314931604574e-04
9.465389749478640550e-06 3.097256453754806569e-04
9.541492977323956515e-06 3.104967734343254859e-04
9.618208087135237162e-06 3.112696210128208969e-04
9.695539998540072656e-06 3.120441934793474347e-04
9.773493670720650352e-06 3.128204962276883924e-04
9.852074102731771615e-06 3.135985346771789982e-04
9.931286333821401279e-06 3.143783142728564140e-04
1.001113544375388525e-05 3.151598404856114700e-04
1.009162655313564994e-05 3.159431188123399650e-04
1.017276482374362739e-05 3.167281547760976532e-04
1.025455545885623007e-05 3.175149539262533873e-04
1.033700370358706654e-05 3.183035218386456779e-04
1.042011484522128814e-05 3.190938641157392520e-04
1.050389421355463252e-05 3.198859863867830754e-04
1.058834718123526071e-05 3.206798943079695679e-04
1.067347916410825904e-05 3.214755935625947399e-04
1.075929562156296832e-05 3.222730898612198472e-04
1.084580205688308292e-05 3.230723889418339123e-04
1.093300401759956024e-05 3.238734965700174398e-04
1.102090709584639155e-05 3.246764185391079189e-04
1.110951692871919841e-05 3.254811606703653820e-04
1.119883919863674466e-05 3.262877288131405635e-04
1.128887963370534694e-05 3.270961288450431148e-04
1.137964400808618543e-05 3.279063666721115521e-04
1.147113814236562499e-05 3.287184482289847234e-04
1.156336790392844154e-05 3.295323794790739258e-04
1.165633920733413007e-05 3.303481664147368650e-04
1.175005801469617882e-05 3.311658150574523212e-04
1.184453033606438952e-05 3.319853314579964939e-04
1.193976222981033494e-05 3.328067216966208112e-04
1.203575980301583360e-05 3.336299918832304440e-04
1.213252921186461954e-05 3.344551481575646626e-04
1.223007666203711726e-05 3.352821966893781156e-04
1.232840840910838623e-05 3.361111436786240057e-04
1.242753075894931133e-05 3.369419953556381333e-04
1.252745006813096278e-05 3.377747579813241319e-04
1.262817274433226464e-05 3.386094378473408187e-04
1.272970524675086510e-05 3.394460412762902494e-04
1.283205408651739994e-05 3.402845746219074533e-04
1.293522582711302557e-05 3.411250442692517412e-04
1.303922708479030463e-05 3.419674566348983921e-04
1.314406452899753560e-05 3.428118181671337009e-04
1.324974488280641468e-05 3.436581353461495392e-04
1.335627492334321109e-05 3.445064146842404082e-04
1.346366148222335770e-05 3.453566627260017401e-04
1.357191144598953982e-05 3.462088860485296616e-04
1.368103175655335515e-05 3.470630912616218429e-04
1.379102941164043974e-05 3.479192850079808395e-04
1.390191146523927179e-05 3.487774739634175430e-04
1.401368502805350758e-05 3.496376648370576128e-04
1.412635726795796469e-05 3.504998643715485050e-04
1.423993541045833391e-05 3.513640793432679641e-04
1.435442673915448087e-05 3.522303165625343584e-04
1.446983859620758805e-05 3.530985828738195630e-04
1.458617838281097129e-05 3.539688851559611923e-04
1.470345355966468932e-05 3.548412303223783025e-04
1.482167164745403599e-05 3.557156253212882856e-04
1.494084022733177484e-05 3.565920771359244149e-04
1.506096694140434783e-05 3.574705927847566969e-04
1.518205949322194995e-05 3.583511793217129403e-04
1.530412564827250872e-05 3.592338438364017761e-04
1.542717323447972597e-05 3.601185934543382804e-04
1.555121014270502620e-05 3.610054353371696507e-04
1.567624432725361978e-05 3.618943766829044065e-04
1.580228380638458790e-05 3.627854247261415354e-04
1.592933666282505870e-05 3.636785867383028918e-04
1.605741104428859813e-05 3.645738700278661920e-04
1.618651516399763625e-05 3.654712819406003401e-04
1.631665730121023696e-05 3.663708298598022722e-04
1.644784580175099795e-05 3.672725212065360771e-04
1.658008907854625352e-05 3.681763634398731470e-04
1.671339561216361765e-05 3.690823640571342800e-04
1.684777395135577240e-05 3.699905305941347095e-04
1.698323271360875904e-05 3.709008706254290802e-04
1.711978058569453500e-05 3.718133917645602719e-04
1.725742632422808768e-05 3.727281016643077907e-04
1.739617875622899028e-05 3.736450080169409840e-04
1.753604677968740607e-05 3.745641185544707928e-04
1.767703936413478875e-05 3.754854410489065443e-04
1.781916555121900087e-05 3.764089833125127457e-04
1.796243445528420614e-05 3.773347531980678288e-04
1.810685526395533230e-05 3.782627585991264188e-04
1.825243723872725372e-05 3.791930074502812228e-04
1.839918971555872752e-05 3.801255077274294189e-04
1.854712210547109335e-05 3.810602674480386104e-04
1.869624389515178779e-05 3.819972946714173347e-04
1.884656464756272410e-05 3.829365974989853007e-04
1.899809400255352026e-05 3.838781840745466071e-04
1.915084167747971793e-05 3.848220625845658353e-04
1.930481746782592421e-05 3.857682412584448458e-04
1.946003124783398820e-05 3.867167283688024483e-04
1.961649297113624626e-05 3.876675322317559144e-04
1.977421267139377147e-05 3.886206612072052560e-04
1.993320046293989506e-05 3.895761236991183160e-04
2.009346654142874229e-05 3.905339281558194912e-04
2.025502118448914185e-05 3.914940830702797565e-04
2.041787475238367850e-05 3.924565969804092911e-04
2.058203768867305488e-05 3.934214784693518935e-04
2.074752052088589131e-05 3.943887361657822700e-04
2.091433386119375681e-05 3.953583787442045694e-04
2.108248840709179395e-05 3.963304149252548756e-04
2.125199494208465973e-05 3.973048534760039710e-04
2.142286433637812792e-05 3.982817032102640574e-04
2.159510754757611929e-05 3.992609729888969947e-04
2.176873562138341707e-05 4.002426717201245992e-04
2.194375969231403045e-05 4.012268083598422496e-04
2.212019098440520267e-05 4.022133919119341185e-04
2.229804081193721964e-05 4.032024314285916566e-04
2.247732058015897838e-05 4.041939360106330532e-04
2.265804178601933216e-05 4.051879148078264370e-04
2.284021601890448355e-05 4.061843770192150277e-04
2.302385496138106605e-05 4.071833318934451077e-04
2.320897038994542948e-05 4.081847887290959449e-04
2.339557417577882065e-05 4.091887568750125336e-04
2.358367828550862882e-05 4.101952457306408850e-04
2.377329478197584157e-05 4.112042647463663519e-04
2.396443582500856211e-05 4.122158234238531465e-04
2.415711367220186231e-05 4.132299313163882498e-04
2.435134067970381235e-05 4.142465980292265129e-04
2.454712930300783600e-05 4.152658332199393905e-04
2.474449209775152027e-05 4.162876465987653553e-04
2.494344172052173381e-05 4.173120479289642152e-04
2.514399092966632161e-05 4.183390470271729483e-04
2.534615258611226771e-05 4.193686537637652243e-04
2.554993965419039692e-05 4.204008780632132033e-04
2.575536520246685630e-05 4.214357299044516102e-04
2.596244240458107805e-05 4.224732193212460928e-04
2.617118454009066775e-05 4.235133564025629345e-04
2.638160499532297068e-05 4.245561512929421286e-04
2.659371726423347866e-05 4.256016141928737587e-04
2.680753494927127080e-05 4.266497553591761145e-04
2.702307176225121678e-05 4.277005851053783609e-04
2.724034152523337332e-05 4.287541138021048874e-04
2.745935817140933972e-05 4.298103518774628565e-04
2.768013574599574215e-05 4.308693098174328417e-04
2.790268840713501925e-05 4.319309981662628807e-04
2.812703042680325517e-05 4.329954275268644258e-04
2.835317619172552734e-05 4.340626085612133366e-04
2.858114020429839994e-05 4.351325519907515223e-04
2.881093708352003725e-05 4.362052685967934633e-04
2.904258156592764880e-05 4.372807692209351184e-04
2.927608850654250721e-05 4.383590647654666802e-04
2.951147287982263314e-05 4.394401661937867402e-04
2.974874978062301564e-05 4.405240845308227974e-04
2.998793442516369621e-05 4.416108308634510062e-04
3.022904215200553047e-05 4.427004163409231359e-04
3.047208842303377295e-05 4.437928521752939085e-04
3.071708882444974603e-05 4.448881496418532165e-04
3.096405906777022356e-05 4.459863200795605078e-04
3.121301499083510540e-05 4.470873748914843760e-04
3.146397255882302674e-05 4.481913255452430714e-04
3.171694786527512629e-05 4.492981835734508132e-04
3.197195713312720665e-05 4.504079605741656187e-04
3.222901671574999923e-05 4.515206682113424462e-04
3.248814309799795370e-05 4.526363182152876377e-04
3.274935289726633504e-05 4.537549223831193260e-04
3.301266286455685879e-05 4.548764925792294668e-04
3.327808988555201346e-05 4.560010407357503173e-04
3.354565098169773796e-05 4.571285788530242747e-04
3.381536331129517939e-05 4.582591190000780525e-04
3.408724417060090070e-05 4.593926733150994579e-04
3.436131099493605341e-05 4.605292540059183985e-04
3.463758135980461017e-05 4.616688733504917914e-04
3.491607298202027774e-05 4.628115436973923220e-04
3.519680372084282893e-05 4.639572774662998581e-04
3.547979157912322339e-05 4.651060871484984484e-04
3.576505470445824229e-05 4.662579853073762484e-04
3.605261139035420993e-05 4.674129845789289149e-04
3.634248007740008014e-05 4.685710976722673384e-04
3.663467935445011115e-05 4.697323373701303077e-04
3.692922795981581712e-05 4.708967165293990727e-04
3.722614478246775879e-05 4.720642480816178693e-04
3.752544886324679386e-05 4.732349450335174811e-04
3.782715939608510543e-05 4.744088204675428661e-04
3.813129572923716452e-05 4.755858875423860425e-04
3.843787736652041652e-05 4.767661594935208706e-04
3.874692396856611838e-05 4.779496496337440163e-04
3.905845535408011674e-05 4.791363713537204129e-04
3.937249150111372936e-05 4.803263381225299157e-04
3.968905254834501458e-05 4.815195634882226848e-04
4.000815879637011709e-05 4.827160610783748384e-04
4.032983070900524568e-05 4.839158446006512626e-04
4.065408891459891023e-05 4.851189278433711309e-04
4.098095420735475678e-05 4.863253246760785740e-04
4.131044754866515652e-05 4.875350490501177410e-04
4.164259006845533867e-05 4.887481149992124133e-04
4.197740306653852121e-05 4.899645366400500650e-04
4.231490801398177525e-05 4.911843281728698251e-04
4.265512655448286687e-05 4.924075038820564581e-04
4.299808050575841545e-05 4.936340781367380302e-04
4.334379186094283965e-05 4.948640653913879668e-04
4.369228278999887061e-05 4.960974801864331818e-04
4.404357564113927981e-05 4.973343371488648081e-04
4.439769294225988258e-05 4.985746509928566271e-04
4.475465740238446119e-05 4.998184365203845814e-04
4.511449191312083475e-05 5.010657086218555040e-04
4.547721955012902484e-05 5.023164822767368226e-04
4.584286357460099496e-05 5.035707725541938538e-04
4.621144743475232296e-05 5.048285946137310003e-04
4.658299476732599627e-05 5.060899637058375016e-04
4.695752939910809263e-05 5.073548951726394732e-04
4.733507534845586817e-05 5.086234044485564995e-04
4.771565682683790051e-05 5.098955070609628888e-04
4.809929824038685600e-05 5.111712186308555415e-04
4.848602419146455587e-05 5.124505548735244212e-04
4.887585948023961914e-05 5.137335315992319152e-04
4.926882910627804142e-05 5.150201647138937140e-04
4.966495827014618108e-05 5.163104702197683638e-04
5.006427237502699291e-05 5.176044642161501796e-04
5.046679702834902840e-05 5.189021629000683394e-04
5.087255804342854799e-05 5.202035825669909649e-04
5.128158144112505035e-05 5.215087396115362494e-04
5.169389345150973079e-05 5.228176505281859716e-04
5.210952051554778355e-05 5.241303319120086584e-04
5.252848928679395169e-05 5.254468004593860000e-04
5.295082663310167698e-05 5.267670729687453377e-04
5.337655963834628335e-05 5.280911663412975708e-04
5.380571560416162486e-05 5.294190975817817876e-04
5.423832205169109254e-05 5.307508837992153160e-04
5.467440672335240412e-05 5.320865422076504966e-04
5.511399758461661718e-05 5.334260901269342750e-04
5.555712282580169771e-05 5.347695449834792862e-04
5.600381086388012228e-05 5.361169243110348306e-04
5.645409034430136770e-05 5.374682457514693432e-04
5.690799014282886797e-05 5.388235270555553555e-04
5.736553936739167574e-05 5.401827860837618307e-04
5.782676735995128905e-05 5.415460408070538710e-04
5.829170369838308769e-05 5.429133093076968708e-04
5.876037819837336173e-05 5.442846097800674993e-04
5.923282091533111911e-05 5.456599605314731410e-04
5.970906214631566833e-05 5.470393799829742628e-04
6.018913243197946810e-05 5.484228866702158889e-04
6.067306255852659627e-05 5.498104992442651466e-04
6.116088355968706165e-05 5.512022364724548842e-04
6.165262671870701293e-05 5.525981172392339024e-04
6.214832357035482446e-05 5.539981605470248836e-04
6.264800590294336362e-05 5.554023855170882838e-04
6.315170576036862303e-05 5.568108113903922967e-04
6.365945544416441910e-05 5.582234575284925754e-04
6.417128751557413984e-05 5.596403434144146642e-04
6.468723479763868777e-05 5.610614886535475986e-04
6.520733037730135008e-05 5.624869129745416240e-04
6.573160760752977199e-05 5.639166362302140472e-04
6.626010010945450487e-05 5.653506783984630019e-04
6.679284177452551147e-05 5.667890595831871769e-04
6.732986676668527304e-05 5.682318000152138939e-04
6.787120952455978564e-05 5.696789200532324966e-04
6.841690476366705295e-05 5.711304401847393415e-04
6.896698747864321078e-05 5.725863810269846317e-04
6.952149294548690692e-05 5.740467633279317189e-04
7.008045672382138050e-05 5.755116079672216098e-04
7.064391465917482381e-05 5.769809359571449530e-04
7.121190288527918903e-05 5.784547684436219415e-04
7.178445782638718251e-05 5.799331267071915381e-04
7.236161619960840871e-05 5.814160321640073157e-04
7.294341501726379657e-05 5.829035063668388259e-04
7.352989158925917553e-05 5.843955710060871715e-04
7.412108352547792001e-05 5.858922479108003619e-04
7.471702873819267583e-05 5.873935590497048227e-04
7.531776544449692750e-05 5.888995265322390744e-04
7.592333216875552556e-05 5.904101726095992283e-04
7.653376774507531226e-05 5.919255196757903376e-04
7.714911131979554750e-05 5.934455902686880478e-04
7.776940235399808080e-05 5.949704070711072951e-04
7.839468062603821802e-05 5.964999929118803288e-04
7.902498623409548310e-05 5.980343707669435148e-04
7.966035959874511526e-05 5.995735637604303206e-04
8.030084146555019310e-05 6.011175951657775265e-04
8.094647290767438563e-05 6.026664884068354483e-04
8.159729532851625188e-05 6.042202670589903041e-04
8.225335046436416738e-05 6.057789548502944942e-04
8.291468038707282631e-05 6.073425756626040384e-04
8.358132750676140060e-05 6.089111535327292393e-04
8.425333457453285449e-05 6.104847126535892492e-04
8.493074468521597312e-05 6.120632773753811656e-04
8.561360128012877706e-05 6.136468722067533544e-04
8.630194814986423069e-05 6.152355218159926515e-04
8.699582943709873242e-05 6.168292510322180696e-04
8.769528963942250577e-05 6.184280848465828527e-04
8.840037361219368027e-05 6.200320484134916018e-04
8.911112657141444942e-05 6.216411670518220620e-04
8.982759409663089141e-05 6.232554662461565597e-04
9.054982213385555801e-05 6.248749716480263413e-04
9.127785699851447161e-05 6.264997090771653445e-04
9.201174537841693118e-05 6.281297045227697161e-04
9.275153433674953652e-05 6.297649841447737007e-04
9.349727131509444453e-05 6.314055742751299759e-04
9.424900413647138296e-05 6.330515014191044057e-04
9.500678100840496683e-05 6.347027922565790349e-04
9.577065052601578586e-05 6.363594736433654921e-04
9.654066167513694369e-05 6.380215726125280408e-04
9.731686383545537099e-05 6.396891163757219192e-04
9.809930678367831923e-05 6.413621323245338474e-04
9.888804069672579400e-05 6.430406480318422678e-04
9.968311615494814177e-05 6.447246912531815963e-04
1.004845841453696711e-04 6.464142899281214360e-04
1.012924960649585115e-04 6.481094721816546816e-04
1.021069037239222493e-04 6.498102663255976574e-04
1.029278593490310208e-04 6.515167008600009904e-04
1.037554155869663280e-04 6.532288044745712154e-04
1.045896255076973123e-04 6.549466060501059339e-04
1.054305426078841192e-04 6.566701346599374293e-04
1.062782208143082187e-04 6.583994195713889670e-04
1.071327144873312007e-04 6.601344902472445391e-04
1.079940784243804572e-04 6.618753763472268485e-04
1.088623678634633259e-04 6.636221077294902557e-04
1.097376384867095717e-04 6.653747144521243500e-04
1.106199464239417319e-04 6.671332267746682551e-04
1.115093482562753182e-04 6.688976751596392451e-04
1.124059010197468419e-04 6.706680902740719871e-04
1.133096622089715049e-04 6.724445029910724190e-04
1.142206897808304637e-04 6.742269443913792180e-04
1.151390421581869721e-04 6.760154457649425073e-04
1.160647782336336964e-04 6.778100386125145973e-04
1.169979573732689098e-04 6.796107546472494008e-04
1.179386394205036683e-04 6.814176257963200627e-04
1.188868846998996292e-04 6.832306842025454800e-04
1.198427540210371726e-04 6.850499622260300490e-04
1.208063086824155474e-04 6.868754924458218445e-04
1.217776104753835384e-04 6.887073076615751353e-04
1.227567216881021435e-04 6.905454408952332824e-04
1.237437051095391133e-04 6.923899253927234560e-04
1.247386240334950414e-04 6.942407946256616514e-04
1.257415422626630640e-04 6.960980822930755950e-04
1.267525241127199077e-04 6.979618223231393590e-04
1.277716344164504651e-04 6.998320488749220714e-04
1.287989385279055747e-04 7.017087963401498528e-04
1.298345023265926794e-04 7.035920993449832576e-04
1.308783922217011519e-04 7.054819927518090261e-04
1.319306751563605799e-04 7.073785116610426795e-04
1.329914186119339633e-04 7.092816914129525816e-04
1.340606906123451979e-04 7.111915675894897463e-04
1.351385597284408759e-04 7.131081760161377039e-04
1.362250950823884596e-04 7.150315527637792802e-04
1.373203663521083107e-04 7.169617341505721579e-04
1.384244437757423921e-04 7.188987567438424355e-04
1.395373981561584770e-04 7.208426573619945580e-04
1.406593008654901918e-04 7.227934730764352337e-04
1.417902238497147885e-04 7.247512412135106866e-04
1.429302396332663978e-04 7.267159993564651591e-04
1.440794213236871752e-04 7.286877853474089560e-04
1.452378426163150658e-04 7.306666372893029678e-04
1.464055777990105737e-04 7.326525935479660714e-04
1.475827017569201767e-04 7.346456927540874092e-04
1.487692899772787730e-04 7.366459738052639301e-04
1.499654185542506168e-04 7.386534758680501824e-04
1.511711641938087974e-04 7.406682383800253450e-04
1.523866042186547789e-04 7.426903010518759798e-04
1.536118165731766743e-04 7.447197038694967821e-04
1.548468798284478507e-04 7.467564870961072680e-04
1.560918731872655151e-04 7.488006912743858101e-04
1.573468764892296324e-04 7.508523572286180921e-04
1.586119702158633683e-04 7.529115260668698502e-04
1.598872354957740001e-04 7.549782391831686128e-04
1.611727541098556505e-04 7.570525382597069084e-04
1.624686084965338987e-04 7.591344652690643372e-04
1.637748817570516726e-04 7.612240624764443891e-04
1.650916576607996749e-04 7.633213724419312101e-04
1.664190206506873846e-04 7.654264380227632832e-04
1.677570558485588369e-04 7.675393023756259736e-04
1.691058490606510119e-04 7.696600089589632643e-04
1.704654867830963233e-04 7.717886015353054305e-04
1.718360562074701284e-04 7.739251241736168786e-04
1.732176452263816877e-04 7.760696212516652367e-04
1.746103424391106610e-04 7.782221374584026964e-04
1.760142371572891672e-04 7.803827177963751100e-04
1.774294194106283500e-04 7.825514075841406283e-04
1.788559799526929475e-04 7.847282524587189138e-04
1.802940102667206388e-04 7.869132983780495689e-04
1.817436025714886348e-04 7.891065916234757177e-04
1.832048498272278655e-04 7.913081788022474292e-04
1.846778457415837883e-04 7.935181068500414027e-04
1.861626847756265267e-04 7.957364230335076507e-04
1.876594621499080102e-04 7.979631749528277819e-04
1.891682738505683363e-04 8.001984105443020164e-04
1.906892166354916805e-04 8.024421780829514876e-04
1.922223880405101554e-04 8.046945261851426619e-04
1.937678863856599830e-04 8.069555038112340931e-04
1.953258107814859125e-04 8.092251602682431263e-04
1.968962611353969230e-04 8.115035452125350440e-04
1.984793381580736947e-04 8.137907086525322711e-04
2.000751433699259822e-04 8.160867009514435281e-04
2.016837791076043324e-04 8.183915728300224755e-04
2.033053485305618931e-04 8.207053753693388260e-04
2.049399556276700789e-04 8.230281600135780796e-04
2.065877052238874448e-04 8.253599785728587147e-04
2.082487029869811972e-04 8.277008832260788693e-04
2.099230554343046507e-04 8.300509265237782010e-04
2.116108699396272404e-04 8.324101613910285871e-04
2.133122547400204800e-04 8.347786411303432554e-04
2.150273189427992406e-04 8.371564194246130207e-04
2.167561725325177827e-04 8.395435503400623624e-04
2.184989263780241981e-04 8.419400883292337988e-04
2.202556922395693616e-04 8.443460882339922117e-04
2.220265827759742661e-04 8.467616052885519390e-04
2.238117115518547932e-04 8.491866951225373683e-04
2.256111930449036221e-04 8.516214137640522059e-04
2.274251426532328528e-04 8.540658176427899434e-04
2.292536767027732257e-04 8.565199635931575531e-04
2.310969124547346243e-04 8.589839088574294321e-04
2.329549681131255062e-04 8.614577110889255242e-04
2.348279628323326682e-04 8.639414283552130768e-04
2.367160167247637874e-04 8.664351191413376726e-04
2.386192508685488079e-04 8.689388423530782207e-04
2.405377873153050506e-04 8.714526573202236327e-04
2.424717490979643667e-04 8.739766237998853856e-04
2.444212602386620914e-04 8.765108019798276487e-04
2.463864457566917803e-04 8.790552524818278767e-04
2.483674316765216656e-04 8.816100363650649415e-04
2.503643450358767589e-04 8.841752151295323089e-04
2.523773138938847612e-04 8.867508507194777788e-04
2.544064673392896526e-04 8.893370055268757504e-04
2.564519354987291971e-04 8.919337423949224740e-04
2.585138495450797205e-04 8.945411246215580810e-04
2.605923417058684361e-04 8.971592159630247193e-04
2.626875452717520676e-04 8.997880806374409504e-04
2.647995946050660547e-04 9.024277833284172386e-04
2.669286251484397857e-04 9.050783891886916063e-04
2.690747734334829550e-04 9.077399638437975982e-04
2.712381770895410911e-04 9.104125733957621697e-04
2.734189748525207462e-04 9.130962844268319814e-04
2.756173065737877056e-04 9.157911640032285333e-04
2.778333132291346407e-04 9.184972796789359333e-04
2.800671369278218375e-04 9.212146994995169640e-04
2.823189209216906206e-04 9.239434920059591810e-04
2.845888096143490932e-04 9.266837262385551645e-04
2.868769485704339883e-04 9.294354717408082490e-04
2.891834845249441322e-04 9.321987985633757665e-04
2.915085653926513184e-04 9.349737772680366847e-04
2.938523402775853970e-04 9.377604789316984924e-04
2.962149594825955819e-04 9.405589751504305407e-04
2.985965745189903095e-04 9.433693380435308846e-04
3.009973381162527745e-04 9.461916402576280374e-04
3.034174042318352324e-04 9.490259549708127563e-04
3.058569280610325038e-04 9.518723558968030050e-04
3.083160660469331073e-04 9.547309172891416595e-04
3.107949758904536585e-04 9.576017139454335702e-04
3.132938165604507363e-04 9.604848212116070183e-04
3.158127483039156356e-04 9.633803149862162638e-04
3.183519326562509236e-04 9.662882717247766196e-04
3.209115324516285820e-04 9.692087684441295578e-04
3.234917118334339095e-04 9.721418827268542198e-04
3.260926362647904690e-04 9.750876927256977916e-04
3.287144725391716619e-04 9.780462771680586802e-04
3.313573887910970330e-04 9.810177153604907226e-04
3.340215545069130350e-04 9.840020871932511973e-04
3.367071405356644319e-04 9.869994731448858069e-04
3.394143191000486442e-04 9.900099542868435847e-04
3.421432638074608417e-04 9.930336122881378794e-04
3.448941496611275070e-04 9.960705294200350966e-04
3.476671530713276574e-04 9.991207885607878911e-04
3.504624518667076322e-04 1.002184473200401970e-03
3.532802253056840274e-04 1.005261667445444098e-03
3.561206540879392735e-04 1.008352456023885657e-03
3.589839203660101855e-04 1.011456924289986983e-03
3.618702077569678011e-04 1.014575158229217037e-03
3.647797013541942022e-04 1.017707244463218839e-03
3.677125877392512215e-04 1.020853270254807417e-03
3.706690549938461312e-04 1.024013323513012002e-03
3.736492927118926881e-04 1.027187492798156600e-03
3.766534920116691048e-04 1.030375867326981977e-03
3.796818455480754440e-04 1.033578536977808630e-03
3.827345475249873427e-04 1.036795592295739008e-03
3.858117937077102971e-04 1.040027124497903748e-03
3.889137814355340191e-04 1.043273225478747596e-03
3.920407096343863219e-04 1.046533987815358906e-03
3.951927788295917410e-04 1.049809504772840352e-03
3.983701911587300085e-04 1.053099870309725161e-03
4.015731503845989918e-04 1.056405179083429570e-03
4.048018619082806844e-04 1.059725526455759705e-03
4.080565327823154013e-04 1.063061008498452503e-03
4.113373717239778341e-04 1.066411721998763475e-03
4.146445891286628825e-04 1.069777764465102820e-03
4.179783970833778452e-04 1.073159234132712095e-03
4.213390093803420560e-04 1.076556229969386196e-03
4.247266415306988970e-04 1.079968851681243919e-03
4.281415107783352017e-04 1.083397199718542318e-03
4.315838361138129285e-04 1.086841375281537032e-03
4.350538382884131016e-04 1.090301480326390108e-03
4.385517398282906131e-04 1.093777617571122917e-03
4.420777650487470937e-04 1.097269890501622420e-03
4.456321400686142102e-04 1.100778403377686027e-03
4.492150928247546520e-04 1.104303261239122187e-03
4.528268530866798335e-04 1.107844569911895644e-03
4.564676524712832795e-04 1.111402436014322136e-03
4.601377244576958215e-04 1.114976966963314919e-03
4.638373044022573452e-04 1.118568270980675522e-03
4.675666295536095901e-04 1.122176457099440883e-03
4.713259390679113000e-04 1.125801635170276243e-03
4.751154740241732874e-04 1.129443915867919639e-03
4.789354774397207824e-04 1.133103410697679746e-03
4.827861942857765085e-04 1.136780232001984459e-03
4.866678715031702292e-04 1.140474492966980433e-03
4.905807580181756897e-04 1.144186307629182706e-03
4.945251047584714281e-04 1.147915790882185049e-03
4.985011646692358647e-04 1.151663058483416496e-03
5.025091927293659369e-04 1.155428227060951865e-03
5.065494459678293072e-04 1.159211414120381051e-03
5.106221834801473805e-04 1.163012738051727533e-03
5.147276664450092928e-04 1.166832318136424781e-03
5.188661581410231602e-04 1.170670274554349915e-03
5.230379239635985162e-04 1.174526728390905489e-03
5.272432314419656834e-04 1.178401801644167858e-03
5.314823502563328396e-04 1.182295617232085629e-03
5.357555522551781749e-04 1.186208298999732753e-03
5.400631114726858143e-04 1.190139971726627980e-03
5.444053041463176989e-04 1.194090761134106778e-03
5.487824087345284738e-04 1.198060793892749640e-03
5.531947059346231654e-04 1.202050197629874135e-03
5.576424787007561298e-04 1.206059100937081820e-03
5.621260122620791878e-04 1.210087633377869782e-03
5.666455941410310313e-04 1.214135925495300923e-03
5.712015141717761415e-04 1.218204108819730862e-03
5.757940645187920254e-04 1.222292315876600957e-03
5.804235396956032534e-04 1.226400680194291619e-03
5.850902365836709723e-04 1.230529336312035250e-03
5.897944544514295432e-04 1.234678419787900959e-03
5.945364949734791970e-04 1.238848067206827419e-03
5.993166622499317793e-04 1.243038416188733345e-03
6.041352628259105597e-04 1.247249605396680673e-03
6.089926057112114797e-04 1.251481774545118181e-03
6.138890024001175975e-04 1.255735064408168913e-03
6.188247668913750797e-04 1.260009616828002390e-03
6.238002157083304133e-04 1.264305574723262760e-03
6.288156679192256947e-04 1.268623082097565047e-03
6.338714451576640298e-04 1.272962284048059691e-03
6.389678716432326856e-04 1.277323326774068221e-03
6.441052742022958114e-04 1.281706357585780725e-03
6.492839822889536925e-04 1.286111524913024010e-03
6.545043280061675628e-04 1.290538978314103701e-03
6.597666461270608159e-04 1.294988868484709668e-03
6.650712741163851242e-04 1.299461347266897115e-03
6.704185521521618734e-04 1.303956567658133385e-03
6.758088231474982614e-04 1.308474683820422821e-03
6.812424327725748099e-04 1.313015851089497331e-03
6.867197294768172993e-04 1.317580225984082845e-03
6.922410645112384887e-04 1.322167966215239939e-03
6.978067919509661028e-04 1.326779230695774702e-03
7.034172687179452658e-04 1.331414179549725296e-03
7.090728546038324066e-04 1.336072974121925482e-03
7.147739122930645873e-04 1.340755776987641876e-03
7.205208073861190006e-04 1.345462751962287753e-03
7.263139084229593839e-04 1.350194064111210138e-03
7.321535869066668565e-04 1.354949879759560598e-03
7.380402173272675387e-04 1.359730366502238247e-03
7.439741771857464377e-04 1.364535693213910373e-03
7.499558470182557304e-04 1.369366030059124143e-03
7.559856104205189614e-04 1.374221548502478369e-03
7.620638540724279045e-04 1.379102421318891556e-03
7.681909677628439041e-04 1.384008822603940200e-03
7.743673444145914454e-04 1.388940927784290983e-03
7.805933801096563143e-04 1.393898913628200190e-03
7.868694741145872617e-04 1.398882958256108091e-03
7.931960289060965104e-04 1.403893241151304896e-03
7.995734501968749337e-04 1.408929943170697963e-03
8.060021469616067283e-04 1.413993246555642980e-03
8.124825314631969149e-04 1.419083334942877056e-03
8.190150192792105838e-04 1.424200393375530315e-03
8.256000293285194408e-04 1.429344608314222706e-03
8.322379838981713721e-04 1.434516167648252098e-03
8.389293086704680685e-04 1.439715260706869336e-03
8.456744327502639354e-04 1.444942078270643714e-03
8.524737886924854203e-04 1.450196812582910198e-03
8.593278125298658802e-04 1.455479657361314228e-03
8.662369438009137699e-04 1.460790807809446944e-03
8.732016255780948501e-04 1.466130460628568659e-03
8.802223044962482600e-04 1.471498814029422115e-03
8.872994307812282107e-04 1.476896067744148944e-03
8.944334582787734703e-04 1.482322423038284634e-03
9.016248444836164576e-04 1.487778082722862778e-03
9.088740505688190424e-04 1.493263251166603023e-03
9.161815414153468701e-04 1.498778134308198983e-03
9.235477856418832952e-04 1.504322939668705254e-03
9.309732556348767436e-04 1.509897876364014405e-03
9.384584275788401516e-04 1.515503155117441754e-03
9.460037814868842675e-04 1.521138988272396648e-03
9.536098012315009703e-04 1.526805589805167165e-03
9.612769745755942201e-04 1.532503175337790024e-03
9.690057932037560379e-04 1.538231962151033689e-03
9.767967527538029115e-04 1.543992169197476016e-03
9.846503528485569048e-04 1.549784017114688153e-03
9.925670971278860010e-04 1.555607728238521652e-03
1.000547493281003135e-03 1.561463526616492514e-03
1.008592053079020992e-03 1.567351638021279286e-03
1.016701292407773839e-03 1.573272289964326980e-03
1.024875731300900006e-03 1.579225711709542285e-03
1.033115893973189777e-03 1.585212134287123428e-03
1.041422308854203895e-03 1.591231790507467670e-03
1.049795508622157697e-03 1.597284914975205441e-03
1.058236030238086283e-03 1.603371744103345917e-03
1.066744414980274648e-03 1.609492516127525178e-03
1.075321208478971675e-03 1.615647471120365379e-03
1.083966960751380154e-03 1.621836851005951669e-03
1.092682226236924578e-03 1.628060899574420130e-03
1.101467563832813409e-03 1.634319862496656957e-03
1.110323536929875860e-03 1.640613987339118634e-03
1.119250713448693372e-03 1.646943523578763349e-03
1.128249665876015139e-03 1.653308722618087364e-03
1.137320971301477874e-03 1.659709837800314898e-03
1.146465211454608538e-03 1.666147124424657410e-03
1.155682972742131092e-03 1.672620839761735072e-03
1.164974846285574215e-03 1.679131243069088451e-03
1.174341427959172627e-03 1.685678595606828313e-03
1.183783318428087818e-03 1.692263160653403181e-03
1.193301123186923029e-03 1.698885203521487228e-03
1.202895452598553303e-03 1.705544991573989828e-03
1.212566921933268867e-03 1.712242794240201923e-03
1.222316151408226652e-03 1.718978883032048219e-03
1.232143766227231183e-03 1.725753531560487043e-03
1.242050396620822958e-03 1.732567015552025341e-03
1.252036677886695553e-03 1.739419612865360535e-03
1.262103250430436901e-03 1.746311603508162672e-03
1.272250759806594538e-03 1.753243269653975180e-03
1.282479856760079546e-03 1.760214895659259829e-03
1.292791197267892942e-03 1.767226768080557269e-03
1.303185442581195324e-03 1.774279175691798917e-03
1.313663259267711320e-03 1.781372409501741578e-03
1.324225319254472956e-03 1.788506762771539544e-03
1.334872299870914093e-03 1.795682531032459159e-03
1.345604883892303344e-03 1.802900012103724348e-03
1.356423759583530887e-03 1.810159506110503537e-03
1.367329620743245244e-03 1.817461315502031001e-03
1.378323166748342656e-03 1.824805745069878280e-03
1.389405102598824208e-03 1.832193101966364795e-03
1.400576138963000126e-03 1.839623695723101391e-03
1.411836992223066377e-03 1.847097838269690009e-03
1.423188384521046224e-03 1.854615843952567115e-03
1.434631043805095199e-03 1.862178029553977461e-03
1.446165703876190096e-03 1.869784714311123041e-03
1.457793104435182703e-03 1.877436219935427631e-03
1.469513991130236459e-03 1.885132870631985209e-03
1.481329115604644543e-03 1.892874993119123515e-03
1.493239235545027431e-03 1.900662916648149757e-03
1.505245114729929223e-03 1.908496973023230108e-03
1.517347523078793224e-03 1.916377496621424464e-03
1.529547236701336074e-03 1.924304824412898136e-03
1.541845037947320437e-03 1.932279295981246744e-03
1.554241715456721471e-03 1.940301253544021460e-03
1.566738064210307022e-03 1.948371041973395636e-03
1.579334885580615079e-03 1.956489008816981057e-03
1.592032987383344960e-03 1.964655504318819825e-03
1.604833183929164171e-03 1.972870881440538880e-03
1.617736296075920769e-03 1.981135495882647198e-03
1.630743151281295253e-03 1.989449706106027286e-03
1.643854583655855999e-03 1.997813873353572380e-03
1.657071434016552493e-03 2.006228361671996696e-03
1.670394549940636608e-03 2.014693537933807434e-03
1.683824785820010406e-03 2.023209771859460666e-03
1.697363002916026922e-03 2.031777436039675089e-03
1.711010069414714216e-03 2.040396905957919237e-03
1.724766860482453710e-03 2.049068560013081290e-03
1.738634258322103044e-03 2.057792779542303666e-03
1.752613152229567147e-03 2.066569948843989361e-03
1.766704438650833773e-03 2.075400455201007778e-03
1.780909021239456816e-03 2.084284688904053644e-03
1.795227810914507569e-03 2.093223043275197620e-03
1.809661725918991753e-03 2.102215914691616880e-03
1.824211691878729067e-03 2.111263702609510445e-03
1.838878641861721929e-03 2.120366809588195359e-03
1.853663516437985010e-03 2.129525641314385879e-03
1.868567263739864814e-03 2.138740606626665652e-03
1.883590839522841960e-03 2.148012117540139872e-03
1.898735207226818740e-03 2.157340589271286059e-03
1.914001338037910191e-03 2.166726440262986553e-03
1.929390210950720011e-03 2.176170092209759634e-03
1.944902812831124329e-03 2.185671970083183629e-03
1.960540138479551810e-03 2.195232502157511405e-03
1.976303190694788086e-03 2.204852120035481755e-03
1.992192980338279139e-03 2.214531258674340246e-03
2.008210526398955097e-03 2.224270356412043088e-03
2.024356856058580085e-03 2.234069854993671334e-03
2.040633004757617507e-03 2.243930199598042838e-03
2.057040016261638300e-03 2.253851838864539322e-03
2.073578942728255235e-03 2.263835224920112115e-03
2.090250844774590652e-03 2.273880813406537263e-03
2.107056791545301039e-03 2.283989063507835433e-03
2.123997860781126797e-03 2.294160437977927312e-03
2.141075138888020538e-03 2.304395403168488492e-03
2.158289721006808812e-03 2.314694429057032043e-03
2.175642711083422814e-03 2.325057989275193613e-03
2.193135221939694623e-03 2.335486561137228162e-03
2.210768375344715486e-03 2.345980625668736552e-03
2.228543302086780434e-03 2.356540667635608540e-03
2.246461142045901461e-03 2.367167175573182611e-03
2.264523044266904869e-03 2.377860641815629159e-03
2.282730167033120150e-03 2.388621562525557445e-03
2.301083677940652175e-03 2.399450437723858048e-03
2.319584753973268770e-03 2.410347771319756513e-03
2.338234581577871597e-03 2.421314071141106392e-03
2.357034356740581559e-03 2.432349848964915611e-03
2.375985285063439596e-03 2.443455620548093572e-03
2.395088581841711608e-03 2.454631905658440690e-03
2.414345472141833909e-03 2.465879228105884689e-03
2.433757190879970184e-03 2.477198115773925069e-03
2.453324982901203787e-03 2.488589100651349487e-03
2.473050103059371875e-03 2.500052718864165247e-03
2.492933816297527531e-03 2.511589510707790129e-03
2.512977397729072339e-03 2.523200020679484349e-03
2.533182132719519111e-03 2.534884797511025370e-03
2.553549316968921172e-03 2.546644394201632092e-03
2.574080256594969088e-03 2.558479368051135797e-03
2.594776268216737476e-03 2.570390280693413913e-03
2.615638679039133507e-03 2.582377698130073132e-03
2.636668826937998544e-03 2.594442190764366732e-03
2.657868060545907560e-03 2.606584333435416762e-03
2.679237739338656381e-03 2.618804705452641365e-03
2.700779233722434142e-03 2.631103890630477442e-03
2.722493925121718256e-03 2.643482477323363077e-03
2.744383206067855900e-03 2.655941058460969777e-03
2.766448480288364545e-03 2.668480231583721801e-03
2.788691162796956731e-03 2.681100598878561822e-03
2.811112679984270439e-03 2.693802767215009320e-03
2.833714469709356244e-03 2.706587348181472251e-03
2.856497981391877428e-03 2.719454958121850143e-03
2.879464676105058640e-03 2.732406218172400876e-03
2.902616026669387842e-03 2.745441754298901492e-03
2.925953517747053798e-03 2.758562197334062278e-03
2.949478645937171108e-03 2.771768183015257871e-03
2.973192919871745551e-03 2.785060352022518566e-03
2.997097860312422646e-03 2.798439350016815666e-03
3.021195000248012939e-03 2.811905827678640862e-03
3.045485884992792710e-03 2.825460440746861007e-03
3.069972072285615666e-03 2.839103850057893806e-03
3.094655132389800053e-03 2.852836721585146756e-03
3.119536648193831085e-03 2.866659726478778310e-03
3.144618215312858754e-03 2.880573541105735727e-03
3.169901442191041304e-03 2.894578847090129893e-03
3.195387950204675413e-03 2.908676331353863415e-03
3.221079373766182457e-03 2.922866686157608689e-03
3.246977360428919632e-03 2.937150609142084347e-03
3.273083570992823318e-03 2.951528803369612292e-03
3.299399679610933670e-03 2.966001977366032518e-03
