2.497382406435652939e-25 9.768325619515944397e-18
1.592405960127358361e-24 3.089015920155193588e-17
1.015365822756892167e-23 9.768326876420302874e-17
6.474277161963938908e-23 3.089016721595150065e-16
4.128193389070159467e-22 9.768331986641967382e-16
2.632259977636328568e-21 3.089019980025807047e-15
1.678407946733001633e-20 9.768352763373603653e-15
1.070203270037972128e-19 3.089033227893325649e-14
6.823937180644061677e-19 9.768437235752100315e-14
4.351147109064984495e-18 3.089087090016611440e-13
1.915297948882004416e-17 7.759322488683919743e-13
8.060281057525431301e-17 1.949163039787816667e-12
3.231548868885900942e-16 4.896382250613372468e-12
4.345363206717196250e-16 6.163781780305984805e-12
1.185699981296668146e-15 1.229732179640797847e-11
3.167099671296256822e-15 2.454290871984140256e-11
8.312293945536222779e-15 4.898397135859626299e-11
2.151611673377367987e-14 9.773430848120292535e-11
5.516190296262407946e-14 1.950308160666369755e-10
7.219962673568143336e-14 2.455395918119563429e-10
1.345996703506809824e-13 3.892770603306517574e-10
2.502777173064534741e-13 6.169465998965407740e-10
3.411676113431318569e-13 7.768626451909397954e-10
4.161104603351930561e-13 9.006720410829545173e-10
5.668224300832851639e-13 1.192414995932578561e-09
1.051017683769589897e-12 1.890432911212288601e-09
1.946696275912857264e-12 3.094630240399093478e-09
3.604197434436283020e-12 4.906521065391501087e-09
4.678350727597027810e-12 5.964785761620009416e-09
6.363945126095426008e-12 7.510858710852283575e-09
8.659328086403540721e-12 9.798092857573101657e-09
1.177437263656969924e-11 1.233578754396143564e-08
1.601314678573479096e-11 1.553407705195085344e-08
2.068158225216417963e-11 1.881943995759334440e-08
2.812629084553211013e-11 2.462793118627416045e-08
3.823985723652250255e-11 3.101071367919697201e-08
4.915490723856361436e-11 3.744047090307774978e-08
6.683712298751739095e-11 4.918310976261355027e-08
9.088989403667837668e-11 6.194746997419662658e-08
1.198094057756214983e-10 7.622496704508910767e-08
1.235276287134856064e-10 8.111821537560480725e-08
1.679810496150610554e-10 1.052041443179145334e-07
2.145827771029579730e-10 1.264403182978826954e-07
2.389577941400671919e-10 1.370814666799720085e-07
2.718434103460653354e-10 1.558050328926489486e-07
3.695913600236930604e-10 2.029070399259184632e-07
4.805596579248377059e-10 2.471473550088626382e-07
6.228436556804378813e-10 3.112918511513913844e-07
6.449051117784316288e-10 3.195404339442749206e-07
6.519284217721749412e-10 3.221516175955882510e-07
6.901021772675798839e-10 3.362246542759246589e-07
7.517420508597271333e-10 3.585491157042282318e-07
7.842145311837404764e-10 3.701260768930860222e-07
8.123077711587138292e-10 3.800461204279264704e-07
8.948523203792971162e-10 4.248355205313744057e-07
1.780367769825735293e-09 1.571243743291283042e-06
2.831798589477310162e-09 2.360915204371286954e-06
4.352717025416528164e-09 3.331634749736530039e-06
6.442936706730940560e-09 4.497300351158025239e-06
9.210451352971400048e-09 5.875749191388290656e-06
1.726412223638507203e-08 9.359364509061765243e-06
2.961440629244172500e-08 1.399035730184682620e-05
4.760234259406434222e-08 2.000744564924680080e-05
7.280858902572716169e-08 2.762541866450402925e-05
1.069774052811704485e-07 3.692082460755834189e-05
1.786399553702715184e-07 5.352425790188030335e-05
3.179080611873818725e-07 7.810458603098302793e-05
4.169532575344421554e-07 9.195064971249766836e-05
4.437988271458211392e-07 9.546604737380116803e-05
8.192319285407806845e-07 1.258634192745901824e-04
1.241225397075504924e-06 1.506163892455801947e-04
1.251205045214794179e-06 1.511024771469716911e-04
1.261264931300566517e-06 1.515891700215234324e-04
1.271405700458578708e-06 1.520764684535683478e-04
1.281628003001499861e-06 1.525643730424096507e-04
1.291932494470615949e-06 1.530528844023276150e-04
1.302319835677868677e-06 1.535420031625867033e-04
1.312790692748231703e-06 1.540317299674427774e-04
1.323345737162428622e-06 1.545220654761506876e-04
1.333985645799994429e-06 1.550130103629721869e-04
1.344711100982681722e-06 1.555045653171837922e-04
1.355522790518218000e-06 1.559967310430853218e-04
1.366421407744414268e-06 1.564895082600082168e-04
1.377407651573626011e-06 1.569828977023245674e-04
1.388482226537574573e-06 1.574769001194561654e-04
1.399645842832527899e-06 1.579715162758839103e-04
1.410899216364843801e-06 1.584667469511573498e-04
1.422243068796879776e-06 1.589625929399047090e-04
1.433678127593274045e-06 1.594590550518431627e-04
1.445205126067593557e-06 1.599561341117892175e-04
1.456824803429362957e-06 1.604538309596696341e-04
1.468537904831468783e-06 1.609521464505324058e-04
1.480345181417943348e-06 1.614510814545581962e-04
1.492247390372136137e-06 1.619506368570722385e-04
1.504245294965269974e-06 1.624508135585559095e-04
1.516339664605389148e-06 1.629516124746595773e-04
1.528531274886699717e-06 1.634530345362147712e-04
1.540820907639308133e-06 1.639550806892474367e-04
1.553209350979357964e-06 1.644577518949911620e-04
1.565697399359570872e-06 1.649610491299007041e-04
1.578285853620194160e-06 1.654649733856659746e-04
1.590975521040356383e-06 1.659695256692263784e-04
1.603767215389839267e-06 1.664747070027852878e-04
1.616661756981260448e-06 1.669805184238251400e-04
1.629659972722681417e-06 1.674869609851227243e-04
1.642762696170634324e-06 1.679940357547646593e-04
1.655970767583578438e-06 1.685017438161636556e-04
1.669285033975782666e-06 1.690100862680747249e-04
1.682706349171645352e-06 1.695190642246119307e-04
1.696235573860446702e-06 1.700286788152654378e-04
1.709873575651545044e-06 1.705389311849192112e-04
1.723621229130015464e-06 1.710498224938684453e-04
1.737479415912734183e-06 1.715613539178380764e-04
1.751449024704917584e-06 1.720735266480012953e-04
1.765530951357110589e-06 1.725863418909984669e-04
1.779726098922639210e-06 1.730998008689566459e-04
1.794035377715520496e-06 1.736139048195090104e-04
1.808459705368838986e-06 1.741286549958154088e-04
1.823000006893595805e-06 1.746440526665825517e-04
1.837657214738025324e-06 1.751600991160852361e-04
1.852432268847392718e-06 1.756767956441874601e-04
1.867326116724272646e-06 1.761941435663643774e-04
1.882339713489309040e-06 1.767121442137242803e-04
1.897474021942466599e-06 1.772307989330314216e-04
1.912730012624774830e-06 1.777501090867288644e-04
1.928108663880564433e-06 1.782700760529618467e-04
1.943610961920211264e-06 1.787907012256019317e-04
1.959237900883376238e-06 1.793119860142710232e-04
1.974990482902761501e-06 1.798339318443661938e-04
1.990869718168373549e-06 1.803565401570848923e-04
2.006876624992305997e-06 1.808798124094505313e-04
2.023012229874043286e-06 1.814037500743384806e-04
2.039277567566286573e-06 1.819283546405027388e-04
2.055673681141313255e-06 1.824536276126026858e-04
2.072201622057865050e-06 1.829795705112307030e-04
2.088862450228579860e-06 1.835061848729398746e-04
2.105657234087958543e-06 1.840334722502725293e-04
2.122587050660885648e-06 1.845614342117888630e-04
2.139652985631694779e-06 1.850900723420964295e-04
2.156856133413793866e-06 1.856193882418796304e-04
2.174197597219846070e-06 1.861493835279303712e-04
2.191678489132519489e-06 1.866800598331782560e-04
2.209299930175802669e-06 1.872114188067223008e-04
2.227063050386893560e-06 1.877434621138624295e-04
2.244968988888666575e-06 1.882761914361316474e-04
2.263018893962726642e-06 1.888096084713288111e-04
2.281213923123040926e-06 1.893437149335517244e-04
2.299555243190173648e-06 1.898785125532310731e-04
2.318044030366110011e-06 1.904140030771644693e-04
2.336681470309683632e-06 1.909501882685512273e-04
2.355468758212615543e-06 1.914870699070277084e-04
2.374407098876152880e-06 1.920246497887028554e-04
2.393497706788337775e-06 1.925629297261948934e-04
2.412741806201887369e-06 1.931019115486678941e-04
2.432140631212703187e-06 1.936415971018690997e-04
2.451695425839013230e-06 1.941819882481670052e-04
2.471407444101148511e-06 1.947230868665898479e-04
2.491277950101960777e-06 1.952648948528643133e-04
2.511308218107889499e-06 1.958074141194554336e-04
2.531499532630676407e-06 1.963506465956065135e-04
2.551853188509740293e-06 1.968945942273797069e-04
2.572370490995214190e-06 1.974392589776974326e-04
2.593052755831647901e-06 1.979846428263841711e-04
2.613901309342384757e-06 1.985307477702085853e-04
2.634917488514617705e-06 1.990775758229266178e-04
2.656102641085126830e-06 1.996251290153251300e-04
2.677458125626710171e-06 2.001734093952657579e-04
2.698985311635304450e-06 2.007224190277297443e-04
2.720685579617810104e-06 2.012721599948631766e-04
2.742560321180620633e-06 2.018226343960228761e-04
2.764610939118865982e-06 2.023738443478228285e-04
2.786838847506369146e-06 2.029257919841814014e-04
2.809245471786330352e-06 2.034784794563687237e-04
2.831832248862736748e-06 2.040319089330554204e-04
2.854600627192513651e-06 2.045860826003610764e-04
2.877552066878405948e-06 2.051410026619041645e-04
2.900688039762615046e-06 2.056966713388519181e-04
2.924010029521188414e-06 2.062530908699713430e-04
2.947519531759160438e-06 2.068102635116804465e-04
2.971218054106467470e-06 2.073681915381004953e-04
2.995107116314628593e-06 2.079268772411085723e-04
3.019188250354204803e-06 2.084863229303910554e-04
3.043463000513042132e-06 2.090465309334975830e-04
3.067932923495305043e-06 2.096075035958957253e-04
3.092599588521303919e-06 2.101692432810263055e-04
3.117464577428130207e-06 2.107317523703594803e-04
3.142529484771093688e-06 2.112950332634512811e-04
3.167795917925981807e-06 2.118590883780010494e-04
3.193265497192136378e-06 2.124239201499095501e-04
3.218939855896360388e-06 2.129895310333374643e-04
3.244820640497665480e-06 2.135559235007651016e-04
3.270909510692850797e-06 2.141231000430521400e-04
3.297208139522940296e-06 2.146910631694986930e-04
3.323718213480473023e-06 2.152598154079069469e-04
3.350441432617653550e-06 2.158293593046429603e-04
3.377379510655374433e-06 2.163996974246999000e-04
3.404534175093113231e-06 2.169708323517616027e-04
3.431907167319720181e-06 2.175427666882671386e-04
3.459500242725083396e-06 2.181155030554756205e-04
3.487315170812703361e-06 2.186890440935323121e-04
3.515353735313167812e-06 2.192633924615350360e-04
3.543617734298540153e-06 2.198385508376016922e-04
3.572108980297669859e-06 2.204145219189382375e-04
3.600829300412420222e-06 2.209913084219074784e-04
3.629780536434843502e-06 2.215689130820988118e-04
3.658964544965292043e-06 2.221473386543985906e-04
3.688383197531475111e-06 2.227265879130611382e-04
3.718038380708485157e-06 2.233066636517809294e-04
3.747931996239771905e-06 2.238875686837650428e-04
3.778065961159104089e-06 2.244693058418066958e-04
3.808442207913504004e-06 2.250518779783598387e-04
3.839062684487174350e-06 2.256352879656138284e-04
3.869929354526416118e-06 2.262195386955697296e-04
3.901044197465559511e-06 2.268046330801168592e-04
3.932409208653898614e-06 2.273905740511101442e-04
3.964026399483646728e-06 2.279773645604488076e-04
3.995897797518934407e-06 2.285650075801555969e-04
4.028025446625821395e-06 2.291535061024562283e-04
4.060411407103380049e-06 2.297428631398610818e-04
4.093057755815807926e-06 2.303330817252464079e-04
4.125966586325619466e-06 2.309241649119368625e-04
4.159140009027902421e-06 2.315161157737894240e-04
4.192580151285653382e-06 2.321089374052770125e-04
4.226289157566205143e-06 2.327026329215743856e-04
4.260269189578745890e-06 2.332972054586436280e-04
4.294522426412946306e-06 2.338926581733212940e-04
4.329051064678701373e-06 2.344889942434064990e-04
4.363857318646997031e-06 2.350862168677492008e-04
4.398943420391907633e-06 2.356843292663401339e-04
4.434311619933737731e-06 2.362833346804013405e-04
4.469964185383305675e-06 2.368832363724775148e-04
4.505903403087402879e-06 2.374840376265284850e-04
4.542131577775406761e-06 2.380857417480225632e-04
4.578651032707084601e-06 2.386883520640308714e-04
4.615464109821579859e-06 2.392918719233222901e-04
4.652573169887594508e-06 2.398963046964598710e-04
4.689980592654783464e-06 2.405016537758980087e-04
4.727688777006367055e-06 2.411079225760802088e-04
4.765700141112961525e-06 2.417151145335385361e-04
4.804017122587661443e-06 2.423232331069934966e-04
4.842642178642351165e-06 2.429322817774550044e-04
4.881577786245289389e-06 2.435422640483244315e-04
4.920826442279947310e-06 2.441531834454978788e-04
4.960390663705137657e-06 2.447650435174699335e-04
5.000272987716415130e-06 2.453778478354387018e-04
5.040475971908792274e-06 2.459915999934123043e-04
5.081002194440742848e-06 2.466063036083157513e-04
5.121854254199548582e-06 2.472219623200988753e-04
5.163034770967950370e-06 2.478385797918457810e-04
5.204546385592156409e-06 2.484561597098854341e-04
5.246391760151197964e-06 2.490747057839023579e-04
5.288573578127639544e-06 2.496942217470494996e-04
5.331094544579670584e-06 2.503147113560615826e-04
5.373957386314574405e-06 2.509361783913697077e-04
5.417164852063594779e-06 2.515586266572170365e-04
5.460719712658209410e-06 2.521820599817754523e-04
5.504624761207819665e-06 2.528064822172639003e-04
5.548882813278866699e-06 2.534318972400666204e-04
5.593496707075389233e-06 2.540583089508543059e-04
5.638469303621035687e-06 2.546857212747044509e-04
5.683803486942534059e-06 2.553141381612244066e-04
5.729502164254646653e-06 2.559435635846748179e-04
5.775568266146597790e-06 2.565740015440943068e-04
5.822004746770013484e-06 2.572054560634255650e-04
5.868814584028365439e-06 2.578379311916424222e-04
5.916000779767935478e-06 2.584714310028779992e-04
5.963566359970330879e-06 2.591059595965546493e-04
6.011514374946523538e-06 2.597415210975141707e-04
6.059847899532467137e-06 2.603781196561504052e-04
6.108570033286282187e-06 2.610157594485418894e-04
6.157683900687026702e-06 2.616544446765862965e-04
6.207192651335064389e-06 2.622941795681367743e-04
6.257099460154042192e-06 2.629349683771381755e-04
6.307407527594492450e-06 2.635768153837654559e-04
6.358120079839078297e-06 2.642197248945634823e-04
6.409240369009478072e-06 2.648637012425874367e-04
6.460771673374941771e-06 2.655087487875452804e-04
6.512717297562526316e-06 2.661548719159407064e-04
6.565080572769006262e-06 2.668020750412183678e-04
6.617864856974507364e-06 2.674503626039095947e-04
6.671073535157843522e-06 2.680997390717799003e-04
6.724710019513592702e-06 2.687502089399775159e-04
6.778777749670918568e-06 2.694017767311840958e-04
6.833280192914145494e-06 2.700544469957657460e-04
6.888220844405109792e-06 2.707082243119257343e-04
6.943603227407299874e-06 2.713631132858592603e-04
6.999430893511801447e-06 2.720191185519088757e-04
7.055707422865050271e-06 2.726762447727216934e-04
7.112436424398428912e-06 2.733344966394077357e-04
7.169621536059694773e-06 2.739938788716999077e-04
7.227266425046278385e-06 2.746543962181159778e-04
7.285374788040461254e-06 2.753160534561207196e-04
7.343950351446427348e-06 2.759788553922907107e-04
7.402996871629245823e-06 2.766428068624799991e-04
7.462518135155748554e-06 2.773079127319879374e-04
7.522517959037366017e-06 2.779741778957273970e-04
7.583000190974898627e-06 2.786416072783955838e-04
7.643968709605272689e-06 2.793102058346458847e-04
7.705427424750268232e-06 2.799799785492616106e-04
7.767380277667247537e-06 2.806509304373304447e-04
7.829831241301904687e-06 2.813230665444218181e-04
7.892784320543043761e-06 2.819963919467646644e-04
7.956243552479405997e-06 2.826709117514273435e-04
8.020213006658567112e-06 2.833466310964992993e-04
8.084696785347906452e-06 2.840235551512738563e-04
8.149699023797680184e-06 2.847016891164331305e-04
8.215223890506206982e-06 2.853810382242344575e-04
8.281275587487193316e-06 2.860616077386980683e-04
8.347858350539196661e-06 2.867434029557973125e-04
8.414976449517267264e-06 2.874264292036499656e-04
8.482634188606760016e-06 2.881106918427111087e-04
8.550835906599365551e-06 2.887961962659681765e-04
8.619585977171335156e-06 2.894829478991379026e-04
8.688888809163974037e-06 2.901709522008639151e-04
8.758748846866369061e-06 2.908602146629177482e-04
8.829170570300388235e-06 2.915507408104001780e-04
8.900158495507987506e-06 2.922425362019451071e-04
8.971717174840804552e-06 2.929356064299252376e-04
9.043851197252114092e-06 2.936299571206592621e-04
9.116565188591088835e-06 2.943255939346213317e-04
9.189863811899472761e-06 2.950225225666518246e-04
9.263751767710582064e-06 2.957207487461703923e-04
9.338233794350781113e-06 2.964202782373912275e-04
9.413314668243321644e-06 2.971211168395391459e-04
9.488999204214640040e-06 2.978232703870688659e-04
9.565292255803160127e-06 2.985267447498853185e-04
9.642198715570494776e-06 2.992315458335661799e-04
9.719723515415244506e-06 2.999376795795868434e-04
9.797871626889250785e-06 3.006451519655465839e-04
9.876648061516402294e-06 3.013539690053971079e-04
9.956057871114048350e-06 3.020641367496737051e-04
1.003610614811693650e-05 3.027756612857272138e-04
1.011679802590379452e-05 3.034885487379590757e-04
1.019813867912653830e-05 3.042028052680579089e-04
1.028013332404207829e-05 3.049184370752388998e-04
1.036278721884687892e-05 3.056354503964840621e-04
1.044610566401411330e-05 3.063538515067860198e-04
1.053009400263360800e-05 3.070736467193927116e-04
1.061475762075447808e-05 3.077948423860555650e-04
1.070010194773050982e-05 3.085174448972783745e-04
1.078613245656836922e-05 3.092414606825696498e-04
1.087285466427853788e-05 3.099668962106965362e-04
1.096027413222914919e-05 3.106937579899412280e-04
1.104839646650261798e-05 3.114220525683593886e-04
1.113722731825512300e-05 3.121517865340410632e-04
1.122677238407906079e-05 3.128829665153743571e-04
1.131703740636830494e-05 3.136155991813102521e-04
1.140802817368650274e-05 3.143496912416307294e-04
1.149975052113824507e-05 3.150852494472192243e-04
1.159221033074330587e-05 3.158222805903330315e-04
1.168541353181382081e-05 3.165607915048784218e-04
1.177936610133451533e-05 3.173007890666878724e-04
1.187407406434604122e-05 3.180422801938005499e-04
1.196954349433130501e-05 3.187852718467439322e-04
1.206578051360499126e-05 3.195297710288194410e-04
1.216279129370615560e-05 3.202757847863894848e-04
1.226058205579399746e-05 3.210233202091671576e-04
1.235915907104682785e-05 3.217723844305094070e-04
1.245852866106420670e-05 3.225229846277115581e-04
1.255869719827236507e-05 3.232751280223052515e-04
1.265967110633284764e-05 3.240288218803588226e-04
1.276145686055444015e-05 3.247840735127802267e-04
1.286406098830845101e-05 3.255408902756226218e-04
1.296749006944726073e-05 3.262992795703929870e-04
1.307175073672632054e-05 3.270592488443630169e-04
1.317684967622948492e-05 3.278208055908832155e-04
1.328279362779775424e-05 3.285839573496991033e-04
1.338958938546154785e-05 3.293487117072713285e-04
1.349724379787632809e-05 3.301150762970971324e-04
1.360576376876185118e-05 3.308830588000359900e-04
1.371515625734487246e-05 3.316526669446379604e-04
1.382542827880540900e-05 3.324239085074733382e-04
1.393658690472664970e-05 3.331967913134679438e-04
1.404863926354841769e-05 3.339713232362389000e-04
1.416159254102433442e-05 3.347475121984349092e-04
1.427545398068258688e-05 3.355253661720786987e-04
1.439023088429049641e-05 3.363048931789131522e-04
1.450593061232274663e-05 3.370861012907502060e-04
1.462256058443337735e-05 3.378689986298224557e-04
1.474012827993164593e-05 3.386535933691386122e-04
1.485864123826160889e-05 3.394398937328415591e-04
1.497810705948566761e-05 3.402279079965700968e-04
1.509853340477191552e-05 3.410176444878230723e-04
1.521992799688543750e-05 3.418091115863277902e-04
1.534229862068359044e-05 3.426023177244107566e-04
1.546565312361518679e-05 3.433972713873723243e-04
1.558999941622378634e-05 3.441939811138644296e-04
1.571534547265497067e-05 3.449924554962717970e-04
1.584169933116768509e-05 3.457927031810961271e-04
1.596906909464977680e-05 3.465947328693445655e-04
1.609746293113756147e-05 3.473985533169205581e-04
1.622688907433968264e-05 3.482041733350190967e-04
1.635735582416509109e-05 3.490116017905248386e-04
1.648887154725529999e-05 3.498208476064144532e-04
1.662144467752097352e-05 3.506319197621614639e-04
1.675508371668271333e-05 3.514448272941460760e-04
1.688979723481632078e-05 3.522595792960673904e-04
1.702559387090236208e-05 3.530761849193604423e-04
1.716248233338014476e-05 3.538946533736154619e-04
1.730047140070623427e-05 3.547149939270030443e-04
1.743956992191735141e-05 3.555372159067007832e-04
1.757978681719787764e-05 3.563613286993251627e-04
1.772113107845189029e-05 3.571873417513670812e-04
1.786361176987977519e-05 3.580152645696309537e-04
1.800723802855955211e-05 3.588451067216779332e-04
1.815201906503274718e-05 3.596768778362731444e-04
1.829796416389513732e-05 3.605105876038369826e-04
1.844508268439210266e-05 3.613462457768995030e-04
1.859338406101880691e-05 3.621838621705610441e-04
1.874287780412528729e-05 3.630234466629545312e-04
1.889357350052625379e-05 3.638650091957133098e-04
1.904548081411596059e-05 3.647085597744432616e-04
1.919860948648786491e-05 3.655541084691982267e-04
1.935296933755938488e-05 3.664016654149606853e-04
1.950857026620164149e-05 3.672512408121257990e-04
1.966542225087421152e-05 3.681028449269911997e-04
1.982353535026509138e-05 3.689564880922491089e-04
1.998291970393568229e-05 3.698121807074852331e-04
2.014358553297109465e-05 3.706699332396800987e-04
2.030554314063556866e-05 3.715297562237163511e-04
2.046880291303319383e-05 3.723916602628895211e-04
2.063337531977400561e-05 3.732556560294247568e-04
2.079927091464533006e-05 3.741217542649962098e-04
2.096650033628862762e-05 3.749899657812534701e-04
2.113507430888171711e-05 3.758603014603507648e-04
2.130500364282648861e-05 3.767327722554820665e-04
2.147629923544217278e-05 3.776073891914203209e-04
2.164897207166416676e-05 3.784841633650626379e-04
2.182303322474848440e-05 3.793631059459786270e-04
2.199849385698188155e-05 3.802442281769659966e-04
2.217536522039762262e-05 3.811275413746089183e-04
2.235365865749714589e-05 3.820130569298428960e-04
2.253338560197733952e-05 3.829007863085242430e-04
2.271455757946385528e-05 3.837907410520049805e-04
2.289718620825019561e-05 3.846829327777124522e-04
2.308128320004275021e-05 3.855773731797344675e-04
2.326686036071191102e-05 3.864740740294105720e-04
2.345392959104909266e-05 3.873730471759266234e-04
2.364250288752999381e-05 3.882743045469174998e-04
2.383259234308382509e-05 3.891778581490723554e-04
2.402421014786890329e-05 3.900837200687481705e-04
2.421736859005432042e-05 3.909919024725869879e-04
2.441208005660797578e-05 3.919024176081390581e-04
2.460835703409097424e-05 3.928152778044927064e-04
2.480621210945830959e-05 3.937304954729086998e-04
2.500565797086611738e-05 3.946480831074613356e-04
2.520670740848529078e-05 3.955680532856842464e-04
2.540937331532169979e-05 3.964904186692234695e-04
2.561366868804306824e-05 3.974151920044957740e-04
2.581960662781231528e-05 3.983423861233523558e-04
2.602720034112782562e-05 3.992720139437503377e-04
2.623646314067030967e-05 4.002040884704289865e-04
2.644740844615650773e-05 4.011386227955917303e-04
2.666004978519983306e-05 4.020756300995966329e-04
2.687440079417780815e-05 4.030151236516504995e-04
2.709047521910661950e-05 4.039571168105113861e-04
2.730828691652259084e-05 4.049016230251969626e-04
2.752784985437075130e-05 4.058486558356980264e-04
2.774917811290065735e-05 4.067982288737012316e-04
2.797228588556925207e-05 4.077503558633160463e-04
2.819718747995114769e-05 4.087050506218099506e-04
2.842389731865611478e-05 4.096623270603493255e-04
2.865242994025394055e-05 4.106221991847477698e-04
2.888280000020686984e-05 4.115846810962213009e-04
2.911502227180931703e-05 4.125497869921503861e-04
2.934911164713536046e-05 4.135175311668489134e-04
2.958508313799369755e-05 4.144879280123406427e-04
2.982295187689030117e-05 4.154609920191424874e-04
3.006273311799894315e-05 4.164367377770545188e-04
3.030444223813930053e-05 4.174151799759588059e-04
3.054809473776313908e-05 4.183963334066242729e-04
3.079370624194832000e-05 4.193802129615192007e-04
3.104129250140074168e-05 4.203668336356322383e-04
3.129086939346452807e-05 4.213562105272993788e-04
3.154245292314010473e-05 4.223483588390404748e-04
3.179605922411068080e-05 4.233432938784018268e-04
3.205170455977674723e-05 4.243410310588076610e-04
3.230940532429918774e-05 4.253415859004197933e-04
3.256917804365048053e-05 4.263449740310032020e-04
3.283103937667452633e-05 4.273512111868028223e-04
3.309500611615499399e-05 4.283603132134258156e-04
3.336109518989214341e-05 4.293722960667338139e-04
3.362932366178845067e-05 4.303871758137418858e-04
3.389970873294287975e-05 4.314049686335281282e-04
3.417226774275386849e-05 4.324256908181482446e-04
3.444701817003144897e-05 4.334493587735637312e-04
3.472397763411796701e-05 4.344759890205727722e-04
3.500316389601811892e-05 4.355055981957556646e-04
3.528459485953787205e-05 4.365382030524245791e-04
3.556828857243258065e-05 4.375738204615840007e-04
3.585426322756445305e-05 4.386124674129014689e-04
3.614253716406913282e-05 4.396541610156847694e-04
3.643312886853186162e-05 4.406989184998702925e-04
3.672605697617291201e-05 4.417467572170197948e-04
3.702134027204265605e-05 4.427976946413271346e-04
3.731899769222629009e-05 4.438517483706334648e-04
3.761904832505804633e-05 4.449089361274525091e-04
3.792151141234544683e-05 4.459692757600068960e-04
3.822640635060317978e-05 4.470327852432715411e-04
3.853375269229690979e-05 4.480994826800286301e-04
3.884357014709729323e-05 4.491693863019330098e-04
3.915587858314377169e-05 4.502425144705853315e-04
3.947069802831884838e-05 4.513188856786182592e-04
3.978804867153227137e-05 4.523985185507904835e-04
4.010795086401588273e-05 4.534814318450932583e-04
4.043042512062863873e-05 4.545676444538647443e-04
4.075549212117214696e-05 4.556571754049175784e-04
4.108317271171693690e-05 4.567500438626760943e-04
4.141348790593917282e-05 4.578462691293232450e-04
4.174645888646837127e-05 4.589458706459602117e-04
4.208210700624570989e-05 4.600488679937757156e-04
4.242045378989334090e-05 4.611552808952273106e-04
4.276152093509482435e-05 4.622651292152333007e-04
4.310533031398649839e-05 4.633784329623762046e-04
4.345190397456011837e-05 4.644952122901180921e-04
4.380126414207684618e-05 4.656154874980264913e-04
4.415343322049233919e-05 4.667392790330127106e-04
4.450843379389370433e-05 4.678666074905827362e-04
4.486628862794756530e-05 4.689974936160975637e-04
4.522702067136019833e-05 4.701319583060491409e-04
4.559065305734907229e-05 4.712700226093448764e-04
4.595720910512632871e-05 4.724117077286072732e-04
4.632671232139432341e-05 4.735570350214844573e-04
4.669918640185293863e-05 4.747060260019736640e-04
4.707465523271928885e-05 4.758587023417569202e-04
4.745314289225944777e-05 4.770150858715514731e-04
4.783467365233246737e-05 4.781751985824702462e-04
4.821927197994708216e-05 4.793390626273975842e-04
4.860696253883054976e-05 4.805067003223770857e-04
4.899777019101043409e-05 4.816781341480145064e-04
4.939171999840897209e-05 4.828533867508904209e-04
4.978883722445008494e-05 4.840324809449911519e-04
5.018914733567975215e-05 4.852154397131506515e-04
5.059267600339886740e-05 4.864022862085060962e-04
5.099944910530976219e-05 4.875930437559693122e-04
5.140949272717551630e-05 4.887877358537112650e-04
5.182283316449283429e-05 4.899863861746599387e-04
5.223949692417844065e-05 4.911890185680163222e-04
5.265951072626878359e-05 4.923956570607793386e-04
5.308290150563368427e-05 4.936063258592914308e-04
5.350969641370349804e-05 4.948210493507952581e-04
5.393992282021043794e-05 4.960398521050066569e-04
5.437360831494366764e-05 4.972627588757032140e-04
5.481078070951855678e-05 4.984897946023281266e-04
5.525146803916032904e-05 4.997209844116089162e-04
5.569569856450177776e-05 5.009563536191927310e-04
5.614350077339568608e-05 5.021959277312971516e-04
5.659490338274170081e-05 5.034397324463773691e-04
5.704993534032777526e-05 5.046877936568094089e-04
5.750862582668677064e-05 5.059401374505898344e-04
5.797100425696751115e-05 5.071967901130504126e-04
5.843710028282136351e-05 5.084577781285944641e-04
5.890694379430364301e-05 5.097231281824431874e-04
5.938056492179034061e-05 5.109928671624049687e-04
5.985799403791055071e-05 5.122670221606585687e-04
6.033926175949397606e-05 5.135456204755550671e-04
6.082439894953454665e-05 5.148286896134379124e-04
6.131343671916956301e-05 5.161162572904789102e-04
6.180640642967464855e-05 5.174083514345350276e-04
6.230333969447518852e-05 5.187050001870202685e-04
6.280426838117336794e-05 5.200062319047986902e-04
6.330922461359202147e-05 5.213120751620945511e-04
6.381824077383456330e-05 5.226225587524207811e-04
6.433134950436157314e-05 5.239377116905290276e-04
6.484858371008428218e-05 5.252575632143748801e-04
6.536997656047445764e-05 5.265821427871060804e-04
6.589556149169179715e-05 5.279114800990689473e-04
6.642537220872788437e-05 5.292456050698338826e-04
6.695944268756781701e-05 5.305845478502414780e-04
6.749780717736901959e-05 5.319283388244705219e-04
6.804050020265747106e-05 5.332770086121223782e-04
6.858755656554178120e-05 5.346305880703310608e-04
6.913901134794504788e-05 5.359891082958893535e-04
6.969489991385459013e-05 5.373526006274003015e-04
7.025525791158973316e-05 5.387210966474460490e-04
7.082012127608798416e-05 5.400946281847821559e-04
7.138952623120924654e-05 5.414732273165496958e-04
7.196350929205912964e-05 5.428569263705129407e-04
7.254210726733043241e-05 5.442457579273168866e-04
7.312535726166364126e-05 5.456397548227684153e-04
7.371329667802646926e-05 5.470389501501391393e-04
7.430596322011219263e-05 5.484433772624927508e-04
7.490339489475796367e-05 5.498530697750341617e-04
7.550563001438179915e-05 5.512680615674826062e-04
7.611270719943962631e-05 5.526883867864681608e-04
7.672466538090198015e-05 5.541140798479536351e-04
7.734154380275037887e-05 5.555451754396773878e-04
7.796338202449432640e-05 5.569817085236250910e-04
7.859021992370797947e-05 5.584237143385214434e-04
7.922209769858744180e-05 5.598712284023518075e-04
7.985905587052876645e-05 5.613242865149041224e-04
8.050113528672624629e-05 5.627829247603400881e-04
8.114837712279218533e-05 5.642471795097905298e-04
8.180082288539732396e-05 5.657170874239773233e-04
8.245851441493256889e-05 5.671926854558612336e-04
8.312149388819220378e-05 5.686740108533158830e-04
8.378980382107844508e-05 5.701611011618308838e-04
8.446348707132823766e-05 5.716539942272394741e-04
8.514258684126147685e-05 5.731527281984752104e-04
8.582714668055145676e-05 5.746573415303564154e-04
8.651721048901784281e-05 5.761678729863976226e-04
8.721282251944159939e-05 5.776843616416510539e-04
8.791402738040316009e-05 5.792068468855746588e-04
8.862087003914298673e-05 5.807353684249327895e-04
8.933339582444523540e-05 5.822699662867208362e-04
9.005165042954469225e-05 5.838106808211253156e-04
9.077567991505677565e-05 5.853575527045093299e-04
9.150553071193174312e-05 5.869106229424306612e-04
9.224124962443192412e-05 5.884699328726900047e-04
9.298288383313330660e-05 5.900355241684106461e-04
9.373048089795127423e-05 5.916074388411480612e-04
9.448408876119016898e-05 5.931857192440317169e-04
9.524375575061823753e-05 5.947704080749401578e-04
9.600953058256663343e-05 5.963615483797069915e-04
9.678146236505339665e-05 5.979591835553590756e-04
9.755960060093289818e-05 5.995633573533896152e-04
9.834399519107005878e-05 6.011741138830624864e-04
9.913469643754087312e-05 6.027914976147523375e-04
9.993175504685781639e-05 6.044155533833176506e-04
1.007352221332219222e-04 6.060463263915075215e-04
1.015451492218001227e-04 6.076838622134056282e-04
1.023615882520301131e-04 6.093282067979067249e-04
1.031845915809508047e-04 6.109794064722314086e-04
1.040142119865599356e-04 6.126375079454743876e-04
1.048505026711987878e-04 6.143025583121911309e-04
1.056935172649635748e-04 6.159746050560198621e-04
1.065433098291452630e-04 6.176536960533421513e-04
1.073999348596959825e-04 6.193398795769796111e-04
1.082634472907239534e-04 6.210332042999308156e-04
1.091339024980163969e-04 6.227337192991430235e-04
1.100113563025903246e-04 6.244414740593269434e-04
1.108958649742728048e-04 6.261565184768079278e-04
1.117874852353091059e-04 6.278789028634180428e-04
1.126862742640003163e-04 6.296086779504277099e-04
1.135922896983701844e-04 6.313458948925196323e-04
1.145055896398609603e-04 6.330906052717999097e-04
1.154262326570599612e-04 6.348428611018556642e-04
1.163542777894551258e-04 6.366027148318506145e-04
1.172897845512211706e-04 6.383702193506657525e-04
1.182328129350362385e-04 6.401454279910803518e-04
1.191834234159288382e-04 6.419283945339988385e-04
1.201416769551564960e-04 6.437191732127198369e-04
1.211076350041148469e-04 6.455178187172505360e-04
1.220813595082783569e-04 6.473243861986655067e-04
1.230629129111730975e-04 6.491389312735089965e-04
1.240523581583804873e-04 6.509615100282479649e-04
1.250497587015748067e-04 6.527921790237655592e-04
1.260551785025916668e-04 6.546309952999048972e-04
1.270686820375298981e-04 6.564780163800605552e-04
1.280903343008865083e-04 6.583333002758152671e-04
1.291202008097241114e-04 6.601969054916271467e-04
1.301583476078733222e-04 6.620688910295653750e-04
1.312048412701672978e-04 6.639493163940959767e-04
1.322597489067114886e-04 6.658382415969154103e-04
1.333231381671872427e-04 6.677357271618382601e-04
1.343950772451896994e-04 6.696418341297313316e-04
1.354756348826016232e-04 6.715566240635060776e-04
1.365648803740012005e-04 6.734801590531559095e-04
1.376628835711060487e-04 6.754125017208525983e-04
1.387697148872526793e-04 6.773537152260929823e-04
1.398854453019116029e-04 6.793038632708990176e-04
1.410101463652398406e-04 6.812630101050756162e-04
1.421438902026688877e-04 6.832312205315216108e-04
1.432867495195299745e-04 6.852085599115967721e-04
1.444387976057169760e-04 6.871950941705460723e-04
1.456001083403855336e-04 6.891908898029795684e-04
1.467707561966918590e-04 6.911960138784134337e-04
1.479508162465679403e-04 6.932105340468658512e-04
1.491403641655359141e-04 6.952345185445131873e-04
1.503394762375612258e-04 6.972680361994080742e-04
1.515482293599440349e-04 6.993111564372535456e-04
1.527667010482513588e-04 7.013639492872436338e-04
1.539949694412874354e-04 7.034264853879611040e-04
1.552331133061048780e-04 7.054988359933407832e-04
1.564812120430559195e-04 7.075810729786950141e-04
1.577393456908837710e-04 7.096732688468019917e-04
1.590075949318562113e-04 7.117754967340608882e-04
1.602860410969389655e-04 7.138878304167122456e-04
1.615747661710118562e-04 7.160103443171212528e-04
1.628738527981254763e-04 7.181431135101324715e-04
1.641833842868022054e-04 7.202862137294887461e-04
1.655034446153778849e-04 7.224397213743203715e-04
1.668341184373874563e-04 7.246037135157032145e-04
1.681754910869937242e-04 7.267782679032852491e-04
1.695276485844593244e-04 7.289634629719861673e-04
1.708906776416636874e-04 7.311593778487673542e-04
1.722646656676633955e-04 7.333660923594738541e-04
1.736497007742976168e-04 7.355836870357504963e-04
1.750458717818386962e-04 7.378122431220320715e-04
1.764532682246876857e-04 7.400518425826058252e-04
1.778719803571166317e-04 7.423025681087548318e-04
1.793020991590561818e-04 7.445645031259724928e-04
1.807437163419298664e-04 7.468377318012580247e-04
1.821969243545358411e-04 7.491223390504889255e-04
1.836618163889745456e-04 7.514184105458722625e-04
1.851384863866262350e-04 7.537260327234790100e-04
1.866270290441744012e-04 7.560452927908540644e-04
1.881275398196790118e-04 7.583762787347141879e-04
1.896401149386978623e-04 7.607190793287247742e-04
1.911648514004570410e-04 7.630737841413609644e-04
1.927018469840721898e-04 7.654404835438570172e-04
1.942512002548183912e-04 7.678192687182369951e-04
1.958130105704509582e-04 7.702102316654342454e-04
1.973873780875775349e-04 7.726134652135001118e-04
1.989744037680801238e-04 7.750290630258973223e-04
2.005741893855906731e-04 7.774571196098891118e-04
2.021868375320172147e-04 7.798977303250134545e-04
2.038124516241226678e-04 7.823509913916525983e-04
2.054511359101573911e-04 7.848169998996948641e-04
2.071029954765435334e-04 7.872958538172890363e-04
2.087681362546152473e-04 7.897876519996971986e-04
2.104466650274111345e-04 7.922924941982397275e-04
2.121386894365222568e-04 7.948104810693406826e-04
2.138443179889952777e-04 7.973417141836696906e-04
2.155636600642900867e-04 7.998862960353847690e-04
2.172968259212952375e-04 8.024443300514755469e-04
2.190439267053980029e-04 8.050159206012076412e-04
2.208050744556120564e-04 8.076011730056703586e-04
2.225803821117627228e-04 8.102001935474306476e-04
2.243699635217286364e-04 8.128130894802889674e-04
2.261739334487440319e-04 8.154399690391439005e-04
2.279924075787574688e-04 8.180809414499669221e-04
2.298255025278507285e-04 8.207361169398815761e-04
2.316733358497175324e-04 8.234056067473551933e-04
2.335360260432013224e-04 8.260895231325047746e-04
2.354136925598954090e-04 8.287879793875133549e-04
2.373064558118026708e-04 8.315010898471604257e-04
2.392144371790574855e-04 8.342289698994696670e-04
2.411377590177099224e-04 8.369717359964725821e-04
2.430765446675712464e-04 8.397295056650904170e-04
2.450309184601250426e-04 8.425023975181389216e-04
2.470010057264993551e-04 8.452905312654485775e-04
2.489869328055043657e-04 8.480940277251125450e-04
2.509888270517343927e-04 8.509130088348564741e-04
2.530068168437341015e-04 8.537475976635340840e-04
2.550410315922326952e-04 8.565979184227507856e-04
2.570916017484417473e-04 8.594640964786106870e-04
2.591586588124212848e-04 8.623462583636053039e-04
2.612423353415126593e-04 8.652445317886190389e-04
2.633427649588384743e-04 8.681590456550762570e-04
2.654600823618732583e-04 8.710899300672258387e-04
2.675944233310800563e-04 8.740373163445515001e-04
2.697459247386182536e-04 8.770013370343301062e-04
2.719147245571214397e-04 8.799821259243252938e-04
2.741009618685440099e-04 8.829798180556175944e-04
2.763047768730820890e-04 8.859945497355872128e-04
2.785263108981633024e-04 8.890264585510340668e-04
2.807657064075101639e-04 8.920756833814440841e-04
2.830231070102755091e-04 8.951423644124065302e-04
2.852986574702530095e-04 8.982266431491781359e-04
2.875925037151598408e-04 9.013286624304019416e-04
2.899047928459951907e-04 9.044485664419733752e-04
2.922356731464736306e-04 9.075865007310696120e-04
2.945852940925335148e-04 9.107426122203256258e-04
2.969538063619240925e-04 9.139170492221799190e-04
2.993413618438671583e-04 9.171099614533708474e-04
3.017481136487979040e-04 9.203215000496026230e-04
3.041742161181839417e-04 9.235518175803709116e-04
3.066198248344217383e-04 9.268010680639561559e-04
3.090850966308155584e-04 9.300694069825879862e-04
3.115701896016339809e-04 9.333569912977767065e-04
3.140752631122485997e-04 9.366639794658174938e-04
3.166004778093537125e-04 9.399905314534679618e-04
3.191459956312678683e-04 9.433368087538072195e-04
3.217119798183199278e-04 9.467029744022668848e-04
3.242985949233164931e-04 9.500891929928474960e-04
3.269060068220948270e-04 9.534956306945155521e-04
3.295343827241602858e-04 9.569224552677885534e-04
3.321838911834082658e-04 9.603698360814973091e-04
3.348547021089347828e-04 9.638379441297561948e-04
3.375469867759317826e-04 9.673269520491069914e-04
3.402609178366705427e-04 9.708370341358657941e-04
3.429966693315743579e-04 9.743683663636668133e-04
3.457544167003780166e-04 9.779211264011977538e-04
3.485343367933802471e-04 9.814954936301475887e-04
3.513366078827839844e-04 9.850916491633478645e-04
3.541614096741287944e-04 9.887097758631258580e-04
3.570089233178154009e-04 9.923500583598602633e-04
3.598793314207213395e-04 9.960126830707578382e-04
3.627728180579134856e-04 9.996978382188323638e-04
3.656895687844505705e-04 1.003405713852107382e-03
3.686297706472836558e-04 1.007136501863035560e-03
3.715936121972510955e-04 1.010890396008137272e-03
3.745812835011684745e-04 1.014667591927867095e-03
3.775929761540199742e-04 1.018468287166701030e-03
3.806288832912430335e-04 1.022292681193463998e-03
3.836891996011147082e-04 1.026140975421876772e-03
3.867741213372368012e-04 1.030013373231345331e-03
3.898838463311200342e-04 1.033910079987986801e-03
3.930185740048726829e-04 1.037831303065899977e-03
3.961785053839880365e-04 1.041777251868669391e-03
3.993638431102358873e-04 1.045748137851126771e-03
4.025747914546584823e-04 1.049744174541359038e-03
4.058115563306681191e-04 1.053765577562961559e-03
4.090743453072548429e-04 1.057812564657562666e-03
4.123633676222953530e-04 1.061885355707590378e-03
4.156788341959724445e-04 1.065984172759312353e-03
4.190209576443002675e-04 1.070109240046139077e-03
4.223899522927587660e-04 1.074260784012189864e-03
4.257860341900391384e-04 1.078439033336138584e-03
4.292094211218982071e-04 1.082644218955330657e-03
4.326603326251245141e-04 1.086876574090176947e-03
4.361389900016173914e-04 1.091136334268833462e-03
4.396456163325772695e-04 1.095423737352161850e-03
4.431804364928136771e-04 1.099739023558984376e-03
4.467436771651649673e-04 1.104082435491625771e-03
4.503355668550355711e-04 1.108454218161755841e-03
4.539563359050480685e-04 1.112854619016525031e-03
4.576062165098176656e-04 1.117283887965013099e-03
4.612854427308401878e-04 1.121742277404976385e-03
4.649942505115030214e-04 1.126230042249907332e-03
4.687328776922159682e-04 1.130747439956414054e-03
4.725015640256621753e-04 1.135294730551910649e-03
4.763005511921752119e-04 1.139872176662637101e-03
4.801300828152363842e-04 1.144480043541998802e-03
4.839904044770983594e-04 1.149118599099244577e-03
4.878817637345341787e-04 1.153788113928470166e-03
4.918044101347110062e-04 1.158488861337967800e-03
4.957585952311963692e-04 1.163221117379912954e-03
4.997445726000872366e-04 1.167985160880404775e-03
5.037625978562727813e-04 1.172781273469852142e-03
5.078129286698264324e-04 1.177609739613717310e-03
5.118958247825286826e-04 1.182470846643619063e-03
5.160115480245257465e-04 1.187364884788803636e-03
5.201603623311197317e-04 1.192292147207981660e-03
5.243425337596937944e-04 1.197252930021538292e-03
5.285583305067750957e-04 1.202247532344125850e-03
5.328080229252317663e-04 1.207276256317633750e-03
5.370918835416132022e-04 1.212339407144553526e-03
5.414101870736244765e-04 1.217437293121729613e-03
5.457632104477448415e-04 1.222570225674511494e-03
5.501512328169862014e-04 1.227738519391309829e-03
5.545745355787936150e-04 1.232942492058552650e-03
5.590334023930933595e-04 1.238182464696067214e-03
5.635281192004818309e-04 1.243458761592868000e-03
5.680589742405628721e-04 1.248771710343372964e-03
5.726262580704328782e-04 1.254121641884046968e-03
5.772302635833116181e-04 1.259508890530481066e-03
5.818712860273279885e-04 1.264933794014907629e-03
5.865496230244519188e-04 1.270396693524162169e-03
5.912655745895814248e-04 1.275897933738100089e-03
5.960194431497816683e-04 1.281437862868458830e-03
6.008115335636776471e-04 1.287016832698189466e-03
6.056421531410076733e-04 1.292635198621256473e-03
6.105116116623282053e-04 1.298293319682907159e-03
6.154202213988800097e-04 1.303991558620420758e-03
6.203682971326151098e-04 1.309730281904348224e-03
6.253561561763796434e-04 1.315509859780234067e-03
6.303841183942675893e-04 1.321330666310848194e-03
6.354525062221296448e-04 1.327193079418910633e-03
6.405616446882517797e-04 1.333097480930333853e-03
6.457118614341994566e-04 1.339044256617978341e-03
6.509034867358261083e-04 1.345033796245934240e-03
6.561368535244568216e-04 1.351066493614330993e-03
6.614122974082367124e-04 1.357142746604686912e-03
6.667301566936534220e-04 1.363262957225799344e-03
6.720907724072325458e-04 1.369427531660186463e-03
6.774944883174052312e-04 1.375636880311085272e-03
6.829416509565565136e-04 1.381891417850019451e-03
6.884326096432461482e-04 1.388191563264933818e-03
6.939677165046102868e-04 1.394537739908908612e-03
6.995473264989434574e-04 1.400930375549464891e-03
7.051717974384591123e-04 1.407369902418456045e-03
7.108414900122388266e-04 1.413856757262571019e-03
7.165567678093611500e-04 1.420391381394436880e-03
7.223179973422182414e-04 1.426974220744346754e-03
7.281255480700202882e-04 1.433605725912607490e-03
7.339797924224855403e-04 1.440286352222522456e-03
7.398811058237286450e-04 1.447016559774015739e-03
7.458298667163319956e-04 1.453796813497904494e-03
7.518264565856166808e-04 1.460627583210833292e-03
7.578712599841064225e-04 1.467509343670869628e-03
7.639646645561858030e-04 1.474442574633772060e-03
7.701070610629639481e-04 1.481427760909950070e-03
7.762988434073295717e-04 1.488465392422114132e-03
7.825404086592141874e-04 1.495555964263618797e-03
7.888321570810515613e-04 1.502699976757527426e-03
7.951744921534512935e-04 1.509897935516388810e-03
8.015678206010698340e-04 1.517150351502742373e-03
8.080125524186936763e-04 1.524457741090367788e-03
8.145091008975336453e-04 1.531820626126280524e-03
8.210578826517243162e-04 1.539239533993472242e-03
8.276593176450460203e-04 1.546714997674441573e-03
8.343138292178536083e-04 1.554247555815480367e-03
8.410218441142250888e-04 1.561837752791760299e-03
8.477837925093290603e-04 1.569486138773213118e-03
8.546001080370077899e-04 1.577193269791213413e-03
8.614712278175910105e-04 1.584959707806091233e-03
8.683975924859237399e-04 1.592786020775460894e-03
8.753796462196243838e-04 1.600672782723402401e-03
8.824178367675710637e-04 1.608620573810483345e-03
8.895126154786107487e-04 1.616629980404643606e-03
8.966644373305086456e-04 1.624701595152961081e-03
9.038737609591225618e-04 1.632836017054293013e-03
9.111410486878147082e-04 1.641033851532820893e-03
9.184667665571011590e-04 1.649295710512494600e-03
9.258513843545348489e-04 1.657622212492403753e-03
9.332953756448370691e-04 1.666013982623076265e-03
9.407992178002634771e-04 1.674471652783728840e-03
9.483633920312180624e-04 1.682995861660455290e-03
9.559883834171135518e-04 1.691587254825410594e-03
9.636746809374744597e-04 1.700246484816947748e-03
9.714227775033013219e-04 1.708974211220778538e-03
9.792331699886751891e-04 1.717771100752112264e-03
9.871063592626239547e-04 1.726637827338842234e-03
9.950428502212419531e-04 1.735575072205747076e-03
1.003043151820065320e-03 1.744583523959751525e-03
1.011107777106715587e-03 1.753663878676240632e-03
1.019237243253797625e-03 1.762816839986463364e-03
1.027432071592065174e-03 1.772043119166006979e-03
1.035692787643855035e-03 1.781343435224398307e-03
1.044019921156783210e-03 1.790718514995798781e-03
1.052414006137723356e-03 1.800169093230863035e-03
1.060875580887047634e-03 1.809695912689718127e-03
1.069405188033148131e-03 1.819299724236127800e-03
1.078003374567235856e-03 1.828981286932828548e-03
1.086670691878414670e-03 1.838741368138054836e-03
1.095407695789046669e-03 1.848580743603295967e-03
1.104214946590392505e-03 1.858500197572253605e-03
1.113093009078543151e-03 1.868500522881070625e-03
1.122042452590640274e-03 1.878582521059796173e-03
1.131063851041383059e-03 1.888747002435144182e-03
1.140157782959838172e-03 1.898994786234544686e-03
1.149324831526537041e-03 1.909326700691499649e-03
1.158565584610873672e-03 1.919743583152273662e-03
1.167880634808806696e-03 1.930246280183935560e-03
1.177270579480855887e-03 1.940835647683751379e-03
1.186736020790417866e-03 1.951512550989981370e-03
1.196277565742376271e-03 1.962277864994063908e-03
1.205895826222030259e-03 1.973132474254220368e-03
1.215591419034334382e-03 1.984077273110516730e-03
1.225364965943448762e-03 1.995113165801356333e-03
1.235217093712619521e-03 2.006241066581486605e-03
1.245148434144366465e-03 2.017461899841479014e-03
1.255159624121002975e-03 2.028776600228735568e-03
1.265251305645472913e-03 2.040186112770035753e-03
1.275424125882529272e-03 2.051691392995650363e-03
1.285678737200230065e-03 2.063293407065028718e-03
1.296015797211775298e-03 2.074993131894098310e-03
1.306435968817681132e-03 2.086791555284180349e-03
1.316939920248283869e-03 2.098689676052543744e-03
1.327528325106601056e-03 2.110688504164669535e-03
1.338201862411524589e-03 2.122789060868156795e-03
1.348961216641363786e-03 2.134992378828374539e-03
1.359807077777744301e-03 2.147299502265844883e-03
1.370740141349848559e-03 2.159711487095383482e-03
1.381761108479027207e-03 2.172229401067035399e-03
1.392870685923755991e-03 2.184854323908821169e-03
1.404069586124960826e-03 2.197587347471301709e-03
1.415358527251705427e-03 2.210429575874029752e-03
1.426738233247243663e-03 2.223382125653865227e-03
1.438209433875450296e-03 2.236446125915214894e-03
1.449772864767615802e-03 2.249622718482213127e-03
1.461429267469622172e-03 2.262913058052848196e-03
1.473179389489498838e-03 2.276318312355099516e-03
1.485023984345354604e-03 2.289839662305089354e-03
1.496963811613705522e-03 2.303478302167275005e-03
1.508999636978181806e-03 2.317235439716727394e-03
1.521132232278631785e-03 2.331112296403493531e-03
1.533362375560618114e-03 2.345110107519114782e-03
1.545690851125309292e-03 2.359230122365293600e-03
1.558118449579782520e-03 2.373473604424752945e-03
1.570645967887720562e-03 2.387841831534320922e-03
1.583274209420518653e-03 2.402336096060265786e-03
1.596003984008806430e-03 2.416957705075920351e-03
1.608836107994376886e-03 2.431707980541613582e-03
1.621771404282541839e-03 2.446588259486950565e-03
1.634810702394902436e-03 2.461599894195491169e-03
1.647954838522543153e-03 2.476744252391814820e-03
1.661204655579658377e-03 2.492022717431049018e-03
1.674561003257601845e-03 2.507436688490878064e-03
1.688024738079383844e-03 2.522987580766055012e-03
1.701596723454593639e-03 2.538676825665494435e-03
1.715277829734770118e-03 2.554505871011914387e-03
1.729068934269216515e-03 2.570476181244114693e-03
1.742970921461259662e-03 2.586589237621934531e-03
1.756984682824972626e-03 2.602846538433878885e-03
1.771111117042340572e-03 2.619249599207488025e-03
1.785351130020894350e-03 2.635799952922487747e-03
1.799705634951805511e-03 2.652499150226742073e-03
1.814175552368442338e-03 2.669348759655052611e-03
1.828761810205411370e-03 2.686350367850871834e-03
1.843465343858057990e-03 2.703505579790911606e-03
1.858287096242454027e-03 2.720816019012761017e-03
1.873228017855867395e-03 2.738283327845496620e-03
1.888289066837708571e-03 2.755909167643347518e-03
1.903471209030985342e-03 2.773695219022489014e-03
1.918775418044234163e-03 2.791643182100944469e-03
1.934202675313958066e-03 2.809754776741696380e-03
1.949753970167565241e-03 2.828031742799040106e-03
1.965430299886808310e-03 2.846475840368176309e-03
1.981232669771747484e-03 2.865088850038190020e-03
1.997162093205212454e-03 2.883872573148356898e-03
2.013219591717790771e-03 2.902828832047881641e-03
2.029406195053338590e-03 2.921959470359119723e-03
2.045722941235009890e-03 2.941266353244298502e-03
2.062170876631835587e-03 2.960751367675830935e-03
2.078751056025814840e-03 2.980416422710232757e-03
2.095464542679561885e-03 3.000263449765709460e-03
2.112312408404491519e-03 3.020294402903490709e-03
2.129295733629546234e-03 3.040511259112914366e-03
2.146415607470493220e-03 3.060916018600351625e-03
2.163673127799760863e-03 3.081510705082051750e-03
2.181069401316846831e-03 3.102297366080867397e-03
2.198605543619281712e-03 3.123278073227020099e-03
2.216282679274181582e-03 3.144454922562943226e-03
2.234101941890358732e-03 3.165830034852172049e-03
2.252064474191018718e-03 3.187405555892469135e-03
2.270171428087043759e-03 3.209183656833176392e-03
2.288423964750856826e-03 3.231166534496811120e-03
2.306823254690894189e-03 3.253356411705102084e-03
2.325370477826664735e-03 3.275755537609364998e-03
2.344066823564415567e-03 3.298366188025430787e-03
2.362913490873409534e-03 3.321190665773076332e-03
2.381911688362806871e-03 3.344231301020069574e-03
2.401062634359180884e-03 3.367490451630959954e-03
2.420367556984641226e-03 3.390970503520520513e-03
2.439827694235593807e-03 3.414673871012107939e-03
2.459444294062132583e-03 3.438602997200833865e-03
2.479218614448061055e-03 3.462760354321733035e-03
2.499151923491577283e-03 3.487148444122979956e-03
2.519245499486587325e-03 3.511769798244167469e-03
2.539500631004682190e-03 3.536626978599805536e-03
2.559918616977773561e-03 3.561722577768063232e-03
2.580500766781383508e-03 3.587059219384822889e-03
2.601248400318628522e-03 3.612639558543188217e-03
2.622162848104850601e-03 3.638466282198457233e-03
2.643245451352946133e-03 3.664542109578654110e-03
2.664497562059376518e-03 3.690869792600750925e-03
2.685920543090861839e-03 3.717452116292584065e-03
2.707515768271791419e-03 3.744291899220635739e-03
2.729284622472319573e-03 3.771391993923683180e-03
2.751228501697173482e-03 3.798755287352462151e-03
2.773348813175181404e-03 3.826384701315408039e-03
2.795646975449506914e-03 3.854283192930570839e-03
2.818124418468629950e-03 3.882453755083776440e-03
2.840782583678042993e-03 3.910899416893195979e-03
2.863622924112684074e-03 3.939623244180279898e-03
2.886646904490126550e-03 3.968628339947323849e-03
2.909856001304495735e-03 3.997917844861621772e-03
2.933251702921170923e-03 4.027494937746385270e-03
2.956835509672220766e-03 4.057362836078499957e-03
2.980608933952621012e-03 4.087524796493210294e-03
3.004573500317244197e-03 4.117984115295902914e-03
3.028730745578617819e-03 4.148744128980946799e-03
3.053082218905490020e-03 4.179808214757918181e-03
3.077629481922171568e-03 4.211179791085074842e-03
3.102374108808674934e-03 4.242862318210402495e-03
3.127317686401674332e-03 4.274859298720174242e-03
3.152461814296251587e-03 4.307174278095265117e-03
3.177808104948494621e-03 4.339810845275285031e-03
3.203358183778889142e-03 4.372772633230615109e-03
3.229113689276559042e-03 4.406063319542539991e-03
3.255076273104341202e-03 4.439686626991528121e-03
3.281247600204695563e-03 4.473646324153817896e-03
3.307629348906488635e-03 4.507946226006458862e-03
3.334223211032614868e-03 4.542590194540872123e-03
3.361030892008491904e-03 4.577582139385103464e-03
3.388054110971427946e-03 4.612926018434916620e-03
3.415294600880860836e-03 4.648625838493781331e-03
3.442754108629501788e-03 4.684685655922015551e-03
3.470434395155353423e-03 4.721109577295077436e-03
3.498337235554641565e-03 4.757901760071283834e-03
3.526464419195635656e-03 4.795066413268966529e-03
3.554817749833418493e-03 4.832607798153360293e-03
3.583399045725544144e-03 4.870530228933210581e-03
3.612210139748646930e-03 4.908838073467355900e-03
3.641252879515979347e-03 4.947535753981451359e-03
3.670529127495888045e-03 4.986627747794835155e-03
3.700040761131266880e-03 5.026118588057948249e-03
