2.497382406435652939e-25 9.768325619515944397e-18
1.592405960127358361e-24 3.089015920155193588e-17
1.015365822756892167e-23 9.768326876420302874e-17
6.474277161963938908e-23 3.089016721595150065e-16
4.128193389070159467e-22 9.768331986641967382e-16
2.632259977636328568e-21 3.089019980025807047e-15
1.678407946733001633e-20 9.768352763373603653e-15
1.070203270037972128e-19 3.089033227893325649e-14
6.823937180644061677e-19 9.768437235752100315e-14
4.351147109064984495e-18 3.089087090016611440e-13
1.915297948882004416e-17 7.759322488683919743e-13
8.060281057525431301e-17 1.949163039787816667e-12
3.231548868885900942e-16 4.896382250613372468e-12
4.345363206717196250e-16 6.163781780305984805e-12
1.185699981296668146e-15 1.229732179640797847e-11
3.167099671296256822e-15 2.454290871984140256e-11
8.312293945536222779e-15 4.898397135859626299e-11
2.151611673377367987e-14 9.773430848120292535e-11
5.516190296262407946e-14 1.950308160666369755e-10
7.219962673568143336e-14 2.455395918119563429e-10
1.345996703506809824e-13 3.892770603306517574e-10
2.502777173064534741e-13 6.169465998965407740e-10
3.411676113431318569e-13 7.768626451909397954e-10
4.161104603351930561e-13 9.006720410829545173e-10
5.668224300832851639e-13 1.192414995932578561e-09
1.051017683769589897e-12 1.890432911212288601e-09
1.946696275912857264e-12 3.094630240399093478e-09
3.604197434436283020e-12 4.906521065391501087e-09
4.678350727597027810e-12 5.964785761620009416e-09
6.363945126095426008e-12 7.510858710852283575e-09
8.659328086403540721e-12 9.798092857573101657e-09
1.177437263656969924e-11 1.233578754396143564e-08
1.601314678573479096e-11 1.553407705195085344e-08
2.068158225216417963e-11 1.881943995759334440e-08
2.812629084553211013e-11 2.462793118627416045e-08
3.823985723652250255e-11 3.101071367919697201e-08
4.915490723856361436e-11 3.744047090307774978e-08
6.683712298751739095e-11 4.918310976261355027e-08
9.088989403667837668e-11 6.194746997419662658e-08
1.198094057756214983e-10 7.622496704508910767e-08
1.235276287134856064e-10 8.111821537560480725e-08
1.679810496150610554e-10 1.052041443179145334e-07
2.145827771029579730e-10 1.264403182978826954e-07
2.389577941400671919e-10 1.370814666799720085e-07
2.718434103460653354e-10 1.558050328926489486e-07
3.695913600236930604e-10 2.029070399259184632e-07
4.805596579248377059e-10 2.471473550088626382e-07
6.228436556804378813e-10 3.112918511513913844e-07
6.449051117784316288e-10 3.195404339442749206e-07
6.519284217721749412e-10 3.221516175955882510e-07
6.901021772675798839e-10 3.362246542759246589e-07
7.517420508597271333e-10 3.585491157042282318e-07
7.842145311837404764e-10 3.701260768930860222e-07
8.123077711587138292e-10 3.800461204279264704e-07
8.948523203792971162e-10 4.248355205313744057e-07
1.780367769825735293e-09 1.571243743291283042e-06
2.831798589477310162e-09 2.360915204371286954e-06
4.352717025416528164e-09 3.331634749736530039e-06
6.442936706730940560e-09 4.497300351158025239e-06
9.210451352971400048e-09 5.875749191388290656e-06
1.726412223638507203e-08 9.359364509061765243e-06
2.961440629244172500e-08 1.399035730184682620e-05
4.760234259406434222e-08 2.000744564924680080e-05
7.280858902572716169e-08 2.762541866450402925e-05
1.069774052811704485e-07 3.692082460755834189e-05
1.786399553702715184e-07 5.352425790188030335e-05
3.179080611873818725e-07 7.810458603098302793e-05
4.169532575344421554e-07 9.195064971249766836e-05
4.437988271458211392e-07 9.546604737380116803e-05
8.192319285407806845e-07 1.258634192745901824e-04
1.353861306912074596e-06 1.508482664318812263e-04
1.364746565547786234e-06 1.513142707527850958e-04
1.375719343381337183e-06 1.517812975992084083e-04
1.386780344080894040e-06 1.522493453961383113e-04
1.397930276972226872e-06 1.527184125618571650e-04
1.409169857084196791e-06 1.531884975081402461e-04
1.420499805194610295e-06 1.536595986404546994e-04
1.431920847876440795e-06 1.541317143581593014e-04
1.443433717544422842e-06 1.546048430547054722e-04
1.455039152502021796e-06 1.550789831178389362e-04
1.466737896988778942e-06 1.555541329298027397e-04
1.478530701228038627e-06 1.560302908675406468e-04
1.490418321475060571e-06 1.565074553029021081e-04
1.502401520065514837e-06 1.569856246028477709e-04
1.514481065464371088e-06 1.574647971296558844e-04
1.526657732315179390e-06 1.579449712411297078e-04
1.538932301489744880e-06 1.584261452908058390e-04
1.551305560138206051e-06 1.589083176281631685e-04
1.563778301739513042e-06 1.593914865988329155e-04
1.576351326152311661e-06 1.598756505448094517e-04
1.589025439666236737e-06 1.603608078046616660e-04
1.601801455053620938e-06 1.608469567137456313e-04
1.614680191621612924e-06 1.613340956044175684e-04
1.627662475264721337e-06 1.618222228062478135e-04
1.640749138517776174e-06 1.623113366462355445e-04
1.653941020609319814e-06 1.628014354490242663e-04
1.667238967515423893e-06 1.632925175371177835e-04
1.680643832013941551e-06 1.637845812310972037e-04
1.694156473739194418e-06 1.642776248498384556e-04
1.707777759237099643e-06 1.647716467107306201e-04
1.721508562020740541e-06 1.652666451298946139e-04
1.735349762626383215e-06 1.657626184224030117e-04
1.749302248669945068e-06 1.662595649025001116e-04
1.763366914903914991e-06 1.667574828838227336e-04
1.777544663274733067e-06 1.672563706796218299e-04
1.791836402980631279e-06 1.677562266029843129e-04
1.806243050529939022e-06 1.682570489670558590e-04
1.820765529799857446e-06 1.687588360852639556e-04
1.835404772095706236e-06 1.692615862715417892e-04
1.850161716210646211e-06 1.697652978405524041e-04
1.865037308485884309e-06 1.702699691079137556e-04
1.880032502871359896e-06 1.707755983904237905e-04
1.895148260986920029e-06 1.712821840062864220e-04
1.910385552183987898e-06 1.717897242753378836e-04
1.925745353607724249e-06 1.722982175192735446e-04
1.941228650259691936e-06 1.728076620618751046e-04
1.956836435061021289e-06 1.733180562292385197e-04
1.972569708916085813e-06 1.738293983500019293e-04
1.988429480776687805e-06 1.743416867555744494e-04
2.004416767706761932e-06 1.748549197803651563e-04
2.020532594947596339e-06 1.753690957620124226e-04
2.036777995983582319e-06 1.758842130416138219e-04
2.053154012608487432e-06 1.764002699639562514e-04
2.069661694992266509e-06 1.769172648777465678e-04
2.086302101748406693e-06 1.774351961358424420e-04
2.103076300001813744e-06 1.779540620954835647e-04
2.119985365457247643e-06 1.784738611185234219e-04
2.137030382468302839e-06 1.789945915716609345e-04
2.154212444106949228e-06 1.795162518266729115e-04
2.171532652233627094e-06 1.800388402606464757e-04
2.188992117567907870e-06 1.805623552562118147e-04
2.206591959759725794e-06 1.810867952017754473e-04
2.224333307461175815e-06 1.816121584917532996e-04
2.242217298398894247e-06 1.821384435268045404e-04
2.260245079447018802e-06 1.826656487140653081e-04
2.278417806700736883e-06 1.831937724673830066e-04
2.296736645550423837e-06 1.837228132075501951e-04
2.315202770756376674e-06 1.842527693625396702e-04
2.333817366524151290e-06 1.847836393677387075e-04
2.352581626580503637e-06 1.853154216661844422e-04
2.371496754249940316e-06 1.858481147087985173e-04
2.390563962531887099e-06 1.863817169546228979e-04
2.409784474178477465e-06 1.869162268710549530e-04
2.429159521772964136e-06 1.874516429340834052e-04
2.448690347808763767e-06 1.879879636285237650e-04
2.468378204769137337e-06 1.885251874482547145e-04
2.488224355207507929e-06 1.890633128964538663e-04
2.508230071828427340e-06 1.896023384858340391e-04
2.528396637569194056e-06 1.901422627388797216e-04
2.548725345682123025e-06 1.906830841880833476e-04
2.569217499817484157e-06 1.912248013761820586e-04
2.589874414107099812e-06 1.917674128563941682e-04
2.610697413248620777e-06 1.923109171926560331e-04
2.631687832590474767e-06 1.928553129598588973e-04
2.652847018217502309e-06 1.934005987440857359e-04
2.674176327037278713e-06 1.939467731428484243e-04
2.695677126867131040e-06 1.944938347653245823e-04
2.717350796521851750e-06 1.950417822325949059e-04
2.739198725902123862e-06 1.955906141778802822e-04
2.761222316083649568e-06 1.961403292467789859e-04
2.783422979407002645e-06 1.966909260975041466e-04
2.805802139568196181e-06 1.972424034011208908e-04
2.828361231709985949e-06 1.977947598417838368e-04
2.851101702513900540e-06 1.983479941169744801e-04
2.874025010293016455e-06 1.989021049377386887e-04
2.897132625085478167e-06 1.994570910289238986e-04
2.920426028748769923e-06 2.000129511294171511e-04
2.943906715054740984e-06 2.005696839923820987e-04
2.967576189785405048e-06 2.011272883854966359e-04
2.991435970829499468e-06 2.016857630911907183e-04
3.015487588279827972e-06 2.022451069068835591e-04
3.039732584531379686e-06 2.028053186452213408e-04
3.064172514380245645e-06 2.033663971343149259e-04
3.088808945123320076e-06 2.039283412179771079e-04
3.113643456658814408e-06 2.044911497559604037e-04
3.138677641587569614e-06 2.050548216241944942e-04
3.163913105315188054e-06 2.056193557150240707e-04
3.189351466154989062e-06 2.061847509374458961e-04
3.214994355431784031e-06 2.067510062173468952e-04
3.240843417586494727e-06 2.073181204977412706e-04
3.266900310281607191e-06 2.078860927390085110e-04
3.293166704507475652e-06 2.084549219191303990e-04
3.319644284689481081e-06 2.090246070339291009e-04
3.346334748796048227e-06 2.095951470973042281e-04
3.373239808447538898e-06 2.101665411414707922e-04
3.400361189026010914e-06 2.107387882171963742e-04
3.427700629785866872e-06 2.113118873940389713e-04
3.455259883965390169e-06 2.118858377605844102e-04
3.483040718899175498e-06 2.124606384246837873e-04
3.511044916131465672e-06 2.130362885136911260e-04
3.539274271530404080e-06 2.136127871747008707e-04
3.567730595403193903e-06 2.141901335747856529e-04
3.596415712612196261e-06 2.147683269012335143e-04
3.625331462691952049e-06 2.153473663617857809e-04
3.654479699967152024e-06 2.159272511848745304e-04
3.683862293671548380e-06 2.165079806198603031e-04
3.713481128067828115e-06 2.170895539372697327e-04
3.743338102568450751e-06 2.176719704290331486e-04
3.773435131857447441e-06 2.182552294087225042e-04
3.803774146013214063e-06 2.188393302117889257e-04
3.834357090632278825e-06 2.194242721958006401e-04
3.865185926954075725e-06 2.200100547406807410e-04
3.896262631986714548e-06 2.205966772489452519e-04
3.927589198633757974e-06 2.211841391459410549e-04
3.959167635822030810e-06 2.217724398800838184e-04
3.990999968630446920e-06 2.223615789230960337e-04
4.023088238419872083e-06 2.229515557702457839e-04
4.055434502964039714e-06 2.235423699405841836e-04
4.088040836581505038e-06 2.241340209771844458e-04
4.120909330268674164e-06 2.247265084473799455e-04
4.154042091833891933e-06 2.253198319430032323e-04
4.187441246032618220e-06 2.259139910806241748e-04
4.221108934703678260e-06 2.265089855017891906e-04
4.255047316906625136e-06 2.271048148732603394e-04
4.289258569060188162e-06 2.277014788872538476e-04
4.323744885081844428e-06 2.282989772616801508e-04
4.358508476528518602e-06 2.288973097403826894e-04
4.393551572738398261e-06 2.294964760933777066e-04
4.428876420973906281e-06 2.300964761170943185e-04
4.464485286565806550e-06 2.306973096346140949e-04
4.500380453058481978e-06 2.312989764959114006e-04
4.536564222356368706e-06 2.319014765780938708e-04
4.573038914871584631e-06 2.325048097856428333e-04
4.609806869672720907e-06 2.331089760506544894e-04
4.646870444634854868e-06 2.337139753330806061e-04
4.684232016590748801e-06 2.343198076209703753e-04
4.721893981483274364e-06 2.349264729307115401e-04
4.759858754519065218e-06 2.355339713072727948e-04
4.798128770323395303e-06 2.361423028244455900e-04
4.836706483096312421e-06 2.367514675850871829e-04
4.875594366770016960e-06 2.373614657213630650e-04
4.914794915167518785e-06 2.379722973949902304e-04
4.954310642162554520e-06 2.385839627974811750e-04
4.994144081840802482e-06 2.391964621503872730e-04
5.034297788662396114e-06 2.398097957055432647e-04
5.074774337625724065e-06 2.404239637453124483e-04
5.115576324432572816e-06 2.410389665828311138e-04
5.156706365654577969e-06 2.416548045622544938e-04
5.198167098901026560e-06 2.422714780590028236e-04
5.239961182988001912e-06 2.428889874800077532e-04
5.282091298108884592e-06 2.435073332639591654e-04
5.324560146006235726e-06 2.441265158815528354e-04
5.367370450145051656e-06 2.447465358357385230e-04
5.410524955887418750e-06 2.453673936619678482e-04
5.454026430668566654e-06 2.459890899284443628e-04
5.497877664174341182e-06 2.466116252363723745e-04
5.542081468520103599e-06 2.472350002202074247e-04
5.586640678431068170e-06 2.478592155479071189e-04
5.631558151424082213e-06 2.484842719211827699e-04
5.676836767990884210e-06 2.491101700757511494e-04
5.722479431782819678e-06 2.497369107815874327e-04
5.768489069797049498e-06 2.503644948431789558e-04
5.814868632564254111e-06 2.509929230997787566e-04
5.861621094337843742e-06 2.516221964256609581e-04
5.908749453284699203e-06 2.522523157303763696e-04
5.956256731677433128e-06 2.528832819590085207e-04
6.004145976088211442e-06 2.535150960924315933e-04
6.052420257584117270e-06 2.541477591475675940e-04
6.101082671924099654e-06 2.547812721776459666e-04
6.150136339757496053e-06 2.554156362724628788e-04
6.199584406824159119e-06 2.560508525586419190e-04
6.249430044156188612e-06 2.566869221998958764e-04
6.299676448281279439e-06 2.573238463972888474e-04
6.350326841427714643e-06 2.579616263894998589e-04
6.401384471731003327e-06 2.586002634530873054e-04
6.452852613442171981e-06 2.592397589027541993e-04
6.504734567137749882e-06 2.598801140916148843e-04
6.557033659931416365e-06 2.605213304114622911e-04
6.609753245687372665e-06 2.611634092930364406e-04
6.662896705235414588e-06 2.618063522062948436e-04
6.716467446587747535e-06 2.624501606606822503e-04
6.770468905157531169e-06 2.630948362054037065e-04
6.824904543979190141e-06 2.637403804296971225e-04
6.879777853930489192e-06 2.643867949631080634e-04
6.935092353956406496e-06 2.650340814757651373e-04
6.990851591294788326e-06 2.656822416786573876e-04
7.047059141703834994e-06 2.663312773239120122e-04
7.103718609691411305e-06 2.669811902050746289e-04
7.160833628746189993e-06 2.676319821573897592e-04
7.218407861570665399e-06 2.682836550580834254e-04
7.276445000316041637e-06 2.689362108266469945e-04
7.334948766818996940e-06 2.695896514251225405e-04
7.393922912840369073e-06 2.702439788583895072e-04
7.453371220305744029e-06 2.708991951744531062e-04
7.513297501547984430e-06 2.715553024647341784e-04
7.573705599551709501e-06 2.722123028643604645e-04
7.634599388199746922e-06 2.728701985524602074e-04
7.695982772521547263e-06 2.735289917524564587e-04
7.757859688943621139e-06 2.741886847323637705e-04
7.820234105541966880e-06 2.748492798050859720e-04
7.883110022296537870e-06 2.755107793287170348e-04
7.946491471347759690e-06 2.761731857068418857e-04
8.010382517255103875e-06 2.768365013888402534e-04
8.074787257257743663e-06 2.775007288701925230e-04
8.139709821537296841e-06 2.781658706927867268e-04
8.205154373482699721e-06 2.788319294452277597e-04
8.271125109957186850e-06 2.794989077631493575e-04
8.337626261567437414e-06 2.801668083295264021e-04
8.404662092934879898e-06 2.808356338749912911e-04
8.472236902969168526e-06 2.815053871781507421e-04
8.540355025143873857e-06 2.821760710659060116e-04
8.609020827774370571e-06 2.828476884137739273e-04
8.678238714297985151e-06 2.835202421462120403e-04
8.748013123556372950e-06 2.841937352369437232e-04
8.818348530080178857e-06 2.848681707092877132e-04
8.889249444375978181e-06 2.855435516364885230e-04
8.960720413215531624e-06 2.862198811420499410e-04
9.032766019927362822e-06 2.868971624000710261e-04
9.105390884690678778e-06 2.875753986355841069e-04
9.178599664831661986e-06 2.882545931248955474e-04
9.252397055122127471e-06 2.889347491959292215e-04
9.326787788080597265e-06 2.896158702285725364e-04
9.401776634275792310e-06 2.902979596550248412e-04
9.477368402632555346e-06 2.909810209601489789e-04
9.553567940740248835e-06 2.916650576818248996e-04
9.630380135163614354e-06 2.923500734113072298e-04
9.707809911756147683e-06 2.930360717935845774e-04
9.785862235975982803e-06 2.937230565277419258e-04
9.864542113204323765e-06 2.944110313673266072e-04
9.943854589066424441e-06 2.951000001207167134e-04
1.002380474975517374e-05 2.957899666514926529e-04
1.010439772235723718e-05 2.964809348788117961e-04
1.018563867518188015e-05 2.971729087777863205e-04
1.026753281809238990e-05 2.978658923798646325e-04
1.035008540284016393e-05 2.985598897732149584e-04
1.043330172340152932e-05 2.992549051031135970e-04
1.051718711631719619e-05 2.999509425723351783e-04
1.060174696103452513e-05 3.006480064415479637e-04
1.068698668025247795e-05 3.013461010297109350e-04
1.077291174026935863e-05 3.020452307144754910e-04
1.085952765133339004e-05 3.027453999325902890e-04
1.094683996799604699e-05 3.034466131803099887e-04
1.103485428946828269e-05 3.041488750138072496e-04
1.112357625997959452e-05 3.048521900495892263e-04
1.121301156913996116e-05 3.055565629649171556e-04
1.130316595230473937e-05 3.062619984982301166e-04
1.139404519094243544e-05 3.069685014495728025e-04
1.148565511300548381e-05 3.076760766810273588e-04
1.157800159330397990e-05 3.083847291171488525e-04
1.167109055388240492e-05 3.090944637454052417e-04
1.176492796439943365e-05 3.098052856166218444e-04
1.185951984251071205e-05 3.105171998454288968e-04
1.195487225425480787e-05 3.112302116107150754e-04
1.205099131444220027e-05 3.119443261560840542e-04
1.214788318704738332e-05 3.126595487903161040e-04
1.224555408560421688e-05 3.133758848878340285e-04
1.234401027360431501e-05 3.140933398891738700e-04
1.244325806489878694e-05 3.148119193014607122e-04
1.254330382410307305e-05 3.155316286988876263e-04
1.264415396700514698e-05 3.162524737232015018e-04
1.274581496097692975e-05 3.169744600841923471e-04
1.284829332538901228e-05 3.176975935601877399e-04
1.295159563202878138e-05 3.184218799985529696e-04
1.305572850552181354e-05 3.191473253161954625e-04
1.316069862375672804e-05 3.198739355000748989e-04
1.326651271831342647e-05 3.206017166077186967e-04
1.337317757489476441e-05 3.213306747677418325e-04
1.348070003376173331e-05 3.220608161803736012e-04
1.358908699017208625e-05 3.227921471179887665e-04
1.369834539482255022e-05 3.235246739256443494e-04
1.380848225429455339e-05 3.242584030216225967e-04
1.391950463150352705e-05 3.249933408979793705e-04
1.403141964615188522e-05 3.257294941210984464e-04
1.414423447518553986e-05 3.264668693322513959e-04
1.425795635325420567e-05 3.272054732481639188e-04
1.437259257317532512e-05 3.279453126615883567e-04
1.448815048640172041e-05 3.286863944418811387e-04
1.460463750349308254e-05 3.294287255355887929e-04
1.472206109459114657e-05 3.301723129670376981e-04
1.484042878989878366e-05 3.309171638389324008e-04
1.495974818016289118e-05 3.316632853329591363e-04
1.508002691716114522e-05 3.324106847103963972e-04
1.520127271419274442e-05 3.331593693127326574e-04
1.532349334657301452e-05 3.339093465622902765e-04
1.544669665213206343e-05 3.346606239628561802e-04
1.557089053171736314e-05 3.354132091003209429e-04
1.569608294970047024e-05 3.361671096433230211e-04
1.582228193448774784e-05 3.369223333439017682e-04
1.594949557903518880e-05 3.376788880381567919e-04
1.607773204136745380e-05 3.384367816469156603e-04
1.620699954510099210e-05 3.391960221764079501e-04
1.633730637997144494e-05 3.399566177189484030e-04
1.646866090236522644e-05 3.407185764536263149e-04
1.660107153585540750e-05 3.414819066470038168e-04
1.673454677174194663e-05 3.422466166538221783e-04
1.686909516959615252e-05 3.430127149177151038e-04
1.700472535780966988e-05 3.437802099719315706e-04
1.714144603414777487e-05 3.445491104400665266e-04
1.727926596630712259e-05 3.453194250367989612e-04
1.741819399247806853e-05 3.460911625686406549e-04
1.755823902191137767e-05 3.468643319346915977e-04
1.769941003548962611e-05 3.476389421274052728e-04
1.784171608630309540e-05 3.484150022333627771e-04
1.798516630023033232e-05 3.491925214340554527e-04
1.812976987652340456e-05 3.499715090066777092e-04
1.827553608839779824e-05 3.507519743249278162e-04
1.842247428362713324e-05 3.515339268598192111e-04
1.857059388514260845e-05 3.523173761805010237e-04
1.871990439163724793e-05 3.531023319550883038e-04
1.887041537817511080e-05 3.538888039515022239e-04
1.902213649680523419e-05 3.546768020383194429e-04
1.917507747718069240e-05 3.554663361856332340e-04
1.932924812718250101e-05 3.562574164659233940e-04
1.948465833354855244e-05 3.570500530549371577e-04
1.964131806250772846e-05 3.578442562325807375e-04
1.979923736041890871e-05 3.586400363838212709e-04
1.995842635441532215e-05 3.594374039996001526e-04
2.011889525305394014e-05 3.602363696777566662e-04
2.028065434697012446e-05 3.610369441239633798e-04
2.044371400953760496e-05 3.618391381526722748e-04
2.060808469753362733e-05 3.626429626880735605e-04
2.077377695180963050e-05 3.634484287650641371e-04
2.094080139796711108e-05 3.642555475302301543e-04
2.110916874703910886e-05 3.650643302428397069e-04
2.127888979617707259e-05 3.658747882758487031e-04
2.144997542934321113e-05 3.666869331169181172e-04
2.162243661800855368e-05 3.675007763694459334e-04
2.179628442185644447e-05 3.683163297536079799e-04
2.197152998949186513e-05 3.691336051074157847e-04
2.214818455915633049e-05 3.699526143877844065e-04
2.232625945944857130e-05 3.707733696716146855e-04
2.250576611005106829e-05 3.715958831568889377e-04
2.268671602246233248e-05 3.724201671637800940e-04
2.286912080073514857e-05 3.732462341357747166e-04
2.305299214222072732e-05 3.740740966408091892e-04
2.323834183831880400e-05 3.749037673724216267e-04
2.342518177523385928e-05 3.757352591509167971e-04
2.361352393473730655e-05 3.765685849245458956e-04
2.380338039493590666e-05 3.774037577707022571e-04
2.399476333104631859e-05 3.782407908971299705e-04
2.418768501617583341e-05 3.790796976431497320e-04
2.438215782210950504e-05 3.799204914808986303e-04
2.457819422010343395e-05 3.807631860165866826e-04
2.477580678168464059e-05 3.816077949917684410e-04
2.497500817945719353e-05 3.824543322846312961e-04
2.517581118791488329e-05 3.833028119112992299e-04
2.537822868426046924e-05 3.841532480271544580e-04
2.558227364923142832e-05 3.850056549281743058e-04
2.578795916793244272e-05 3.858600470522871107e-04
2.599529843067447071e-05 3.867164389807423836e-04
2.620430473382069202e-05 3.875748454395018397e-04
2.641499148063911764e-05 3.884352813006464221e-04
2.662737218216214868e-05 3.892977615838007265e-04
2.684146045805304028e-05 3.901623014575778090e-04
2.705727003747926369e-05 3.910289162410400944e-04
2.727481475999298351e-05 3.918976214051814264e-04
2.749410857641855846e-05 3.927684325744264650e-04
2.771516554974712675e-05 3.936413655281498702e-04
2.793799985603856743e-05 3.945164362022161408e-04
2.816262578533045485e-05 3.953936606905377208e-04
2.838905774255455166e-05 3.962730552466544112e-04
2.861731024846056264e-05 3.971546362853338691e-04
2.884739794054727124e-05 3.980384203841902131e-04
2.907933557400129942e-05 3.989244242853279450e-04
2.931313802264326037e-05 3.998126648970026765e-04
2.954882027988167011e-05 4.007031592953072259e-04
2.978639745967441119e-05 4.015959247258782611e-04
3.002588479749793824e-05 4.024909786056241382e-04
3.026729765132439492e-05 4.033883385244782733e-04
3.051065150260638792e-05 4.042880222471732224e-04
3.075596195726989596e-05 4.051900477150383972e-04
3.100324474671499513e-05 4.060944330478221211e-04
3.125251572882466162e-05 4.070011965455379711e-04
3.150379088898182787e-05 4.079103566903343760e-04
3.175708634109434327e-05 4.088219321483894768e-04
3.201241832862848988e-05 4.097359417718317905e-04
3.226980322565056188e-05 4.106524046006853235e-04
3.252925753787689510e-05 4.115713398648411926e-04
3.279079790373246164e-05 4.124927669860549428e-04
3.305444109541771805e-05 4.134167055799711321e-04
3.332020401998432363e-05 4.143431754581743164e-04
3.358810372041927481e-05 4.152721966302677908e-04
3.385815737673786231e-05 4.162037893059803567e-04
3.413038230708545089e-05 4.171379738973004657e-04
3.440479596884797343e-05 4.180747710206405036e-04
3.468141595977155943e-05 4.190142014990281801e-04
3.496026001909093874e-05 4.199562863643289804e-04
3.524134602866713556e-05 4.209010468594985956e-04
3.552469201413415453e-05 4.218485044408643004e-04
3.581031614605489612e-05 4.227986807804388577e-04
3.609823674108652485e-05 4.237515977682646180e-04
3.638847226315495165e-05 4.247072775147896564e-04
3.668104132463901305e-05 4.256657423532769248e-04
3.697596268756402863e-05 4.266270148422448443e-04
3.727325526480487246e-05 4.275911177679426480e-04
3.757293812129902590e-05 4.285580741468575437e-04
3.787503047526898846e-05 4.295279072282580900e-04
3.817955169945486658e-05 4.305006404967715071e-04
3.848652132235664571e-05 4.314762976749956830e-04
3.879595902948648447e-05 4.324549027261479872e-04
3.910788466463123420e-05 4.334364798567501352e-04
3.942231823112485865e-05 4.344210535193497526e-04
3.973927989313133649e-05 4.354086484152798866e-04
4.005878997693771473e-05 4.363992894974557594e-04
4.038086897225752979e-05 4.373930019732113670e-04
4.070553753354493509e-05 4.383898113071741320e-04
4.103281648131906073e-05 4.393897432241802696e-04
4.136272680349939148e-05 4.403928237122301599e-04
4.169528965675156656e-05 4.413990790254852456e-04
4.203052636784409608e-05 4.424085356873054238e-04
4.236845843501618367e-05 4.434212204933309998e-04
4.270910752935616085e-05 4.444371605146049719e-04
4.305249549619143416e-05 4.454563831007409620e-04
4.339864435648919309e-05 4.464789158831354359e-04
4.374757630826873924e-05 4.475047867782233992e-04
4.409931372802497604e-05 4.485340239907815280e-04
4.445387917216327573e-05 4.495666560172764019e-04
4.481129537844615751e-05 4.506027116492614722e-04
4.517158526745124799e-05 4.516422199768201627e-04
4.553477194404133066e-05 4.526852103920591145e-04
4.590087869884590133e-05 4.537317125926501669e-04
4.626992900975475154e-05 4.547817565854219931e-04
4.664194654342367459e-05 4.558353726900041042e-04
4.701695515679205051e-05 4.568925915425218641e-04
4.739497889861286531e-05 4.579534440993432215e-04
4.777604201099489375e-05 4.590179616408814403e-04
4.816016893095722163e-05 4.600861757754487339e-04
4.854738429199649389e-05 4.611581184431681746e-04
4.893771292566647524e-05 4.622338219199390009e-04
4.933117986317064147e-05 4.633133188214610672e-04
4.972781033696725949e-05 4.643966421073160520e-04
5.012762978238749804e-05 4.654838250851066708e-04
5.053066383926666411e-05 4.665749014146575255e-04
5.093693835358833452e-05 4.676699051122742848e-04
5.134647937914193165e-05 4.687688705550663434e-04
5.175931317919344512e-05 4.698718324853315528e-04
5.217546622816960429e-05 4.709788260150036729e-04
5.259496521335581346e-05 4.720898866301653633e-04
5.301783703660735490e-05 4.732050501956276906e-04
5.344410881607475431e-05 4.743243529595728451e-04
5.387380788794275980e-05 4.754478315582703657e-04
5.430696180818325285e-05 4.765755230208559238e-04
5.474359835432261983e-05 4.777074647741861636e-04
5.518374552722281155e-05 4.788436946477590828e-04
5.562743155287722254e-05 4.799842508787121502e-04
5.607468488422068524e-05 4.811291721168887829e-04
5.652553420295404674e-05 4.822784974299839690e-04
5.698000842138363975e-05 4.834322663087635636e-04
5.743813668427524794e-05 4.845905186723599651e-04
5.789994837072321636e-05 4.857532948736486742e-04
5.836547309603438136e-05 4.869206357047031319e-04
5.883474071362739639e-05 4.880925824023306012e-04
5.930778131694710090e-05 4.892691766536909912e-04
5.978462524139431896e-05 4.904504606019986215e-04
6.026530306627136518e-05 4.916364768523103987e-04
6.074984561674290562e-05 4.928272684774002944e-04
6.123828396581283110e-05 4.940228790237199095e-04
6.173064943631691908e-05 4.952233525174521171e-04
6.222697360293141312e-05 4.964287334706513326e-04
6.272728829419804144e-05 4.976390668874816885e-04
6.323162559456489880e-05 4.988543982705427029e-04
6.374001784644422151e-05 5.000747736272968640e-04
6.425249765228633074e-05 5.013002394765908891e-04
6.476909787667032659e-05 5.025308428552764054e-04
6.528985164841180427e-05 5.037666313249315698e-04
6.581479236268715852e-05 5.050076529786857961e-04
6.634395368317537076e-05 5.062539564481456384e-04
6.687736954421672343e-05 5.075055909104311553e-04
6.741507415298883435e-05 5.087626060953140796e-04
6.795710199170055339e-05 5.100250522924713479e-04
6.850348781980305731e-05 5.112929803588440146e-04
6.905426667621903714e-05 5.125664417261152107e-04
6.960947388158965300e-05 5.138454884082980416e-04
7.016914504053955439e-05 5.151301730094435052e-04
7.073331604396027776e-05 5.164205487314675646e-04
7.130202307131165533e-05 5.177166693820966148e-04
7.187530259294226524e-05 5.190185893829413200e-04
7.245319137242786590e-05 5.203263637776901459e-04
7.303572646892929180e-05 5.216400482404337556e-04
7.362294523956887556e-05 5.229596990841184258e-04
7.421488534182606037e-05 5.242853732691323855e-04
7.481158473595235199e-05 5.256171284120236689e-04
7.541308168740571847e-05 5.269550227943582644e-04
7.601941476930443786e-05 5.282991153717155226e-04
7.663062286490078675e-05 5.296494657828235359e-04
7.724674517007452913e-05 5.310061343588421854e-04
7.786782119584632737e-05 5.323691821327887616e-04
7.849389077091186156e-05 5.337386708491155887e-04
7.912499404419578964e-05 5.351146629734383547e-04
7.976117148742641592e-05 5.364972217024185051e-04
8.040246389773123036e-05 5.378864109738021966e-04
8.104891240025283096e-05 5.392822954766218800e-04
8.170055845078670631e-05 5.406849406615573707e-04
8.235744383843937404e-05 5.420944127514644266e-04
8.301961068830837956e-05 5.435107787520715959e-04
8.368710146418376192e-05 5.449341064628491268e-04
8.435995897127095979e-05 5.463644644880511327e-04
8.503822635893618759e-05 5.478019222479371935e-04
8.572194712347334651e-05 5.492465499901756686e-04
8.641116511089336498e-05 5.506984188014270960e-04
8.710592451973614479e-05 5.521576006191219891e-04
8.780626990390457071e-05 5.536241682434232727e-04
8.851224617552214211e-05 5.550981953493863696e-04
8.922389860781289859e-05 5.565797564993181295e-04
8.994127283800473717e-05 5.580689271553348173e-04
9.066441487025608055e-05 5.595657836921280517e-04
9.139337107860592347e-05 5.610704034099365254e-04
9.212818820994800252e-05 5.625828645477347822e-04
9.286891338702845256e-05 5.641032462966356908e-04
9.361559411146762723e-05 5.656316288135145292e-04
9.436827826680658506e-05 5.671680932348585830e-04
9.512701412157736035e-05 5.687127216908447521e-04
9.589185033239875332e-05 5.702655973196509107e-04
9.666283594709648784e-05 5.718268042820052501e-04
9.744002040784852255e-05 5.733964277759767475e-04
9.822345355435578660e-05 5.749745540520132675e-04
9.901318562703801459e-05 5.765612704282276199e-04
9.980926727025615807e-05 5.781566653059444765e-04
1.006117495355596795e-04 5.797608281855038109e-04
1.014206838849605853e-04 5.813738496823308340e-04
1.022361221942336964e-04 5.829958215432763310e-04
1.030581167562429269e-04 5.846268366632329265e-04
1.038867202842953710e-04 5.862669891020313995e-04
1.047219859155213854e-04 5.879163741016239873e-04
1.055639672142821552e-04 5.895750881035568451e-04
1.064127181756049337e-04 5.912432287667432644e-04
1.072682932286452532e-04 5.929208949855340697e-04
1.081307472401778929e-04 5.946081869081020019e-04
1.090001355181150741e-04 5.963052059551365077e-04
1.098765138150534958e-04 5.980120548388610791e-04
1.107599383318491929e-04 5.997288375823728182e-04
1.116504657212222511e-04 6.014556595393210324e-04
1.125481530913895482e-04 6.031926274139205214e-04
1.134530580097269450e-04 6.049398492813096422e-04
1.143652385064612242e-04 6.066974346082645332e-04
1.152847530783910858e-04 6.084654942742681984e-04
1.162116606926390016e-04 6.102441405929493043e-04
1.171460207904322890e-04 6.120334873338904727e-04
1.180878932909151791e-04 6.138336497448210324e-04
1.190373385949912975e-04 6.156447445741939023e-04
1.199944175891968676e-04 6.174668900941587520e-04
1.209591916496056957e-04 6.193002061239415200e-04
1.219317226457648513e-04 6.211448140536297499e-04
1.229120729446623597e-04 6.230008368683816319e-04
1.239003054147266609e-04 6.248683991730600521e-04
1.248964834298581207e-04 6.267476272173022741e-04
1.259006708734934741e-04 6.286386489210364203e-04
1.269129321427023207e-04 6.305415939004493063e-04
1.279333321523168506e-04 6.324565934944170135e-04
1.289619363390948558e-04 6.343837807914082813e-04
1.299988106659156735e-04 6.363232906568649493e-04
1.310440216260109060e-04 6.382752597610800473e-04
1.320976362472282080e-04 6.402398266075690894e-04
1.331597220963295794e-04 6.422171315619569065e-04
1.342303472833246772e-04 6.442073168813827267e-04
1.353095804658380088e-04 6.462105267444361902e-04
1.363974908535125282e-04 6.482269072816395847e-04
1.374941482124475997e-04 6.502566066064760855e-04
1.385996228696729864e-04 6.522997748469905625e-04
1.397139857176590220e-04 6.543565641779601353e-04
1.408373082188622914e-04 6.564271288536524746e-04
1.419696624103092308e-04 6.585116252411885463e-04
1.431111209082152084e-04 6.606102118545121834e-04
1.442617569126413628e-04 6.627230493889861096e-04
1.454216442121890893e-04 6.648503007566266675e-04
1.465908571887313905e-04 6.669921311219845130e-04
1.477694708221835823e-04 6.691487079386957814e-04
1.489575606953113238e-04 6.713202009867043742e-04
1.501552029985774896e-04 6.735067824101804122e-04
1.513624745350286138e-04 6.757086267561442875e-04
1.525794527252193099e-04 6.779259110138080233e-04
1.538062156121781335e-04 6.801588146546569272e-04
1.550428418664117985e-04 6.824075196732808622e-04
1.562894107909502679e-04 6.846722106289729153e-04
1.575460023264325026e-04 6.869530746881111856e-04
1.588126970562324608e-04 6.892503016673377867e-04
1.600895762116275706e-04 6.915640840775623844e-04
1.613767216770073463e-04 6.938946171687902700e-04
1.626742159951247483e-04 6.962420989758077126e-04
1.639821423723897189e-04 6.986067303647371671e-04
1.653005846842043518e-04 7.009887150804787080e-04
1.666296274803426758e-04 7.033882597950603510e-04
1.679693559903720724e-04 7.058055741569154752e-04
1.693198561291191727e-04 7.082408708411058870e-04
1.706812145021795017e-04 7.106943656005139430e-04
1.720535184114707075e-04 7.131662773180211896e-04
1.734368558608322488e-04 7.156568280596956348e-04
1.748313155616680169e-04 7.181662431290149759e-04
1.762369869386359303e-04 7.206947511221386844e-04
1.776539601353816563e-04 7.232425839842572448e-04
1.790823260203205534e-04 7.258099770670458717e-04
1.805221761924642276e-04 7.283971691872389654e-04
1.819736029872947669e-04 7.310044026863528463e-04
1.834366994826862199e-04 7.336319234915860419e-04
1.849115595048731288e-04 7.362799811779188091e-04
1.863982776344680955e-04 7.389488290314355284e-04
1.878969492125266184e-04 7.416387241139083507e-04
1.894076703466615055e-04 7.443499273286553232e-04
1.909305379172058581e-04 7.470827034877133279e-04
1.924656495834256586e-04 7.498373213803465401e-04
1.940131037897832058e-04 7.526140538429313895e-04
1.955729997722496381e-04 7.554131778302324452e-04
1.971454375646690112e-04 7.582349744881162774e-04
1.987305180051735214e-04 7.610797292277279077e-04
2.003283427426491732e-04 7.639477318011629169e-04
2.019390142432557099e-04 7.668392763786695786e-04
2.035626357969967431e-04 7.697546616274215676e-04
2.051993115243438764e-04 7.726941907918833622e-04
2.068491463829138718e-04 7.756581717758220069e-04
2.085122461741987544e-04 7.786469172259859444e-04
2.101887175503518331e-04 7.816607446175048018e-04
2.118786680210263602e-04 7.846999763410357183e-04
2.135822059602701629e-04 7.877649397917066290e-04
2.152994406134757315e-04 7.908559674598920680e-04
2.170304821043851954e-04 7.939733970238656161e-04
2.187754414421534395e-04 7.971175714443761579e-04
2.205344305284664605e-04 8.002888390611856764e-04
2.223075621647172949e-04 8.034875536916184606e-04
2.240949500592402763e-04 8.067140747311699707e-04
2.258967088346021054e-04 8.099687672562206828e-04
2.277129540349535810e-04 8.132520021289055441e-04
2.295438021334385769e-04 8.165641561041923815e-04
2.313893705396633004e-04 8.199056119392130653e-04
2.332497776072261033e-04 8.232767585049128060e-04
2.351251426413061385e-04 8.266779909000633369e-04
2.370155859063158212e-04 8.301097105676987463e-04
2.389212286336122172e-04 8.335723254140342412e-04
2.408421930292714769e-04 8.370662499299229200e-04
2.427786022819262892e-04 8.405919053149176661e-04
2.447305805706645921e-04 8.441497196039898787e-04
2.466982530729946370e-04 8.477401277969827788e-04
2.486817459728712563e-04 8.513635719908567521e-04
2.506811864687881583e-04 8.550205015147948175e-04
2.526967027819353563e-04 8.587113730682389111e-04
2.547284241644207818e-04 8.624366508619284340e-04
2.567764809075602571e-04 8.661968067620216209e-04
2.588410043502323570e-04 8.699923204373535054e-04
2.609221268873007627e-04 8.738236795099380352e-04
2.630199819781050825e-04 8.776913797087660535e-04
2.651347041550184054e-04 8.815959250269993263e-04
2.672664290320760322e-04 8.855378278826349933e-04
2.694152933136712653e-04 8.895176092827332490e-04
2.715814348033222672e-04 8.935357989912874003e-04
2.737649924125095551e-04 8.975929357008370245e-04
2.759661061695831011e-04 9.016895672079136732e-04
2.781849172287437005e-04 9.058262505924137738e-04
2.804215678790938915e-04 9.100035524010002081e-04
2.826762015537631428e-04 9.142220488346317758e-04
2.849489628391061163e-04 9.184823259403295014e-04
2.872399974839737343e-04 9.227849798072771488e-04
2.895494524090617668e-04 9.271306167673814928e-04
2.918774757163309762e-04 9.315198536003911189e-04
2.942242166985054876e-04 9.359533177436983251e-04
2.965898258486465646e-04 9.404316475069440405e-04
2.989744548698028762e-04 9.449554922915452378e-04
3.013782566847401814e-04 9.495255128152778725e-04
3.038013854457472331e-04 9.541423813420360197e-04
3.062439965445217503e-04 9.588067819169165040e-04
3.087062466221344526e-04 9.635194106067499105e-04
3.111882935790757118e-04 9.682809757462361618e-04
3.136902965853806445e-04 9.730921981898181267e-04
3.162124160908364964e-04 9.779538115694556746e-04
3.187548138352724251e-04 9.828665625584429629e-04
3.213176528589305452e-04 9.878312111414341932e-04
3.239010975129229491e-04 9.928485308908535818e-04
3.265053134697705863e-04 9.979193092498311445e-04
3.291304677340273601e-04 1.003044347821868123e-03
3.317767286529906359e-04 1.008224462667388398e-03
3.344442659274956663e-04 1.013460484607376678e-03
3.371332506228001138e-04 1.018753259534280415e-03
3.398438551795530320e-04 1.024103648730382947e-03
3.425762534248534574e-04 1.029512529193838495e-03
3.453306205833981215e-04 1.034980793972584958e-03
3.481071332887170381e-04 1.040509352506340315e-03
3.509059695945026028e-04 1.046099130976916800e-03
3.537273089860266213e-04 1.051751072667057559e-03
3.565713323916510128e-04 1.057466138328054701e-03
3.594382221944303997e-04 1.063245306556368170e-03
3.623281622438071252e-04 1.069089574179507606e-03
3.652413378674029278e-04 1.074999956651428740e-03
3.681779358829027188e-04 1.080977488457704949e-03
3.711381446100349619e-04 1.087023223530751313e-03
3.741221538826488722e-04 1.093138235675377660e-03
3.771301550608867001e-04 1.099323619004957241e-03
3.801623410434573874e-04 1.105580488388522003e-03
3.832189062800059050e-04 1.111909979909071321e-03
3.863000467835828243e-04 1.118313251333429665e-03
3.894059601432149371e-04 1.124791482593968245e-03
3.925368455365750250e-04 1.131345876282530008e-03
3.956929037427569054e-04 1.137977658156917940e-03
3.988743371551494647e-04 1.144688077660281893e-03
4.020813497944166186e-04 1.151478408453795793e-03
4.053141473215809217e-04 1.158349948962995347e-03
4.085729370512106639e-04 1.165304022938174833e-03
4.118579279647176109e-04 1.172341980029251900e-03
4.151693307237561159e-04 1.179465196375511539e-03
4.185073576837339054e-04 1.186675075210673943e-03
4.218722229074299839e-04 1.193973047483726235e-03
4.252641421787207413e-04 1.201360572495980368e-03
4.286833330164200109e-04 1.208839138554843344e-03
4.321300146882270593e-04 1.216410263644777685e-03
4.356044082247878752e-04 1.224075496115975157e-03
4.391067364338702996e-04 1.231836415391261578e-03
4.426372239146505582e-04 1.239694632691772840e-03
4.461960970721188927e-04 1.247651791781978969e-03
4.497835841315968655e-04 1.255709569734614990e-03
4.533999151533739261e-04 1.263869677716131191e-03
4.570453220474606925e-04 1.272133861793281213e-03
4.607200385884599762e-04 1.280503903761477224e-03
4.644243004305602146e-04 1.288981621995592642e-03
4.681583451226464299e-04 1.297568872323874405e-03
4.719224121235342999e-04 1.306267548925688386e-03
4.757167428173265261e-04 1.315079585253818963e-03
4.795415805288906876e-04 1.324006954982082313e-03
4.833971705394661143e-04 1.333051672979042529e-03
4.872837601023917030e-04 1.342215796308623109e-03
4.912015984589624285e-04 1.351501425258461652e-03
4.951509368544114052e-04 1.360910704396865820e-03
4.991320285540247091e-04 1.370445823659291028e-03
5.031451288593801786e-04 1.380109019465215704e-03
5.071904951247213069e-04 1.389902575866427178e-03
5.112683867734603167e-04 1.399828825727679254e-03
5.153790653148137245e-04 1.409890151940748843e-03
5.195227943605744067e-04 1.420088988672984099e-03
5.236998396420151783e-04 1.430427822651403986e-03
5.279104690269306082e-04 1.440909194483517381e-03
5.321549525368147928e-04 1.451535700016043286e-03
5.364335623641758484e-04 1.462309991732739511e-03
5.407465728899942762e-04 1.473234780192616373e-03
5.450942607013164196e-04 1.484312835509860734e-03
5.494769046089919033e-04 1.495546988876798964e-03
5.538947856655542954e-04 1.506940134131342767e-03
5.583481871832424994e-04 1.518495229370358125e-03
5.628373947521717654e-04 1.530215298610484347e-03
5.673626962586468406e-04 1.542103433497955811e-03
5.719243819036233306e-04 1.554162795069078925e-03
5.765227442213192218e-04 1.566396615563027048e-03
5.811580780979722300e-04 1.578808200288725396e-03
5.858306807907532731e-04 1.591400929547626998e-03
5.905408519468276132e-04 1.604178260614268388e-03
5.952888936225707132e-04 1.617143729776557900e-03
6.000751103029398946e-04 1.630300954437828792e-03
6.048998089209976737e-04 1.643653635282751012e-03
6.097632988775985967e-04 1.657205558509295372e-03
6.146658920612284045e-04 1.670960598129007674e-03
6.196079028680055029e-04 1.684922718337958066e-03
6.245896482218431115e-04 1.699095975960790124e-03
6.296114475947713323e-04 1.713484522970423187e-03
6.346736230274272698e-04 1.728092609086037765e-03
6.397764991497051790e-04 1.742924584452074273e-03
6.449204032015748824e-04 1.757984902401102173e-03
6.501056650540675864e-04 1.773278122303487310e-03
6.553326172304284498e-04 1.788808912506959555e-03
6.606015949274431651e-04 1.804582053369249012e-03
6.659129360369322667e-04 1.820602440387112568e-03
6.712669811674197790e-04 1.836875087425200292e-03
6.766640736659765287e-04 1.853405130048334107e-03
6.821045596402363883e-04 1.870197828960939914e-03
6.875887879805948812e-04 1.887258573557505040e-03
6.931171103825810439e-04 1.904592885588098604e-03
6.986898813694109988e-04 1.922206422943115297e-03
7.043074583147245415e-04 1.940104983561669830e-03
7.099702014655001874e-04 1.958294509468108506e-03
7.156784739651603873e-04 1.976781090941441381e-03
7.214326418768575878e-04 1.995570970822551152e-03
7.272330742069501360e-04 2.014670548964335450e-03
7.330801429286661845e-04 2.034086386830119639e-03
7.389742230059551630e-04 2.053825212245862387e-03
7.449156924175380935e-04 2.073893924311995263e-03
7.509049321811437369e-04 2.094299598480869017e-03
7.569423263779437999e-04 2.115049491806117454e-03
7.630282621771837309e-04 2.136151048370488366e-03
7.691631298610088902e-04 2.157611904898942053e-03
7.753473228494966096e-04 2.179439896564148473e-03
7.815812377258829751e-04 2.201643062991787223e-03
7.878652742619963664e-04 2.224229654473392458e-03
7.941998354438942849e-04 2.247208138394793126e-03
8.005853274977030353e-04 2.270587205888551126e-03
8.070221599156741400e-04 2.294375778719234468e-03
8.135107454824400293e-04 2.318583016410584192e-03
8.200515003014873308e-04 2.343218323624222683e-03
8.266448438218407116e-04 2.368291357799815616e-03
8.332911988649591151e-04 2.393812037067140526e-03
8.399909916518553434e-04 2.419790548440932214e-03
8.467446518304247828e-04 2.446237356309834046e-03
8.535526125030014864e-04 2.473163211231360105e-03
8.604153102541277354e-04 2.500579159045211199e-03
8.673331851785569214e-04 2.528496550317969015e-03
8.743066809094732694e-04 2.556927050132617313e-03
8.813362446469410853e-04 2.585882648237110108e-03
8.884223271865854818e-04 2.615375669566733299e-03
8.955653829484965574e-04 2.645418785155745182e-03
9.027658700063762205e-04 2.676025023454492099e-03
9.100242501169103103e-04 2.707207782068854658e-03
9.173409887493819527e-04 2.738980839939843606e-03
9.247165551155207310e-04 2.771358369981736028e-03
9.321514221995905961e-04 2.804354952198241050e-03
9.396460667887263866e-04 2.837985587297004765e-03
9.472009695035055101e-04 2.872265710823608889e-03
9.548166148287706191e-04 2.907211207837436320e-03
9.624934911447002427e-04 2.942838428152679247e-03
9.702320907581239067e-04 2.979164202168860937e-03
9.780329099340981120e-04 3.016205857316609298e-03
9.858964489277283194e-04 3.053981235145355327e-03
9.938232120162494073e-04 3.092508709081228518e-03
1.001813707531366664e-03 3.131807202884494701e-03
1.009868447891848963e-03 3.171896209837606062e-03
1.017987949636395923e-03 3.212795812696235889e-03
1.026172733456759195e-03 3.254526704437313810e-03
1.034423324231133938e-03 3.297110209839842349e-03
1.042740251057820266e-03 3.340568307935960941e-03
1.051124047289148794e-03 3.384923655371586612e-03
1.059575250565690475e-03 3.430199610718047409e-03
1.068094402850729889e-03 3.476420259778003393e-03
1.076682050465022165e-03 3.523610441931375546e-03
1.085338744121828319e-03 3.571795777569121075e-03
1.094065038962228594e-03 3.621002696665208929e-03
1.102861494590727433e-03 3.671258468539864185e-03
1.111728675111137328e-03 3.722591232869530004e-03
1.120667149162754084e-03 3.775030032002295744e-03
1.129677489956824616e-03 3.828604844640256383e-03
1.138760275313301183e-03 3.883346620953596028e-03
1.147916087697903537e-03 3.939287319194691162e-03
1.157145514259465789e-03 3.996459943883866849e-03
1.166449146867592048e-03 4.054898585642511405e-03
1.175827582150612387e-03 4.114638462753064489e-03
1.185281421533839353e-03 4.175715964529773741e-03
1.194811271278143662e-03 4.238168696588599793e-03
1.204417742518827834e-03 4.302035528109258641e-03
1.214101451304818368e-03 4.367356641187714224e-03
1.223863018638174068e-03 4.434173582382537615e-03
1.233703070513904451e-03 4.502529316564271231e-03
1.243622237960121659e-03 4.572468283183089496e-03
1.253621157078501800e-03 4.644036455076274231e-03
1.263700469085079136e-03 4.717281399943052886e-03
1.273860820351367272e-03 4.792252344624243522e-03
1.284102862445805166e-03 4.869000242326948502e-03
1.294427252175548576e-03 4.947577842947620437e-03
1.304834651628585234e-03 5.028039766651781761e-03
1.315325728216194595e-03 5.110442580880735636e-03
1.325901154715749966e-03 5.194844880960511682e-03
1.336561609313856530e-03 5.281307374505523657e-03
1.347307775649851051e-03 5.369892969813753851e-03
1.358140342859637034e-03 5.460666868465391052e-03
1.369060005619880714e-03 5.553696662348287655e-03
1.380067464192554633e-03 5.649052435346683942e-03
1.391163424469852011e-03 5.746806869943702281e-03
1.402348598019449591e-03 5.847035359002625797e-03
1.413623702130140190e-03 5.949816123008216592e-03
1.424989459857833006e-03 6.055230333065887358e-03
1.436446600071917580e-03 6.163362239974350641e-03
1.447995857502011553e-03 6.274299309706888282e-03
1.459637972785074239e-03 6.388132365656074355e-03
1.471373692512902270e-03 6.504955738019216685e-03
1.483203769280009915e-03 6.624867420724366365e-03
1.495128961731886268e-03 6.747969236321666592e-03
1.507150034613653159e-03 6.874367009291275366e-03
1.519267758819103616e-03 7.004170748247013495e-03
1.531482911440137581e-03 7.137494837544980722e-03
1.543796275816598567e-03 7.274458238838872430e-03
1.556208641586501705e-03 7.415184703157350066e-03
1.568720804736680732e-03 7.559802994116361294e-03
1.581333567653827243e-03 7.708447122917726560e-03
1.594047739175949311e-03 7.861256595827943033e-03
1.606864134644240584e-03 8.018376674875758378e-03
1.619783575955363987e-03 8.179958652555168949e-03
1.632806891614164329e-03 8.346160141372410343e-03
1.645934916786794639e-03 8.517145379130008909e-03
1.659168493354277281e-03 8.693085550900848946e-03
1.672508469966490054e-03 8.874159128708269256e-03
1.685955702096587081e-03 9.060552229996004375e-03
1.699511052095865503e-03 9.252458996045789114e-03
1.713175389249062177e-03 9.450081991577079926e-03
1.726949589830099017e-03 9.653632626849399309e-03
1.740834537158281311e-03 9.863331603676622067e-03
1.754831121654936658e-03 1.007940938686053070e-02
1.768940240900524451e-03 1.030210670265503323e-02
1.783162799692191184e-03 1.053167506598453457e-02
1.797499710101796303e-03 1.076837733826114737e-02
1.811951891534400788e-03 1.101248831777486281e-02
1.826520270787224554e-03 1.126429536477107154e-02
1.841205782109086751e-03 1.152409906348071320e-02
1.856009367260314218e-03 1.179221392353007811e-02
1.870931975573134369e-03 1.206896912333291737e-02
1.885974564012557909e-03 1.235470929825642321e-02
1.901138097237740129e-03 1.264979537655555424e-02
1.916423547663853285e-03 1.295460546629126526e-02
1.931831895524439282e-03 1.326953579668428695e-02
1.947364128934272586e-03 1.359500171761341206e-02
1.963021243952727934e-03 1.393143876124447456e-02
1.978804244647650035e-03 1.427930377007526758e-02
1.994714143159752578e-03 1.463907609600658202e-02
2.010751959767517923e-03 1.501125887539961519e-02
2.026918722952629568e-03 1.539638038546043558e-02
2.043215469465927206e-03 1.579499548770364054e-02
2.059643244393885662e-03 1.620768716469227558e-02
2.076203101225645477e-03 1.663506815673623795e-02
2.092896101920564775e-03 1.707778270575357332e-02
2.109723316976321907e-03 1.753650841406993038e-02
2.126685825497567125e-03 1.801195822654843778e-02
2.143784715265118542e-03 1.850488254511267402e-02
2.161021082805727501e-03 1.901607148545695486e-02
2.178396033462392991e-03 1.954635728652819038e-02
2.195910681465245047e-03 2.009661688422896553e-02
2.213566150003002352e-03 2.066777466172865785e-02
2.231363571294992746e-03 2.126080538979333717e-02
2.249304086663771358e-03 2.187673737165822530e-02
2.267388846608305118e-03 2.251665580818181661e-02
2.285619010877755312e-03 2.318170640034415697e-02
2.303995748545849091e-03 2.387309920759998066e-02
2.322520238085847271e-03 2.459211278217145191e-02
2.341193667446127107e-03 2.534009860109458223e-02
2.360017234126355733e-03 2.611848581971262448e-02
2.378992145254289411e-03 2.692878637237573064e-02
2.398119617663175586e-03 2.777260044835640554e-02
2.417400877969798963e-03 2.865162237346603746e-02
2.436837162653135609e-03 2.956764693055482368e-02
2.456429718133647157e-03 3.052257615504878202e-02
2.476179800853214701e-03 3.151842664492741919e-02
2.496088677355704551e-03 3.255733742811233594e-02
2.516157624368201007e-03 3.364157843415865878e-02
2.536387928882874454e-03 3.477355962144457885e-02
2.556780888239515610e-03 3.595584081578726693e-02
2.577337810208732861e-03 3.719114232162135103e-02
2.598060013075811827e-03 3.848235637260738473e-02
2.618948825725264922e-03 3.983255949484938718e-02
2.640005587726044871e-03 4.124502586285769268e-02
2.661231649417449517e-03 4.272324173606634190e-02
2.682628371995720087e-03 4.427092107218341677e-02
2.704197127601325103e-03 4.589202242299703777e-02
2.725939299406963338e-03 4.759076722859895137e-02
2.747856281706260225e-03 4.937165963740369062e-02
2.769949480003181582e-03 5.123950799198753042e-02
2.792220311102168537e-03 5.319944813476434886e-02
2.814670203198986736e-03 5.525696870302442693e-02
2.837300595972329711e-03 5.741793860005585393e-02
2.860112940676130897e-03 5.968863684814376680e-02
2.883108700232635876e-03 6.207578505043258310e-02
2.906289349326216659e-03 6.458658271216516367e-02
2.929656374497934500e-03 6.722874569799469624e-02
2.953211274240882464e-03 7.001054813118517961e-02
2.976955559096272630e-03 7.294086807295022123e-02
3.000890751750306083e-03 7.602923735633021485e-02
3.025018387131824405e-03 7.928589598931928828e-02
3.049340012510731376e-03 8.272185158695150031e-02
3.073857187597232605e-03 8.634894434232556759e-02
3.098571484641848405e-03 9.017991810272965592e-02
3.123484488536240264e-03 9.422849817990421040e-02
3.148597796914852191e-03 9.850947659387576660e-02
3.173913020257353081e-03 1.030388055286801940e-01
3.199431781991931255e-03 1.078336998667785290e-01
3.225155718599389577e-03 1.129127497682730630e-01
3.251086479718097531e-03 1.182960443726357863e-01
3.277225728249777686e-03 1.240053078260893171e-01
3.303575140466138288e-03 1.300640489790181320e-01
3.330136406116384045e-03 1.364977262568038141e-01
3.356911228535568691e-03 1.433339293867627595e-01
3.383901324753826184e-03 1.506025798662565252e-01
3.411108425606490090e-03 1.583361522854601910e-01
3.438534275845072079e-03 1.665699188766917027e-01
3.466180634249170674e-03 1.753422199544431570e-01
3.494049273739247355e-03 1.846947632413400431e-01
3.522141981490323811e-03 1.946729554505571280e-01
3.550460559046594682e-03 2.053262699211167996e-01
3.579006822436944530e-03 2.167086545862400571e-01
3.607782602291425417e-03 2.288789851049885526e-01
3.636789743958642601e-03 2.419015686134090570e-01
3.666030107624094342e-03 2.558467042646713763e-01
3.695505568429467095e-03 2.707913075410653403e-01
3.725218016592873535e-03 2.868196062493852394e-01
3.755169357530087609e-03 3.040239171725450107e-01
3.785361511976723277e-03 3.225055135644451232e-01
3.815796416111416362e-03 3.423755950658717295e-01
3.846476021679973070e-03 3.637563732135969952e-01
3.877402296120556740e-03 3.867822875452447962e-01
3.908577222689836074e-03 4.116013694054959648e-01
3.940002800590182430e-03 4.383767729789523893e-01
3.971681045097868491e-03 4.672884958616692064e-01
4.003613987692299092e-03 4.985353146968476978e-01
4.035803676186301529e-03 5.323369651101231836e-01
