2.497382406435652939e-25 9.768325619515944397e-18
1.592405960127358361e-24 3.089015920155193588e-17
1.015365822756892167e-23 9.768326876420302874e-17
6.474277161963938908e-23 3.089016721595150065e-16
4.128193389070159467e-22 9.768331986641967382e-16
2.632259977636328568e-21 3.089019980025807047e-15
1.678407946733001633e-20 9.768352763373603653e-15
1.070203270037972128e-19 3.089033227893325649e-14
6.823937180644061677e-19 9.768437235752100315e-14
4.351147109064984495e-18 3.089087090016611440e-13
1.915297948882004416e-17 7.759322488683919743e-13
8.060281057525431301e-17 1.949163039787816667e-12
3.231548868885900942e-16 4.896382250613372468e-12
4.345363206717196250e-16 6.163781780305984805e-12
1.185699981296668146e-15 1.229732179640797847e-11
3.167099671296256822e-15 2.454290871984140256e-11
8.312293945536222779e-15 4.898397135859626299e-11
2.151611673377367987e-14 9.773430848120292535e-11
5.516190296262407946e-14 1.950308160666369755e-10
7.219962673568143336e-14 2.455395918119563429e-10
1.345996703506809824e-13 3.892770603306517574e-10
2.502777173064534741e-13 6.169465998965407740e-10
3.411676113431318569e-13 7.768626451909397954e-10
4.161104603351930561e-13 9.006720410829545173e-10
5.668224300832851639e-13 1.192414995932578561e-09
1.051017683769589897e-12 1.890432911212288601e-09
1.946696275912857264e-12 3.094630240399093478e-09
3.604197434436283020e-12 4.906521065391501087e-09
4.678350727597027810e-12 5.964785761620009416e-09
6.363945126095426008e-12 7.510858710852283575e-09
8.659328086403540721e-12 9.798092857573101657e-09
1.177437263656969924e-11 1.233578754396143564e-08
1.601314678573479096e-11 1.553407705195085344e-08
2.068158225216417963e-11 1.881943995759334440e-08
2.812629084553211013e-11 2.462793118627416045e-08
3.823985723652250255e-11 3.101071367919697201e-08
4.915490723856361436e-11 3.744047090307774978e-08
6.683712298751739095e-11 4.918310976261355027e-08
9.088989403667837668e-11 6.194746997419662658e-08
1.198094057756214983e-10 7.622496704508910767e-08
1.235276287134856064e-10 8.111821537560480725e-08
1.679810496150610554e-10 1.052041443179145334e-07
2.145827771029579730e-10 1.264403182978826954e-07
2.389577941400671919e-10 1.370814666799720085e-07
2.718434103460653354e-10 1.558050328926489486e-07
3.695913600236930604e-10 2.029070399259184632e-07
4.805596579248377059e-10 2.471473550088626382e-07
6.228436556804378813e-10 3.112918511513913844e-07
6.449051117784316288e-10 3.195404339442749206e-07
6.519284217721749412e-10 3.221516175955882510e-07
6.901021772675798839e-10 3.362246542759246589e-07
7.517420508597271333e-10 3.585491157042282318e-07
7.842145311837404764e-10 3.701260768930860222e-07
8.123077711587138292e-10 3.800461204279264704e-07
8.948523203792971162e-10 4.248355205313744057e-07
1.780367769825735293e-09 1.571243743291283042e-06
2.831798589477310162e-09 2.360915204371286954e-06
4.352717025416528164e-09 3.331634749736530039e-06
6.442936706730940560e-09 4.497300351158025239e-06
9.210451352971400048e-09 5.875749191388290656e-06
1.726412223638507203e-08 9.359364509061765243e-06
2.961440629244172500e-08 1.399035730184682620e-05
4.760234259406434222e-08 2.000744564924680080e-05
7.280858902572716169e-08 2.762541866450402925e-05
1.069774052811704485e-07 3.692082460755834189e-05
1.786399553702715184e-07 5.352425790188030335e-05
3.179080611873818725e-07 7.810458603098302793e-05
4.169532575344421554e-07 9.195064971249766836e-05
4.437988271458211392e-07 9.546604737380116803e-05
8.192319285407806845e-07 1.258634192745901824e-04
1.176739099825868507e-06 1.521222969358071919e-04
1.186200267955102264e-06 1.525826663472438865e-04
1.195737505369687994e-06 1.530435972372153899e-04
1.205351423678688753e-06 1.535050901136023320e-04
1.215042639408601068e-06 1.539671454956517932e-04
1.224811774042891469e-06 1.544297639139887151e-04
1.234659454061851931e-06 1.548929459106270412e-04
1.244586310982774859e-06 1.553566920389815888e-04
1.254592981400451211e-06 1.558210028638795414e-04
1.264680107027995164e-06 1.562858789615725376e-04
1.274848334737994451e-06 1.567513209197487871e-04
1.285098316603995496e-06 1.572173293375450783e-04
1.295430709942319103e-06 1.576839048255595989e-04
1.305846177354212197e-06 1.581510480058641332e-04
1.316345386768340936e-06 1.586187595120172350e-04
1.326929011483623675e-06 1.590870399890769403e-04
1.337597730212407419e-06 1.595558900936141838e-04
1.348352227123994300e-06 1.600253104937258909e-04
1.359193191888515769e-06 1.604953018690487743e-04
1.370121319721159361e-06 1.609658649107729674e-04
1.381137311426752700e-06 1.614370003216559840e-04
1.392241873444705582e-06 1.619087088160368936e-04
1.403435717894310992e-06 1.623809911198507148e-04
1.414719562620414580e-06 1.628538479706429431e-04
1.426094131239446880e-06 1.633272801175843236e-04
1.437560153185829488e-06 1.638012883214858125e-04
1.449118363758751401e-06 1.642758733548138920e-04
1.460769504169323552e-06 1.647510360017058570e-04
1.472514321588111333e-06 1.652267770579855636e-04
1.484353569193048712e-06 1.657030973311792582e-04
1.496288006217739858e-06 1.661799976405317050e-04
1.508318398000146386e-06 1.666574788170223137e-04
1.520445516031668894e-06 1.671355417033820799e-04
1.532670138006619612e-06 1.676141871541100110e-04
1.544993047872096342e-06 1.680934160354903377e-04
1.557415035878255132e-06 1.685732292256096989e-04
1.569936898628988255e-06 1.690536276143747596e-04
1.582559439133008559e-06 1.695346121035298294e-04
1.595283466855346524e-06 1.700161836066749145e-04
1.608109797769258140e-06 1.704983430492840407e-04
1.621039254408554175e-06 1.709810913687237119e-04
1.634072665920346825e-06 1.714644295142715854e-04
1.647210868118221569e-06 1.719483584471356353e-04
1.660454703535837631e-06 1.724328791404733429e-04
1.673805021480957452e-06 1.729179925794112392e-04
1.687262678089912186e-06 1.734036997610648818e-04
1.700828536382504039e-06 1.738900016945586411e-04
1.714503466317350561e-06 1.743768994010463274e-04
1.728288344847674470e-06 1.748643939137316825e-04
1.742184055977540706e-06 1.753524862778893588e-04
1.756191490818545598e-06 1.758411775508859800e-04
1.770311547646964693e-06 1.763304688022017982e-04
1.784545131961355444e-06 1.768203611134523776e-04
1.798893156540627246e-06 1.773108555784105498e-04
1.813356541502576285e-06 1.778019533030288297e-04
1.827936214362890063e-06 1.782936554054621566e-04
1.842633110094629868e-06 1.787859630160905540e-04
1.857448171188187357e-06 1.792788772775427112e-04
1.872382347711725660e-06 1.797723993447191847e-04
1.887436597372106242e-06 1.802665303848164139e-04
1.902611885576304088e-06 1.807612715773508985e-04
1.917909185493320096e-06 1.812566241141834304e-04
1.933329478116586648e-06 1.817525891995442201e-04
1.948873752326877808e-06 1.822491680500576709e-04
1.964543004955726047e-06 1.827463618947679929e-04
1.980338240849346331e-06 1.832441719751647363e-04
1.996260472933075852e-06 1.837425995452089743e-04
2.012310722276331711e-06 1.842416458713597854e-04
2.028490018158089528e-06 1.847413122326006807e-04
2.044799398132891032e-06 1.852415999204669523e-04
2.061239908097380185e-06 1.857425102390728334e-04
2.077812602357374646e-06 1.862440445051392803e-04
2.094518543695478477e-06 1.867462040480221894e-04
2.111358803439233567e-06 1.872489902097405586e-04
2.128334461529826715e-06 1.877524043450054362e-04
2.145446606591340495e-06 1.882564478212488688e-04
2.162696336000568683e-06 1.887611220186535539e-04
2.180084755957385631e-06 1.892664283301824664e-04
2.197612981555689093e-06 1.897723681616092159e-04
2.215282136854906318e-06 1.902789429315484312e-04
2.233093354952082063e-06 1.907861540714866878e-04
2.251047778054537080e-06 1.912940030258139762e-04
2.269146557553122485e-06 1.918024912518549816e-04
2.287390854096050966e-06 1.923116202199015828e-04
2.305781837663331497e-06 1.928213914132447275e-04
2.324320687641796548e-06 1.933318063282076632e-04
2.343008592900736202e-06 1.938428664741788160e-04
2.361846751868134083e-06 1.943545733736454272e-04
2.380836372607527974e-06 1.948669285622275438e-04
2.399978672895474789e-06 1.953799335887122519e-04
2.419274880299647015e-06 1.958935900150884793e-04
2.438726232257556796e-06 1.964078994165821242e-04
2.458333976155907678e-06 1.969228633816915623e-04
2.478099369410589245e-06 1.974384835122234259e-04
2.498023679547314656e-06 1.979547614233293309e-04
2.518108184282901928e-06 1.984716987435422521e-04
2.538354171607217172e-06 1.989892971148138465e-04
2.558762939865764119e-06 1.995075581925520754e-04
2.579335797842952539e-06 2.000264836456591515e-04
2.600074064846023959e-06 2.005460751565699736e-04
2.620979070789659670e-06 2.010663344212910769e-04
2.642052156281263811e-06 2.015872631494397722e-04
2.663294672706935949e-06 2.021088630642839910e-04
2.684707982318132706e-06 2.026311359027824005e-04
2.706293458319029050e-06 2.031540834156251695e-04
2.728052484954577105e-06 2.036777073672745725e-04
2.749986457599276057e-06 2.042020095360070557e-04
2.772096782846659486e-06 2.047269917139548712e-04
2.794384878599491247e-06 2.052526557071484691e-04
2.816852174160699116e-06 2.057790033355594858e-04
2.839500110325033075e-06 2.063060364331440312e-04
2.862330139471457966e-06 2.068337568478863275e-04
2.885343725656297050e-06 2.073621664418433242e-04
2.908542344707115866e-06 2.078912670911890151e-04
2.931927484317367577e-06 2.084210606862598662e-04
2.955500644141794290e-06 2.089515491316005960e-04
2.979263335892600870e-06 2.094827343460100644e-04
3.003217083436396167e-06 2.100146182625882462e-04
3.027363422891916903e-06 2.105472028287831221e-04
3.051703902728535059e-06 2.110804900064384385e-04
3.076240083865565293e-06 2.116144817718418184e-04
3.100973539772356279e-06 2.121491801157734697e-04
3.125905856569199860e-06 2.126845870435551636e-04
3.151038633129045306e-06 2.132207045751001624e-04
3.176373481180033499e-06 2.137575347449631197e-04
3.201912025408852741e-06 2.142950796023908213e-04
3.227655903564928465e-06 2.148333412113735490e-04
3.253606766565452776e-06 2.153723216506966617e-04
3.279766278601250447e-06 2.159120230139929082e-04
3.306136117243503371e-06 2.164524474097951734e-04
3.332717973551329675e-06 2.169935969615898483e-04
3.359513552180231470e-06 2.175354738078706608e-04
3.386524571491411224e-06 2.180780801021932108e-04
3.413752763661963550e-06 2.186214180132297225e-04
3.441199874795961886e-06 2.191654897248247183e-04
3.468867665036433282e-06 2.197102974360510175e-04
3.496757908678228930e-06 2.202558433612663864e-04
3.524872394281815842e-06 2.208021297301707836e-04
3.553212924787966379e-06 2.213491587878640401e-04
3.581781317633381216e-06 2.218969327949041890e-04
3.610579404867239802e-06 2.224454540273665274e-04
3.639609033268686372e-06 2.229947247769028954e-04
3.668872064465259554e-06 2.235447473508019847e-04
3.698370375052279965e-06 2.240955240720498914e-04
3.728105856713189458e-06 2.246470572793914002e-04
3.758080416340861906e-06 2.251993493273919201e-04
3.788295976159893585e-06 2.257524025864996624e-04
3.818754473849866371e-06 2.263062194431092846e-04
3.849457862669616795e-06 2.268608022996251525e-04
3.880408111582488074e-06 2.274161535745256881e-04
3.911607205382597732e-06 2.279722757024285032e-04
3.943057144822124211e-06 2.285291711341558849e-04
3.974759946739608643e-06 2.290868423368008506e-04
4.006717644189291698e-06 2.296452917937941520e-04
4.038932286571490592e-06 2.302045220049718207e-04
4.071405939764028105e-06 2.307645354866429577e-04
4.104140686254705993e-06 2.313253347716589332e-04
4.137138625274859215e-06 2.318869224094824498e-04
4.170401872933973186e-06 2.324493009662578801e-04
4.203932562355391156e-06 2.330124730248820113e-04
4.237732843813099874e-06 2.335764411850752497e-04
4.271804884869629931e-06 2.341412080634539916e-04
4.306150870515058112e-06 2.347067762936032103e-04
4.340773003307124424e-06 2.352731485261501279e-04
4.375673503512484163e-06 2.358403274288382390e-04
4.410854609249083985e-06 2.364083156866022834e-04
4.446318576629692488e-06 2.369771160016435712e-04
4.482067679906581908e-06 2.375467310935065811e-04
4.518104211617369407e-06 2.381171636991557768e-04
4.554430482732043356e-06 2.386884165730532629e-04
4.591048822801146666e-06 2.392604924872373888e-04
4.627961580105183239e-06 2.398333942314017340e-04
4.665171121805198401e-06 2.404071246129751212e-04
4.702679834094589229e-06 2.409816864572021460e-04
4.740490122352121051e-06 2.415570826072246545e-04
4.778604411296189093e-06 2.421333159241638444e-04
4.817025145140301531e-06 2.427103892872031798e-04
4.855754787749833959e-06 2.432883055936720367e-04
4.894795822800025591e-06 2.438670677591300276e-04
4.934150753935257034e-06 2.444466787174524088e-04
4.973822104929607073e-06 2.450271414209158143e-04
5.013812419848692723e-06 2.456084588402853981e-04
5.054124263212823012e-06 2.461906339649019230e-04
5.094760220161455517e-06 2.467736698027704753e-04
5.135722896618974259e-06 2.473575693806494237e-04
5.177014919461808461e-06 2.479423357441406790e-04
5.218638936686890458e-06 2.485279719577803879e-04
5.260597617581462933e-06 2.491144811051301680e-04
5.302893652894260890e-06 2.497018662888701333e-04
5.345529755008062425e-06 2.502901306308918635e-04
5.388508658113632875e-06 2.508792772723927845e-04
5.431833118385063179e-06 2.514693093739708732e-04
5.475505914156517700e-06 2.520602301157206637e-04
5.519529846100407607e-06 2.526520426973299580e-04
5.563907737406991503e-06 2.532447503381773501e-04
5.608642433965421100e-06 2.538383562774308342e-04
5.653736804546252251e-06 2.544328637741470633e-04
5.699193740985404411e-06 2.550282761073713669e-04
5.745016158369613423e-06 2.556245965762393951e-04
5.791206995223375075e-06 2.562218285000787080e-04
5.837769213697385366e-06 2.568199752185119922e-04
5.884705799758499507e-06 2.574190400915606016e-04
5.932019763381218113e-06 2.580190264997499964e-04
5.979714138740710768e-06 2.586199378442146399e-04
6.027791984407396434e-06 2.592217775468056047e-04
6.076256383543079010e-06 2.598245490501974219e-04
6.125110444098673623e-06 2.604282558179969883e-04
6.174357299013513481e-06 2.610329013348532340e-04
6.224000106416252532e-06 2.616384891065676025e-04
6.274042049827402057e-06 2.622450226602053439e-04
6.324486338363478315e-06 2.628525055442081093e-04
6.375336206942802747e-06 2.634609413285076297e-04
6.426594916492949666e-06 2.640703336046400988e-04
6.478265754159868525e-06 2.646806859858615328e-04
6.530352033518678233e-06 2.652920021072643756e-04
6.582857094786164001e-06 2.659042856258952980e-04
6.635784305034984352e-06 2.665175402208734838e-04
6.689137058409589985e-06 2.671317695935103258e-04
6.742918776343892609e-06 2.677469774674304769e-04
6.797132907780671881e-06 2.683631675886927388e-04
6.851782929392748424e-06 2.689803437259140405e-04
6.906872345805946605e-06 2.695985096703923324e-04
6.962404689823828477e-06 2.702176692362321915e-04
7.018383522654263232e-06 2.708378262604708053e-04
7.074812434137787282e-06 2.714589846032047695e-04
7.131695042977823579e-06 2.720811481477188910e-04
7.189034996972740695e-06 2.727043208006156962e-04
7.246835973249782985e-06 2.733285064919451553e-04
7.305101678500879485e-06 2.739537091753375519e-04
7.363835849220345919e-06 2.745799328281351586e-04
7.423042251944503539e-06 2.752071814515276546e-04
7.482724683493217351e-06 2.758354590706856989e-04
7.542886971213385054e-06 2.764647697348987325e-04
7.603532973224379230e-06 2.770951175177115882e-04
7.664666578665462287e-06 2.777265065170637015e-04
7.726291707945183446e-06 2.783589408554289733e-04
7.788412312992801839e-06 2.789924246799570413e-04
7.851032377511711144e-06 2.796269621626154729e-04
7.914155917234905570e-06 2.802625575003336389e-04
7.977786980182511751e-06 2.808992149151477258e-04
8.041929646921372159e-06 2.815369386543461810e-04
8.106588030826735933e-06 2.821757329906183034e-04
8.171766278346033409e-06 2.828156022222021279e-04
8.237468569264786867e-06 2.834565506730345338e-04
8.303699116974662579e-06 2.840985826929028155e-04
8.370462168743650599e-06 2.847417026575971765e-04
8.437762005988451927e-06 2.853859149690647396e-04
8.505602944549028990e-06 2.860312240555646962e-04
8.573989334965387215e-06 2.866776343718249742e-04
8.642925562756547015e-06 2.873251503992004224e-04
8.712416048701812949e-06 2.879737766458318631e-04
8.782465249124231594e-06 2.886235176468070424e-04
8.853077656176407570e-06 2.892743779643228803e-04
8.924257798128557427e-06 2.899263621878486437e-04
8.996010239658894554e-06 2.905794749342911786e-04
9.068339582146382405e-06 2.912337208481612810e-04
9.141250463965779792e-06 2.918891046017411516e-04
9.214747560785127326e-06 2.925456308952542367e-04
9.288835585865571666e-06 2.932033044570356642e-04
9.363519290363608901e-06 2.938621300437043609e-04
9.438803463635801264e-06 2.945221124403369587e-04
9.514692933545882480e-06 2.951832564606428387e-04
9.591192566774375410e-06 2.958455669471409108e-04
9.668307269130691509e-06 2.965090487713379101e-04
9.746041985867708697e-06 2.971737068339083210e-04
9.824401701998932679e-06 2.978395460648751132e-04
9.903391442618151937e-06 2.985065714237931890e-04
9.983016273221713435e-06 2.991747878999340767e-04
1.006328130003335298e-05 2.998442005124712754e-04
1.014419167033164290e-05 3.005148143106684726e-04
1.022575257278010115e-05 3.011866343740686827e-04
1.030796923775990071e-05 3.018596658126852838e-04
1.039084693770532011e-05 3.025339137671945720e-04
1.047439098744184675e-05 3.032093834091296168e-04
1.055860674452697892e-05 3.038860799410770435e-04
1.064349960959385522e-05 3.045640085968740331e-04
1.072907502669752670e-05 3.052431746418074357e-04
1.081533848366413267e-05 3.059235833728155408e-04
1.090229551244277675e-05 3.066052401186902809e-04
1.098995168946032705e-05 3.072881502402821999e-04
1.107831263597899949e-05 3.079723191307061261e-04
1.116738401845683139e-05 3.086577522155499898e-04
1.125717154891109585e-05 3.093444549530843454e-04
1.134768098528457232e-05 3.100324328344736821e-04
1.143891813181481911e-05 3.107216913839908252e-04
1.153088883940638000e-05 3.114122361592316078e-04
1.162359900600598595e-05 3.121040727513323077e-04
1.171705457698080442e-05 3.127972067851886025e-04
1.181126154549967537e-05 3.134916439196768542e-04
1.190622595291747787e-05 3.141873898478769137e-04
1.200195388916253922e-05 3.148844502972966046e-04
1.209845149312715276e-05 3.155828310300990802e-04
1.219572495306130249e-05 3.162825378433312107e-04
1.229378050696945054e-05 3.169835765691538139e-04
1.239262444301061797e-05 3.176859530750756797e-04
1.249226309990162326e-05 3.183896732641868909e-04
1.259270286732354124e-05 3.190947430753964258e-04
1.269395018633152305e-05 3.198011684836705201e-04
1.279601154976779242e-05 3.205089555002735768e-04
1.289889350267806915e-05 3.212181101730115693e-04
1.300260264273127222e-05 3.219286385864763666e-04
1.310714562064260593e-05 3.226405468622932566e-04
1.321252914060009019e-05 3.233538411593704209e-04
1.331875996069446017e-05 3.240685276741499818e-04
1.342584489335258971e-05 3.247846126408621397e-04
1.353379080577431297e-05 3.255021023317803937e-04
1.364260462037285106e-05 3.262210030574800158e-04
1.375229331521872849e-05 3.269413211670985303e-04
1.386286392448723355e-05 3.276630630485976030e-04
1.397432353890955819e-05 3.283862351290284536e-04
1.408667930622747351e-05 3.291108438747985154e-04
1.419993843165173717e-05 3.298368957919412935e-04
1.431410817832413633e-05 3.305643974263878485e-04
1.442919586778325412e-05 3.312933553642409914e-04
1.454520888043401726e-05 3.320237762320520807e-04
1.466215465602095034e-05 3.327556666970989032e-04
1.478004069410531793e-05 3.334890334676687048e-04
1.489887455454604107e-05 3.342238832933403544e-04
1.501866385798448136e-05 3.349602229652713864e-04
1.513941628633318575e-05 3.356980593164867778e-04
1.526113958326846159e-05 3.364373992221697312e-04
1.538384155472701914e-05 3.371782495999558734e-04
1.550753006940653250e-05 3.379206174102292420e-04
1.563221305927022390e-05 3.386645096564215259e-04
1.575789852005558153e-05 3.394099333853134730e-04
1.588459451178706177e-05 3.401568956873385753e-04
1.601230915929299957e-05 3.409054036968906572e-04
1.614105065272664549e-05 3.416554645926327648e-04
1.627082724809134306e-05 3.424070855978094156e-04
1.640164726777003961e-05 3.431602739805614515e-04
1.653351910105893053e-05 3.439150370542441433e-04
1.666645120470549123e-05 3.446713821777463798e-04
1.680045210345078153e-05 3.454293167558157118e-04
1.693553039057611053e-05 3.461888482393823117e-04
1.707169472845415355e-05 3.469499841258897634e-04
1.720895384910439224e-05 3.477127319596250393e-04
1.734731655475315590e-05 3.484770993320543864e-04
1.748679171839805365e-05 3.492430938821606753e-04
1.762738828437698075e-05 3.500107232967832982e-04
1.776911526894174961e-05 3.507799953109623481e-04
1.791198176083622702e-05 3.515509177082848055e-04
1.805599692187924874e-05 3.523234983212342468e-04
1.820116998755209436e-05 3.530977450315431567e-04
1.834751026759077686e-05 3.538736657705489255e-04
1.849502714658307880e-05 3.546512685195527198e-04
1.864373008457031170e-05 3.554305613101808479e-04
1.879362861765405246e-05 3.562115522247508398e-04
1.894473235860759952e-05 3.569942493966390463e-04
1.909705099749249766e-05 3.577786610106524121e-04
1.925059430227991119e-05 3.585647953034037179e-04
1.940537211947701839e-05 3.593526605636887202e-04
1.956139437475848809e-05 3.601422651328692001e-04
1.971867107360296737e-05 3.609336174052561741e-04
1.987721230193473270e-05 3.617267258284993943e-04
2.003702822677049788e-05 3.625215989039778236e-04
2.019812909687138206e-05 3.633182451871958029e-04
2.036052524340016326e-05 3.641166732881810078e-04
2.052422708058380043e-05 3.649168918718866334e-04
2.068924510638128170e-05 3.657189096585972653e-04
2.085558990315685289e-05 3.665227354243376780e-04
2.102327213835861289e-05 3.673283780012860785e-04
2.119230256520266898e-05 3.681358462781903320e-04
2.136269202336262837e-05 3.689451492007881977e-04
2.153445143966482934e-05 3.697562957722314156e-04
2.170759182878901025e-05 3.705692950535127185e-04
2.188212429397466051e-05 3.713841561638982127e-04
2.205806002773308047e-05 3.722008882813616546e-04
2.223541031256511316e-05 3.730195006430241491e-04
2.241418652168471366e-05 3.738400025455971003e-04
2.259440011974824111e-05 3.746624033458286320e-04
2.277606266358973410e-05 3.754867124609552118e-04
2.295918580296198662e-05 3.763129393691558777e-04
2.314378128128362770e-05 3.771410936100116689e-04
2.332986093639225904e-05 3.779711847849683091e-04
2.351743670130353211e-05 3.788032225578034430e-04
2.370652060497645931e-05 3.796372166550980479e-04
2.389712477308477301e-05 3.804731768667116935e-04
2.408926142879450183e-05 3.813111130462624098e-04
2.428294289354792666e-05 3.821510351116105125e-04
2.447818158785359483e-05 3.829929530453471441e-04
2.467499003208295790e-05 3.838368768952869358e-04
2.487338084727321665e-05 3.846828167749646800e-04
2.507336675593668814e-05 3.855307828641372624e-04
2.527496058287671869e-05 3.863807854092893876e-04
2.547817525601006814e-05 3.872328347241441840e-04
2.568302380719601619e-05 3.880869411901783088e-04
2.588951937307205193e-05 3.889431152571416598e-04
2.609767519589626837e-05 3.898013674435813164e-04
2.630750462439664854e-05 3.906617083373711179e-04
2.651902111462700921e-05 3.915241485962450371e-04
2.673223823083000549e-05 3.923886989483360826e-04
2.694716964630693203e-05 3.932553701927191591e-04
2.716382914429455795e-05 3.941241731999598906e-04
2.738223061884910401e-05 3.949951189126676716e-04
2.760238807573713491e-05 3.958682183460532724e-04
2.782431563333384109e-05 3.967434825884930041e-04
2.804802752352836455e-05 3.976209228020960809e-04
2.827353809263644967e-05 3.985005502232785973e-04
2.850086180232053789e-05 3.993823761633417328e-04
2.873001323051707563e-05 4.002664120090552698e-04
2.896100707237144218e-05 4.011526692232473450e-04
2.919385814118031109e-05 4.020411593453981588e-04
2.942858136934156714e-05 4.029318939922395932e-04
2.966519180931197197e-05 4.038248848583611181e-04
2.990370463457238523e-05 4.047201437168189506e-04
3.014413514060087325e-05 4.056176824197535078e-04
3.038649874585352582e-05 4.065175128990106547e-04
3.063081099275328920e-05 4.074196471667685358e-04
3.087708754868663931e-05 4.083240973161712914e-04
3.112534420700828475e-05 4.092308755219667849e-04
3.137559688805403526e-05 4.101399940411522998e-04
3.162786164016166620e-05 4.110514652136239766e-04
3.188215464070017190e-05 4.119653014628332430e-04
3.213849219710714398e-05 4.128815152964499121e-04
3.239689074793449777e-05 4.138001193070284245e-04
3.265736686390276417e-05 4.147211261726845531e-04
3.291993724896361445e-05 4.156445486577738969e-04
3.318461874137119440e-05 4.165703996135800783e-04
3.345142831476184729e-05 4.174986919790060844e-04
3.372038307924260552e-05 4.184294387812747705e-04
3.399150028248850477e-05 4.193626531366339161e-04
3.426479731084857192e-05 4.202983482510681671e-04
3.454029169046085921e-05 4.212365374210178069e-04
3.481800108837632818e-05 4.221772340341039252e-04
3.509794331369178001e-05 4.231204515698591706e-04
3.538013631869204212e-05 4.240662036004679350e-04
3.566459820000105889e-05 4.250145037915098456e-04
3.595134719974254361e-05 4.259653659027129056e-04
3.624040170670977842e-05 4.269188037887116228e-04
3.653178025754477226e-05 4.278748313998134863e-04
3.682550153792715634e-05 4.288334627827709725e-04
3.712158438377227492e-05 4.297947120815627671e-04
3.742004778243931186e-05 4.307585935381795950e-04
3.772091087394872087e-05 4.317251214934196449e-04
3.802419295220979306e-05 4.326943103876888731e-04
3.832991346625792145e-05 4.336661747618124211e-04
3.863809202150173151e-05 4.346407292578480372e-04
3.894874838098051861e-05 4.356179886199130526e-04
3.926190246663143634e-05 4.365979676950133620e-04
3.957757436056726270e-05 4.375806814338850897e-04
3.989578430636407988e-05 4.385661448918397798e-04
4.021655271035949798e-05 4.395543732296198309e-04
4.053990014296134797e-05 4.405453817142620642e-04
4.086584733996674921e-05 4.415391857199666564e-04
4.119441520389191048e-05 4.425358007289780546e-04
4.152562480531262401e-05 4.435352423324699558e-04
4.185949738421535079e-05 4.445375262314418883e-04
4.219605435135946641e-05 4.455426682376218642e-04
4.253531728965016589e-05 4.465506842743776511e-04
4.287730795552268498e-05 4.475615903776386691e-04
4.322204828033739728e-05 4.485754026968229841e-04
4.356956037178624807e-05 4.495921374957762809e-04
4.391986651531056549e-05 4.506118111537165826e-04
4.427298917553008646e-05 4.516344401661903543e-04
4.462895099768370547e-05 4.526600411460352750e-04
4.498777480908158728e-05 4.536886308243543386e-04
4.534948362056902271e-05 4.547202260514965149e-04
4.571410062800222441e-05 4.557548437980478732e-04
4.608164921373565567e-05 4.567925011558331681e-04
4.645215294812165820e-05 4.578332153389232800e-04
4.682563559102195197e-05 4.588770036846561004e-04
4.720212109333119676e-05 4.599238836546644090e-04
4.758163359851315074e-05 4.609738728359138896e-04
4.796419744414871469e-05 4.620269889417505773e-04
4.834983716349686465e-05 4.630832498129600159e-04
4.873857748706784281e-05 4.641426734188331912e-04
4.913044334420904038e-05 4.652052778582453662e-04
4.952545986470380951e-05 4.662710813607429941e-04
4.992365238038286556e-05 4.673401022876418520e-04
5.032504642674890310e-05 4.684123591331359093e-04
5.072966774461401220e-05 4.694878705254148686e-04
5.113754228175055244e-05 4.705666552277939043e-04
5.154869619455505764e-05 4.716487321398539728e-04
5.196315584972555085e-05 4.727341202985909036e-04
5.238094782595256093e-05 4.738228388795783690e-04
5.280209891562339346e-05 4.749149071981392019e-04
5.322663612654045571e-05 4.760103447105288568e-04
5.365458668365314081e-05 4.771091710151300377e-04
5.408597803080365758e-05 4.782114058536584937e-04
5.452083783248715137e-05 4.793170691123807949e-04
5.495919397562556730e-05 4.804261808233411071e-04
5.540107457135617046e-05 4.815387611656047175e-04
5.584650795683421498e-05 4.826548304665063851e-04
5.629552269705010077e-05 4.837744092029173937e-04
5.674814758666132957e-05 4.848975180025196516e-04
5.720441165183890809e-05 4.860241776450941581e-04
5.766434415212891626e-05 4.871544090638214495e-04
5.812797458232881408e-05 4.882882333465934834e-04
5.859533267437879155e-05 4.894256717373401608e-04
5.906644839926863640e-05 4.905667456373651166e-04
5.954135196895955019e-05 4.917114766066966363e-04
6.002007383832171246e-05 4.928598863654519609e-04
6.050264470708729476e-05 4.940119967952121645e-04
6.098909552181906686e-05 4.951678299404116673e-04
6.147945747789517791e-05 4.963274080097417355e-04
6.197376202150938070e-05 4.974907533775644979e-04
6.247204085168797975e-05 4.986578885853448512e-04
6.297432592232226310e-05 4.998288363430912571e-04
6.348064944421797653e-05 5.010036195308143186e-04
6.399104388716083704e-05 5.021822611999964166e-04
6.450554198199868897e-05 5.033647845750773920e-04
6.502417672274057360e-05 5.045512130549531299e-04
6.554698136867260388e-05 5.057415702144896479e-04
6.607398944649079341e-05 5.069358798060500867e-04
6.660523475245109712e-05 5.081341657610387221e-04
6.714075135453674494e-05 5.093364521914569036e-04
6.768057359464276011e-05 5.105427633914769907e-04
6.822473609077858367e-05 5.117531238390282157e-04
6.877327373928789707e-05 5.129675581974010856e-04
6.932622171708644257e-05 5.141860913168649037e-04
6.988361548391801758e-05 5.154087482363006864e-04
7.044549078462816858e-05 5.166355541848521860e-04
7.101188365145681789e-05 5.178665345835906835e-04
7.158283040634871213e-05 5.191017150471965861e-04
7.215836766328280341e-05 5.203411213856563118e-04
7.273853233062025183e-05 5.215847796059778227e-04
7.332336161347106256e-05 5.228327159139202528e-04
7.391289301608044201e-05 5.240849567157417500e-04
7.450716434423353108e-05 5.253415286199635817e-04
7.510621370767995230e-05 5.266024584391524547e-04
7.571007952257785903e-05 5.278677731917174720e-04
7.631880051395713435e-05 5.291375001037275805e-04
7.693241571820318982e-05 5.304116666107444155e-04
7.755096448556013085e-05 5.316903003596746592e-04
7.817448648265419651e-05 5.329734292106396397e-04
7.880302169503763672e-05 5.342610812388610833e-04
7.943661042975267415e-05 5.355532847365695277e-04
8.007529331791668947e-05 5.368500682149275876e-04
8.071911131732762692e-05 5.381514604059728455e-04
8.136810571509052827e-05 5.394574902645815585e-04
8.202231813026539850e-05 5.407681869704483030e-04
8.268179051653586097e-05 5.420835799300877372e-04
8.334656516489994402e-05 5.434036987788541445e-04
8.401668470638191445e-05 5.447285733829816852e-04
8.469219211476624242e-05 5.460582338416442721e-04
8.537313070935344012e-05 5.473927104890349621e-04
8.605954415773782830e-05 5.487320338964667057e-04
8.675147647860831520e-05 5.500762348744933725e-04
8.744897204457091351e-05 5.514253444750502912e-04
8.815207558499439167e-05 5.527793939936190759e-04
8.886083218887884242e-05 5.541384149714087158e-04
8.957528730774673496e-05 5.555024391975624688e-04
9.029548675855819911e-05 5.568714987113843789e-04
9.102147672664894211e-05 5.582456258045884537e-04
9.175330376869196374e-05 5.596248530235681164e-04
9.249101481568340838e-05 5.610092131716914619e-04
9.323465717595178176e-05 5.623987393116148354e-04
9.398427853819228044e-05 5.637934647676229750e-04
9.473992697452462140e-05 5.651934231279902949e-04
9.550165094357606580e-05 5.665986482473647215e-04
9.626949929358862045e-05 5.680091742491773319e-04
9.704352126555209745e-05 5.694250355280745454e-04
9.782376649636163619e-05 5.708462667523728652e-04
9.861028502200075831e-05 5.722729028665409423e-04
9.940312728075033507e-05 5.737049790937038662e-04
1.002023441164226811e-04 5.751425309381726081e-04
1.010079867816227126e-04 5.765855941879994857e-04
1.018201069410342048e-04 5.780342049175578052e-04
1.026387566747332221e-04 5.794883994901480666e-04
1.034639884815278811e-04 5.809482145606284552e-04
1.042958552823248250e-04 5.824136870780736303e-04
1.051344104235233193e-04 5.838848542884583423e-04
1.059797076804360713e-04 5.853617537373679387e-04
1.068318012607377801e-04 5.868444232727359740e-04
1.076907458079414672e-04 5.883329010476099014e-04
1.085565964049023749e-04 5.898272255229415921e-04
1.094294085773508788e-04 5.913274354704097305e-04
1.103092382974529004e-04 5.928335699752668208e-04
1.111961419873994014e-04 5.943456684392163340e-04
1.120901765230247597e-04 5.958637705833181534e-04
1.129913992374537548e-04 5.973879164509222081e-04
1.138998679247788150e-04 5.989181464106334415e-04
1.148156408437659429e-04 6.004545011593037749e-04
1.157387767215907676e-04 6.019970217250564899e-04
1.166693347576048325e-04 6.035457494703404258e-04
1.176073746271314412e-04 6.051007260950106315e-04
1.185529564852932710e-04 6.066619936394480493e-04
1.195061409708695846e-04 6.082295944877021826e-04
1.204669892101849920e-04 6.098035713706710615e-04
1.214355628210294789e-04 6.113839673693086379e-04
1.224119239166095098e-04 6.129708259178698023e-04
1.233961351095318616e-04 6.145641908071816390e-04
1.243882595158183832e-04 6.161641061879531700e-04
1.253883607589537834e-04 6.177706165741149143e-04
1.263965029739657004e-04 6.193837668461937927e-04
1.274127508115371888e-04 6.210036022547202328e-04
1.284371694421533052e-04 6.226301684236726797e-04
1.294698245602800843e-04 6.242635113539537648e-04
1.305107823885772876e-04 6.259036774269020366e-04
1.315601096821456028e-04 6.275507134078423975e-04
1.326178737328067485e-04 6.292046664496671153e-04
1.336841423734197920e-04 6.308655840964567333e-04
1.347589839822305072e-04 6.325335142871378429e-04
1.358424674872565658e-04 6.342085053591749004e-04
1.369346623707079654e-04 6.358906060523025934e-04
1.380356386734421785e-04 6.375798655122933345e-04
1.391454669994566802e-04 6.392763332947656299e-04
1.402642185204160878e-04 6.409800593690288774e-04
1.413919649802163547e-04 6.426910941219684962e-04
1.425287786995859611e-04 6.444094883619688957e-04
1.436747325807229115e-04 6.461352933228791621e-04
1.448299001119709799e-04 6.478685606680167994e-04
1.459943553725314357e-04 6.496093424942109371e-04
1.471681730372142614e-04 6.513576913358917232e-04
1.483514283812267483e-04 6.531136601692157139e-04
1.495441972850002294e-04 6.548773024162367990e-04
1.507465562390572793e-04 6.566486719491178943e-04
1.519585823489160489e-04 6.584278230943876268e-04
1.531803533400354740e-04 6.602148106372382214e-04
1.544119475627989731e-04 6.620096898258682723e-04
1.556534439975398604e-04 6.638125163758699671e-04
1.569049222596056537e-04 6.656233464746617390e-04
1.581664626044638534e-04 6.674422367859649376e-04
1.594381459328486508e-04 6.692692444543272287e-04
1.607200537959486183e-04 6.711044271096928320e-04
1.620122684006370631e-04 6.729478428720176439e-04
1.633148726147434185e-04 6.747995503559342349e-04
1.646279499723676506e-04 6.766596086754634665e-04
1.659515846792370298e-04 6.785280774487732714e-04
1.672858616181059188e-04 6.804050168029888252e-04
1.686308663541997684e-04 6.822904873790515065e-04
1.699866851407017768e-04 6.841845503366250202e-04
1.713534049242844079e-04 6.860872673590564901e-04
1.727311133506852800e-04 6.879987006583865566e-04
1.741198987703269929e-04 6.899189129804078309e-04
1.755198502439841166e-04 6.918479676097831965e-04
1.769310575484936302e-04 6.937859283752100805e-04
1.783536111825125231e-04 6.957328596546390447e-04
1.797876023723213399e-04 6.976888263805512474e-04
1.812331230776739657e-04 6.996538940452825270e-04
1.826902659976956317e-04 7.016281287064110193e-04
1.841591245768270271e-04 7.036115969921935640e-04
1.856397930108168734e-04 7.056043661070627183e-04
1.871323662527628285e-04 7.076065038371783054e-04
1.886369400191998237e-04 7.096180785560368600e-04
1.901536107962393857e-04 7.116391592301422224e-04
1.916824758457565548e-04 7.136698154247303428e-04
1.932236332116270294e-04 7.157101173095558851e-04
1.947771817260150230e-04 7.177601356647413892e-04
1.963432210157103994e-04 7.198199418866803182e-04
1.979218515085186616e-04 7.218896079940102534e-04
1.995131744397006252e-04 7.239692066336417091e-04
2.011172918584644041e-04 7.260588110868512399e-04
2.027343066345101965e-04 7.281584952754418779e-04
2.043643224646262465e-04 7.302683337679604899e-04
2.060074438793398543e-04 7.323884017859875594e-04
2.076637762496201316e-04 7.345187752104875758e-04
2.093334257936353725e-04 7.366595305882284866e-04
2.110164995835649604e-04 7.388107451382666365e-04
2.127131055524647801e-04 7.409724967584984919e-04
2.144233525011903364e-04 7.431448640322862011e-04
2.161473501053728366e-04 7.453279262351457119e-04
2.178852089224528972e-04 7.475217633415093743e-04
2.196370403987705762e-04 7.497264560315580403e-04
2.214029568767116474e-04 7.519420856981236375e-04
2.231830716019128017e-04 7.541687344536682864e-04
2.249774987305234975e-04 7.564064851373310727e-04
2.267863533365265210e-04 7.586554213220532070e-04
2.286097514191179608e-04 7.609156273217757178e-04
2.304478099101450782e-04 7.631871881987140147e-04
2.323006466816062766e-04 7.654701897707092122e-04
2.341683805532092095e-04 7.677647186186550236e-04
2.360511312999907709e-04 7.700708620940055352e-04
2.379490196599982877e-04 7.723887083263601770e-04
2.398621673420313469e-04 7.747183462311290313e-04
2.417906970334481596e-04 7.770598655172799999e-04
2.437347324080324778e-04 7.794133566951670688e-04
2.456943981339247771e-04 7.817789110844410808e-04
2.476698198816173536e-04 7.841566208220450765e-04
2.496611243320122223e-04 7.865465788702913829e-04
2.516684391845468334e-04 7.889488790250305354e-04
2.536918931653817230e-04 7.913636159238983695e-04
2.557316160356563873e-04 7.937908850546574390e-04
2.577877385998103175e-04 7.962307827636238688e-04
2.598603927139708759e-04 7.986834062641821365e-04
2.619497112944101265e-04 8.011488536453946138e-04
2.640558283260676406e-04 8.036272238806983857e-04
2.661788788711433405e-04 8.061186168366975876e-04
2.683189990777578898e-04 8.086231332820448649e-04
2.704763261886849665e-04 8.111408748964236623e-04
2.726509985501516771e-04 8.136719442796219118e-04
2.748431556207105836e-04 8.162164449607011308e-04
2.770529379801831785e-04 8.187744814072684101e-04
2.792804873386743754e-04 8.213461590348424034e-04
2.815259465456612675e-04 8.239315842163209055e-04
2.837894595991531177e-04 8.265308642915522976e-04
2.860711716549258887e-04 8.291441075770027277e-04
2.883712290358312019e-04 8.317714233755346383e-04
2.906897792411786987e-04 8.344129219862828723e-04
2.930269709561965168e-04 8.370687147146405006e-04
2.953829540615652768e-04 8.397389138823535028e-04
2.977578796430299136e-04 8.424236328377133522e-04
3.001519000010888661e-04 8.451229859658754761e-04
3.025651686607598112e-04 8.478370886992713917e-04
3.049978403814266594e-04 8.505660575281457410e-04
3.074500711667628233e-04 8.533100100111970857e-04
3.099220182747360183e-04 8.560690647863414314e-04
3.124138402276930237e-04 8.588433415815825483e-04
3.149256968225245114e-04 8.616329612260072981e-04
3.174577491409142260e-04 8.644380456608937195e-04
3.200101595596677455e-04 8.672587179509437961e-04
3.225830917611258630e-04 8.700951022956311502e-04
3.251767107436615619e-04 8.729473240406762386e-04
3.277911828322597684e-04 8.758155096896431957e-04
3.304266756891854678e-04 8.786997869156615770e-04
3.330833583247345985e-04 8.816002845732773393e-04
3.357614011080723338e-04 8.845171327104272034e-04
3.384609757781592912e-04 8.874504625805478908e-04
3.411822554547633952e-04 8.904004066548111291e-04
3.439254146495639500e-04 8.933670986344970002e-04
3.466906292773410943e-04 8.963506734634945749e-04
3.494780766672579003e-04 8.993512673409453364e-04
3.522879355742320829e-04 9.023690177340161662e-04
3.551203861903980217e-04 9.054040633908178298e-04
3.579756101566645195e-04 9.084565443534597462e-04
3.608537905743614644e-04 9.115266019712473314e-04
3.637551120169823355e-04 9.146143789140234303e-04
3.666797605420211428e-04 9.177200191856536241e-04
3.696279237029023918e-04 9.208436681376610481e-04
3.725997905610106318e-04 9.239854724830066013e-04
3.755955516978136247e-04 9.271455803100209442e-04
3.786153992270841775e-04 9.303241410964877434e-04
3.816595268072204726e-04 9.335213057238815225e-04
3.847281296536637614e-04 9.367372264917588195e-04
3.878214045514193813e-04 9.399720571323120838e-04
3.909395498676745918e-04 9.432259528250719989e-04
3.940827655645204948e-04 9.464990702117833873e-04
3.972512532117749478e-04 9.497915674114361557e-04
4.004452159999082593e-04 9.531036040354570272e-04
4.036648587530750282e-04 9.564353412030808174e-04
4.069103879422480605e-04 9.597869415568781619e-04
4.101820116984595675e-04 9.631585692784581237e-04
4.134799398261482370e-04 9.665503901043421067e-04
4.168043838166125554e-04 9.699625713420144922e-04
4.201555568615755873e-04 9.733952818861468575e-04
4.235336738668551374e-04 9.768486922350008705e-04
4.269389514661459670e-04 9.803229745070137641e-04
4.303716080349109167e-04 9.838183024575622698e-04
4.338318637043872268e-04 9.873348514959166128e-04
4.373199403757013857e-04 9.908727987023773030e-04
4.408360617341003135e-04 9.944323228456006854e-04
4.443804532632957905e-04 9.980136044001185636e-04
4.479533422599231603e-04 1.001616825564048208e-03
4.515549578481196751e-04 1.005242170277001641e-03
4.551855309942165191e-04 1.008889824238186827e-03
4.588452945215506368e-04 1.012559974924716593e-03
4.625344831253957686e-04 1.016252811610112924e-03
4.662533333880113399e-04 1.019968525383020946e-03
4.700020837938169004e-04 1.023707309166128898e-03
4.737809747446839284e-04 1.027469357735296285e-03
4.775902485753528602e-04 1.031254867738898209e-03
4.814301495689740445e-04 1.035064037717376567e-03
4.853009239727719155e-04 1.038897068123017858e-03
4.892028200138384035e-04 1.042754161339944346e-03
4.931360879150502698e-04 1.046635521704329880e-03
4.971009799111156778e-04 1.050541355524838624e-03
5.010977502647498937e-04 1.054471871103294283e-03
5.051266552829795182e-04 1.058427278755575936e-03
5.091879533335812689e-04 1.062407790832750002e-03
5.132819048616491311e-04 1.066413621742435961e-03
5.174087724062967093e-04 1.070444987970411467e-03
5.215688206174943446e-04 1.074502108102455772e-03
5.257623162730379633e-04 1.078585202846439476e-03
5.299895282956609312e-04 1.082694495054664727e-03
5.342507277702770964e-04 1.086830209746447208e-03
5.385461879613660796e-04 1.090992574130955715e-03
5.428761843304974509e-04 1.095181817630310221e-03
5.472409945539935755e-04 1.099398171902927351e-03
5.516408985407400198e-04 1.103641870867145582e-03
5.560761784501333255e-04 1.107913150725095683e-03
5.605471187101764528e-04 1.112212249986854144e-03
5.650540060357185299e-04 1.116539409494860056e-03
5.695971294468398860e-04 1.120894872448609117e-03
5.741767802873896324e-04 1.125278884429621942e-03
5.787932522436668985e-04 1.129691693426700767e-03
5.834468413632546173e-04 1.134133549861459376e-03
5.881378460740060727e-04 1.138604706614151614e-03
5.928665672031796594e-04 1.143105419049781149e-03
5.976333079967344284e-04 1.147635945044515231e-03
6.024383741387737351e-04 1.152196545012387514e-03
6.072820737711496749e-04 1.156787481932308780e-03
6.121647175132239682e-04 1.161409021375377345e-03
6.170866184817857310e-04 1.166061431532503662e-03
6.220480923111336088e-04 1.170744983242344352e-03
6.270494571733152295e-04 1.175459950019552618e-03
6.320910337985325388e-04 1.180206608083347181e-03
6.371731454957086814e-04 1.184985236386405620e-03
6.422961181732203323e-04 1.189796116644090129e-03
6.474602803598002469e-04 1.194639533363993974e-03
6.526659632256037432e-04 1.199515773875837283e-03
6.579135006034467041e-04 1.204425128361686585e-03
6.632032290102138003e-04 1.209367889886533640e-03
6.685354876684370404e-04 1.214344354429207568e-03
6.739106185280524563e-04 1.219354820913649525e-03
6.793289662883274412e-04 1.224399591240538446e-03
6.847908784199658976e-04 1.229478970319275877e-03
6.902967051873915190e-04 1.234593266100338571e-03
6.958467996712072549e-04 1.239742789607998835e-03
7.014415177908419089e-04 1.244927854973417857e-03
7.070812183273719439e-04 1.250148779468113723e-03
7.127662629465304203e-04 1.255405883537821267e-03
7.184970162219006832e-04 1.260699490836729008e-03
7.242738456582930619e-04 1.266029928262109219e-03
7.300971217153168344e-04 1.271397525989351749e-03
7.359672178311339047e-04 1.276802617507389681e-03
7.418845104464092625e-04 1.282245539654537419e-03
7.478493790284477085e-04 1.287726632654736863e-03
7.538622060955333260e-04 1.293246240154216891e-03
7.599233772414569531e-04 1.298804709258584347e-03
7.660332811602442319e-04 1.304402390570324859e-03
7.721923096710829344e-04 1.310039638226749917e-03
7.784008577434470711e-04 1.315716809938367437e-03
7.846593235224290580e-04 1.321434267027705089e-03
7.909681083542705092e-04 1.327192374468574680e-03
7.973276168121003291e-04 1.332991500925790381e-03
8.037382567218792368e-04 1.338832018795341455e-03
8.102004391885516982e-04 1.344714304245034873e-03
8.167145786224125304e-04 1.350638737255601329e-03
8.232810927656804799e-04 1.356605701662282623e-03
8.299004027192866898e-04 1.362615585196886355e-03
8.365729329698821763e-04 1.368668779530347792e-03
8.432991114170547723e-04 1.374765680315760772e-03
8.500793694007749467e-04 1.380906687231927936e-03
8.569141417290536931e-04 1.387092204027400369e-03
8.638038667058272344e-04 1.393322638565035057e-03
8.707489861590653971e-04 1.399598402867067992e-03
8.777499454691024654e-04 1.405919913160708339e-03
8.848071935972028719e-04 1.412287589924264954e-03
8.919211831143500184e-04 1.418701857933810442e-03
8.990923702302691754e-04 1.425163146310379735e-03
9.063212148226852194e-04 1.431671888567729190e-03
9.136081804668091380e-04 1.438228522660636721e-03
9.209537344650732494e-04 1.444833491033785866e-03
9.283583478770935640e-04 1.451487240671200420e-03
9.358224955498805351e-04 1.458190223146261935e-03
9.433466561482896362e-04 1.464942894672314642e-03
9.509313121857153415e-04 1.471745716153857568e-03
9.585769500550382670e-04 1.478599153238339048e-03
9.662840600598138728e-04 1.485503676368546888e-03
9.740531364457153014e-04 1.492459760835627156e-03
9.818846774322304623e-04 1.499467886832708602e-03
9.897791852446072899e-04 1.506528539509163723e-03
9.977371661460667993e-04 1.513642209025504743e-03
1.005759130470265401e-03 1.520809390608922080e-03
1.013845592654023060e-03 1.528030584609476380e-03
1.021997071270313402e-03 1.535306296556948006e-03
1.030214089061515757e-03 1.542637037218357000e-03
1.038497172972943899e-03 1.550023322656156333e-03
1.046846854186633900e-03 1.557465674287119260e-03
1.055263668155409550e-03 1.564964618941904091e-03
1.063748154637220557e-03 1.572520688925333442e-03
1.072300857729753098e-03 1.580134422077383860e-03
1.080922325905327250e-03 1.587806361834884303e-03
1.089613112046066128e-03 1.595537057293956208e-03
1.098373773479352977e-03 1.603327063273181927e-03
1.107204872013571465e-03 1.611176940377523868e-03
1.116106973974130903e-03 1.619087255062995204e-03
1.125080650239789187e-03 1.627058579702105132e-03
1.134126476279257844e-03 1.635091492650068718e-03
1.143245032188108931e-03 1.643186578311808636e-03
1.152436902725974439e-03 1.651344427209743828e-03
1.161702677354043648e-03 1.659565636052391310e-03
1.171042950272869684e-03 1.667850807803780699e-03
1.180458320460470775e-03 1.676200551753679723e-03
1.189949391710744611e-03 1.684615483588682103e-03
1.199516772672183261e-03 1.693096225464106423e-03
1.209161076886912031e-03 1.701643406076785341e-03
1.218882922830031700e-03 1.710257660738695278e-03
1.228682933949278846e-03 1.718939631451475583e-03
1.238561738705010575e-03 1.727689966981840221e-03
1.248519970610500844e-03 1.736509322937871335e-03
1.258558268272573326e-03 1.745398361846250013e-03
1.268677275432551288e-03 1.754357753230388660e-03
1.278877641007538377e-03 1.763388173689503166e-03
1.289160019132036582e-03 1.772490306978640037e-03
1.299525069199888383e-03 1.781664844089646347e-03
1.309973455906570609e-03 1.790912483333123063e-03
1.320505849291815723e-03 1.800233930421355887e-03
1.331122924782580713e-03 1.809629898552234887e-03
1.341825363236363563e-03 1.819101108494194149e-03
1.352613850984860609e-03 1.828648288672159519e-03
1.363489079877987101e-03 1.838272175254537398e-03
1.374451747328238847e-03 1.847973512241243496e-03
1.385502556355418594e-03 1.857753051552802140e-03
1.396642215631720618e-03 1.867611553120499196e-03
1.407871439527172246e-03 1.877549784977638071e-03
1.419190948155451800e-03 1.887568523351895299e-03
1.430601467420063253e-03 1.897668552758780946e-03
1.442103729060891220e-03 1.907850666096236976e-03
1.453698470701124141e-03 1.918115664740365151e-03
1.465386435894554121e-03 1.928464358642333672e-03
1.477168374173266864e-03 1.938897566426436327e-03
1.489045041095703702e-03 1.949416115489350544e-03
1.501017198295113942e-03 1.960020842100587864e-03
1.513085613528400344e-03 1.970712591504179736e-03
1.525251060725349266e-03 1.981492218021568309e-03
1.537514320038267180e-03 1.992360585155779611e-03
1.549876177892007710e-03 2.003318565696839658e-03
1.562337427034404813e-03 2.014367041828473825e-03
1.574898866587110587e-03 2.025506905236114201e-03
1.587561302096838134e-03 2.036739057216207550e-03
1.600325545587026827e-03 2.048064408786873757e-03
1.613192415609911992e-03 2.059483880799893064e-03
1.626162737299017202e-03 2.070998404054073296e-03
1.639237342422071803e-03 2.082608919409989663e-03
1.652417069434345201e-03 2.094316377906132315e-03
1.665702763532422642e-03 2.106121740876471578e-03
1.679095276708402959e-03 2.118025980069473870e-03
1.692595467804535207e-03 2.130030077768540076e-03
1.706204202568297867e-03 2.142135026913957480e-03
1.719922353707910865e-03 2.154341831226321002e-03
1.733750800948310545e-03 2.166651505331478392e-03
1.747690431087559407e-03 2.179065074887007614e-03
1.761742138053715981e-03 2.191583576710237277e-03
1.775906822962163099e-03 2.204208058907865600e-03
1.790185394173389368e-03 2.216939581007132398e-03
1.804578767351248990e-03 2.229779214088649895e-03
1.819087865521677380e-03 2.242728040920839456e-03
1.833713619131883618e-03 2.255787156096026713e-03
1.848456966110021034e-03 2.268957666168233255e-03
1.863318851925328335e-03 2.282240689792647530e-03
1.878300229648771419e-03 2.295637357866831766e-03
1.893402060014155513e-03 2.309148813673662752e-03
1.908625311479736700e-03 2.322776213026051147e-03
1.923970960290330868e-03 2.336520724413441476e-03
1.939439990539910562e-03 2.350383529150132291e-03
1.955033394234724411e-03 2.364365821525426462e-03
1.970752171356907490e-03 2.378468808955663209e-03
1.986597329928606673e-03 2.392693712138102818e-03
2.002569886076630088e-03 2.407041765206752951e-03
2.018670864097598348e-03 2.421514215890109220e-03
2.034901296523646767e-03 2.436112325670879847e-03
2.051262224188627175e-03 2.450837369947672303e-03
2.067754696294863987e-03 2.465690638198713043e-03
2.084379770480426775e-03 2.480673434147586016e-03
2.101138512886969231e-03 2.495787075931074107e-03
2.118031998228089418e-03 2.511032896269045373e-03
2.135061309858252501e-03 2.526412242636505087e-03
2.152227539842266422e-03 2.541926477437764578e-03
2.169531789025307914e-03 2.557576978182814903e-03
2.186975167103526185e-03 2.573365137665888439e-03
2.204558792695203006e-03 2.589292364146259569e-03
2.222283793412486563e-03 2.605360081531321766e-03
2.240151305933707308e-03 2.621569729561945387e-03
2.258162476076262370e-03 2.637922764000162189e-03
2.276318458870107541e-03 2.654420656819236370e-03
2.294620418631820868e-03 2.671064896396071423e-03
2.313069529039268185e-03 2.687856987706086810e-03
2.331666973206873630e-03 2.704798452520518898e-03
2.350413943761481272e-03 2.721890829606205160e-03
2.369311642918849915e-03 2.739135674927908881e-03
2.388361282560740734e-03 2.756534561853174817e-03
2.407564084312635057e-03 2.774089081359775669e-03
2.426921279622078816e-03 2.791800842245781462e-03
2.446434109837643690e-03 2.809671471342278272e-03
2.466103826288546571e-03 2.827702613728792259e-03
2.485931690364886603e-03 2.845895932951422909e-03
2.505918973598538369e-03 2.864253111243735342e-03
2.526066957744695172e-03 2.882775849750492808e-03
2.546376934864058496e-03 2.901465868754160397e-03
2.566850207405708354e-03 2.920324907904359515e-03
2.587488088290618941e-03 2.939354726450174246e-03
2.608291900995856043e-03 2.958557103475448376e-03
2.629262979639451856e-03 2.977933838137060071e-03
2.650402669065952000e-03 2.997486749906234926e-03
2.671712324932671179e-03 3.017217678812945079e-03
2.693193313796620608e-03 3.037128485693395274e-03
2.714847013202145373e-03 3.057221052440697341e-03
2.736674811769266961e-03 3.077497282258740904e-03
2.758678109282725315e-03 3.097959099919273332e-03
2.780858316781755542e-03 3.118608452022337239e-03
2.803216856650569792e-03 3.139447307259957565e-03
2.825755162709573786e-03 3.160477656683288554e-03
2.848474680307318003e-03 3.181701513973119160e-03
2.871376866413176583e-03 3.203120915713872190e-03
2.894463189710792979e-03 3.224737921671148345e-03
2.917735130692259392e-03 3.246554615072785692e-03
2.941194181753055588e-03 3.268573102893575482e-03
2.964841847287760530e-03 3.290795516143614399e-03
2.988679643786514711e-03 3.313224010160376910e-03
3.012709099932287839e-03 3.335860764904574529e-03
3.036931756698897211e-03 3.358707985259778116e-03
3.061349167449834482e-03 3.381767901335972371e-03
3.085962898037881725e-03 3.405042768776973122e-03
3.110774526905515924e-03 3.428534869071847915e-03
3.135785645186148305e-03 3.452246509870382420e-03
3.160997856806152095e-03 3.476180025302572259e-03
3.186412778587722084e-03 3.500337776302321104e-03
3.212032040352560784e-03 3.524722150935291273e-03
3.237857285026386409e-03 3.549335564731017842e-03
3.263890168744307783e-03 3.574180461019356089e-03
3.290132360957018047e-03 3.599259311271275734e-03
3.316585544537860916e-03 3.624574615444102997e-03
3.343251415890738723e-03 3.650128902331232182e-03
3.370131685058918181e-03 3.675924729916442077e-03
3.397228075834679215e-03 3.701964685732776414e-03
3.424542325869865851e-03 3.728251387226141911e-03
3.452076186787319222e-03 3.754787482123653382e-03
3.479831424293195700e-03 3.781575648806748471e-03
3.507809818290216156e-03 3.808618596689248952e-03
