2.497382406435652939e-25 9.768325619515944397e-18
1.592405960127358361e-24 3.089015920155193588e-17
1.015365822756892167e-23 9.768326876420302874e-17
6.474277161963938908e-23 3.089016721595150065e-16
4.128193389070159467e-22 9.768331986641967382e-16
2.632259977636328568e-21 3.089019980025807047e-15
1.678407946733001633e-20 9.768352763373603653e-15
1.070203270037972128e-19 3.089033227893325649e-14
6.823937180644061677e-19 9.768437235752100315e-14
4.351147109064984495e-18 3.089087090016611440e-13
1.915297948882004416e-17 7.759322488683919743e-13
8.060281057525431301e-17 1.949163039787816667e-12
3.231548868885900942e-16 4.896382250613372468e-12
4.345363206717196250e-16 6.163781780305984805e-12
1.185699981296668146e-15 1.229732179640797847e-11
3.167099671296256822e-15 2.454290871984140256e-11
8.312293945536222779e-15 4.898397135859626299e-11
2.151611673377367987e-14 9.773430848120292535e-11
5.516190296262407946e-14 1.950308160666369755e-10
7.219962673568143336e-14 2.455395918119563429e-10
1.345996703506809824e-13 3.892770603306517574e-10
2.502777173064534741e-13 6.169465998965407740e-10
3.411676113431318569e-13 7.768626451909397954e-10
4.161104603351930561e-13 9.006720410829545173e-10
5.668224300832851639e-13 1.192414995932578561e-09
1.051017683769589897e-12 1.890432911212288601e-09
1.946696275912857264e-12 3.094630240399093478e-09
3.604197434436283020e-12 4.906521065391501087e-09
4.678350727597027810e-12 5.964785761620009416e-09
6.363945126095426008e-12 7.510858710852283575e-09
8.659328086403540721e-12 9.798092857573101657e-09
1.177437263656969924e-11 1.233578754396143564e-08
1.601314678573479096e-11 1.553407705195085344e-08
2.068158225216417963e-11 1.881943995759334440e-08
2.812629084553211013e-11 2.462793118627416045e-08
3.823985723652250255e-11 3.101071367919697201e-08
4.915490723856361436e-11 3.744047090307774978e-08
6.683712298751739095e-11 4.918310976261355027e-08
9.088989403667837668e-11 6.194746997419662658e-08
1.198094057756214983e-10 7.622496704508910767e-08
1.235276287134856064e-10 8.111821537560480725e-08
1.679810496150610554e-10 1.052041443179145334e-07
2.145827771029579730e-10 1.264403182978826954e-07
2.389577941400671919e-10 1.370814666799720085e-07
2.718434103460653354e-10 1.558050328926489486e-07
3.695913600236930604e-10 2.029070399259184632e-07
4.805596579248377059e-10 2.471473550088626382e-07
6.228436556804378813e-10 3.112918511513913844e-07
6.449051117784316288e-10 3.195404339442749206e-07
6.519284217721749412e-10 3.221516175955882510e-07
6.901021772675798839e-10 3.362246542759246589e-07
7.517420508597271333e-10 3.585491157042282318e-07
7.842145311837404764e-10 3.701260768930860222e-07
8.123077711587138292e-10 3.800461204279264704e-07
8.948523203792971162e-10 4.248355205313744057e-07
1.780367769825735293e-09 1.571243743291283042e-06
2.831798589477310162e-09 2.360915204371286954e-06
4.352717025416528164e-09 3.331634749736530039e-06
6.442936706730940560e-09 4.497300351158025239e-06
9.210451352971400048e-09 5.875749191388290656e-06
1.726412223638507203e-08 9.359364509061765243e-06
2.961440629244172500e-08 1.399035730184682620e-05
4.760234259406434222e-08 2.000744564924680080e-05
7.280858902572716169e-08 2.762541866450402925e-05
1.069774052811704485e-07 3.692082460755834189e-05
1.786399553702715184e-07 5.352425790188030335e-05
3.179080611873818725e-07 7.810458603098302793e-05
4.169532575344421554e-07 9.195064971249766836e-05
4.437988271458211392e-07 9.546604737380116803e-05
8.192319285407806845e-07 1.258634192745901824e-04
1.306583685819660989e-06 1.517148428098753614e-04
1.317088824918279184e-06 1.522121098849884906e-04
1.327678426993650640e-06 1.527100368070724383e-04
1.338353171141442040e-06 1.532086224858482957e-04
1.349113741917356699e-06 1.537078658446836541e-04
1.359960829381033535e-06 1.542077658207065553e-04
1.370895129140300300e-06 1.547083213649192779e-04
1.381917342395781725e-06 1.552095314423114470e-04
1.393028175985865536e-06 1.557113950319730892e-04
1.404228342432032267e-06 1.562139111272071188e-04
1.415518559984547184e-06 1.567170787356415255e-04
1.426899552668521086e-06 1.572208968793410472e-04
1.438372050330341903e-06 1.577253645949187888e-04
1.449936788684476439e-06 1.582304809336471628e-04
1.461594509360652440e-06 1.587362449615686139e-04
1.473345959951418429e-06 1.592426557596061259e-04
1.485191894060084085e-06 1.597497124236731602e-04
1.497133071349048549e-06 1.602574140647832412e-04
1.509170257588517949e-06 1.607657598091595693e-04
1.521304224705610229e-06 1.612747487983439017e-04
1.533535750833859780e-06 1.617843801893052171e-04
1.545865620363118053e-06 1.622946531545482437e-04
1.558294623989853979e-06 1.628055668822214459e-04
1.570823558767861171e-06 1.633171205762247945e-04
1.583453228159371067e-06 1.638293134563173188e-04
1.596184442086579429e-06 1.643421447582241721e-04
1.609018016983583017e-06 1.648556137337435880e-04
1.621954775848739135e-06 1.653697196508534305e-04
1.634995548297440238e-06 1.658844617938175540e-04
1.648141170615318186e-06 1.663998394632917844e-04
1.661392485811873712e-06 1.669158519764297641e-04
1.674750343674536181e-06 1.674324986669883638e-04
1.688215600823161057e-06 1.679497788854331206e-04
1.701789120764962103e-06 1.684676919990429726e-04
1.715471773949887014e-06 1.689862373920152636e-04
1.729264437826438786e-06 1.695054144655701246e-04
1.743167996897945604e-06 1.700252226380549096e-04
1.757183342779281127e-06 1.705456613450480080e-04
1.771311374254043874e-06 1.710667300394630094e-04
1.785552997332193792e-06 1.715884281916521363e-04
1.799909125308154270e-06 1.721107552895096771e-04
1.814380678819380653e-06 1.726337108385753649e-04
1.828968585905397806e-06 1.731572943621372950e-04
1.843673782067315402e-06 1.736815054013348975e-04
1.858497210327819660e-06 1.742063435152614484e-04
1.873439821291647696e-06 1.747318082810668787e-04
1.888502573206549533e-06 1.752578992940597715e-04
1.903686432024737382e-06 1.757846161678097913e-04
1.918992371464832760e-06 1.763119585342498433e-04
1.934421373074308067e-06 1.768399260437776631e-04
1.949974426292431929e-06 1.773685183653578399e-04
1.965652528513721923e-06 1.778977351866234337e-04
1.981456685151904243e-06 1.784275762139774023e-04
1.997387909704389852e-06 1.789580411726942721e-04
2.013447223817270703e-06 1.794891298070211590e-04
2.029635657350831812e-06 1.800208418802792766e-04
2.045954248445599924e-06 1.805531771749649026e-04
2.062404043588914367e-06 1.810861354928505621e-04
2.078986097682037904e-06 1.816197166550860206e-04
2.095701474107806706e-06 1.821539205022991155e-04
2.112551244798820745e-06 1.826887468946968571e-04
2.129536490306190680e-06 1.832241957121660977e-04
2.146658299868825573e-06 1.837602668543744156e-04
2.163917771483289396e-06 1.842969602408709199e-04
2.181316011974210216e-06 1.848342758111869448e-04
2.198854137065261557e-06 1.853722135249369081e-04
2.216533271450711700e-06 1.859107733619190061e-04
2.234354548867548535e-06 1.864499553222160721e-04
2.252319112168183364e-06 1.869897594262961082e-04
2.270428113393742120e-06 1.875301857151134692e-04
2.288682713847942738e-06 1.880712342502094219e-04
2.307084084171568828e-06 1.886129051138132201e-04
2.325633404417540511e-06 1.891551984089428270e-04
2.344331864126589618e-06 1.896981142595062606e-04
2.363180662403542624e-06 1.902416528104023167e-04
2.382181007994219812e-06 1.907858142276219683e-04
2.401334119362946824e-06 1.913305986983496036e-04
2.420641224770696004e-06 1.918760064310642355e-04
2.440103562353851980e-06 1.924220376556412006e-04
2.459722380203609578e-06 1.929686926234535315e-04
2.479498936446016308e-06 1.935159716074739261e-04
2.499434499322650146e-06 1.940638749023763108e-04
2.519530347271951625e-06 1.946124028246380797e-04
2.539787769011208589e-06 1.951615557126422547e-04
2.560208063619199496e-06 1.957113339267797520e-04
2.580792540619500806e-06 1.962617378495519482e-04
2.601542520064466060e-06 1.968127678856734894e-04
2.622459332619876238e-06 1.973644244621750737e-04
2.643544319650277904e-06 1.979167080285067215e-04
2.664798833304997706e-06 1.984696190566410999e-04
2.686224236604858646e-06 1.990231580411770370e-04
2.707821903529584564e-06 1.995773254994434966e-04
2.729593219105914432e-06 2.001321219716037435e-04
2.751539579496419265e-06 2.006875480207594533e-04
2.773662392089039856e-06 2.012436042330556366e-04
2.795963075587336022e-06 2.018002912177853728e-04
2.818443060101469796e-06 2.023576096074952485e-04
2.841103787239913264e-06 2.029155600580907694e-04
2.863946710201899669e-06 2.034741432489422326e-04
2.886973293870611860e-06 2.040333598829910866e-04
2.910185014907126713e-06 2.045932106868563187e-04
2.933583361845107487e-06 2.051536964109415746e-04
2.957169835186264014e-06 2.057148178295421955e-04
2.980945947496575643e-06 2.062765757409530697e-04
3.004913223503293448e-06 2.068389709675766733e-04
3.029073200192713673e-06 2.074020043560315173e-04
3.053427426908745676e-06 2.079656767772611098e-04
3.077977465452270172e-06 2.085299891266431086e-04
3.102724890181291133e-06 2.090949423240992045e-04
3.127671288111900002e-06 2.096605373142053851e-04
3.152818259020050086e-06 2.102267750663026316e-04
3.178167415544143259e-06 2.107936565746078056e-04
3.203720383288450569e-06 2.113611828583257014e-04
3.229478800927356577e-06 2.119293549617609629e-04
3.255444320310447356e-06 2.124981739544307591e-04
3.281618606568440845e-06 2.130676409311782189e-04
3.308003338219968064e-06 2.136377570122858930e-04
3.334600207279215754e-06 2.142085233435902993e-04
3.361410919364430870e-06 2.147799410965966322e-04
3.388437193807299645e-06 2.153520114685944465e-04
3.415680763763208832e-06 2.159247356827734504e-04
3.443143376322386163e-06 2.164981149883404095e-04
3.470826792621941639e-06 2.170721506606362405e-04
3.498732787958804544e-06 2.176468440012542711e-04
3.526863151903573150e-06 2.182221963381584173e-04
3.555219688415274546e-06 2.187982090258027985e-04
3.583804215957050708e-06 2.193748834452512435e-04
3.612618567612777994e-06 2.199522210042985045e-04
3.641664591204612446e-06 2.205302231375911182e-04
3.670944149411493513e-06 2.211088913067495686e-04
3.700459119888592212e-06 2.216882270004912352e-04
3.730211395387725335e-06 2.222682317347537484e-04
3.760202883878733993e-06 2.228489070528193205e-04
3.790435508671834568e-06 2.234302545254400517e-04
3.820911208540962801e-06 2.240122757509634545e-04
3.851631937848104251e-06 2.245949723554595213e-04
3.882599666668620867e-06 2.251783459928478751e-04
3.913816380917594425e-06 2.257623983450265449e-04
3.945284082477174964e-06 2.263471311220007691e-04
3.977004789324963877e-06 2.269325460620133712e-04
4.008980535663415982e-06 2.275186449316755411e-04
4.041213372050300380e-06 2.281054295260989185e-04
4.073705365530191315e-06 2.286929016690281906e-04
4.106458599767028825e-06 2.292810632129749096e-04
4.139475175177740732e-06 2.298699160393521512e-04
4.172757209066936128e-06 2.304594620586103372e-04
4.206306835762688990e-06 2.310497032103733578e-04
4.240126206753406848e-06 2.316406414635769153e-04
4.274217490825807368e-06 2.322322788166064893e-04
4.308582874203990999e-06 2.328246172974376320e-04
4.343224560689646947e-06 2.334176589637760202e-04
4.378144771803378930e-06 2.340114059031998925e-04
4.413345746927165107e-06 2.346058602333024861e-04
4.448829743447969972e-06 2.352010241018361817e-04
4.484599036902503983e-06 2.357968996868576510e-04
4.520655921123155476e-06 2.363934891968740069e-04
4.557002708385082174e-06 2.369907948709900930e-04
4.593641729554502936e-06 2.375888189790572084e-04
4.630575334238165195e-06 2.381875638218228090e-04
4.667805890934032118e-06 2.387870317310813745e-04
4.705335787183157305e-06 2.393872250698266847e-04
4.743167429722806326e-06 2.399881462324051523e-04
4.781303244640789511e-06 2.405897976446705658e-04
4.819745677531044114e-06 2.411921817641400525e-04
4.858497193650476865e-06 2.417953010801512329e-04
4.897560278077041490e-06 2.423991581140211109e-04
4.936937435869113893e-06 2.430037554192054786e-04
4.976631192226131954e-06 2.436090955814607334e-04
5.016644092650539755e-06 2.442151812190061560e-04
5.056978703111020996e-06 2.448220149826882213e-04
5.097637610207052086e-06 2.454295995561458035e-04
5.138623421334779145e-06 2.460379376559773874e-04
5.179938764854222309e-06 2.466470320319089841e-04
5.221586290257834435e-06 2.472568854669646762e-04
5.263568668340402366e-06 2.478675007776371623e-04
5.305888591370328844e-06 2.484788808140613926e-04
5.348548773262274768e-06 2.490910284601881492e-04
5.391551949751209219e-06 2.497039466339607172e-04
5.434900878567836757e-06 2.503176382874919888e-04
5.478598339615454516e-06 2.509321064072438448e-04
5.522647135148222143e-06 2.515473540142078366e-04
5.567050089950862381e-06 2.521633841640875495e-04
5.611810051519816002e-06 2.527801999474829165e-04
5.656929890245842634e-06 2.533978044900756714e-04
5.702412499598096263e-06 2.540162009528171326e-04
5.748260796309682200e-06 2.546353925321171254e-04
5.794477720564698050e-06 2.552553824600354519e-04
5.841066236186788331e-06 2.558761740044742826e-04
5.888029330829205109e-06 2.564977704693728253e-04
5.935370016166403468e-06 2.571201751949037280e-04
5.983091328087177725e-06 2.577433915576715423e-04
6.031196326889350258e-06 2.583674229709127042e-04
6.079688097476017183e-06 2.589922728846974129e-04
6.128569749553383064e-06 2.596179447861339485e-04
6.177844417830184653e-06 2.602444421995745078e-04
6.227515262218703669e-06 2.608717686868229917e-04
6.277585468037427055e-06 2.614999278473452318e-04
6.328058246215296264e-06 2.621289233184801392e-04
6.378936833497631138e-06 2.627587587756549724e-04
6.430224492653694480e-06 2.633894379326001721e-04
6.481924512685930370e-06 2.640209645415683161e-04
6.534040209040881297e-06 2.646533423935540493e-04
6.586574923821801055e-06 2.652865753185168333e-04
6.639532026002985414e-06 2.659206671856053760e-04
6.692914911645811267e-06 2.665556219033846097e-04
6.746727004116526582e-06 2.671914434200647285e-04
6.800971754305784408e-06 2.678281357237327740e-04
6.855652640849945473e-06 2.684657028425860639e-04
6.910773170354152787e-06 2.691041488451683858e-04
6.966336877617210412e-06 2.697434778406081419e-04
7.022347325858261345e-06 2.703836939788594211e-04
7.078808106945292437e-06 2.710248014509447525e-04
7.135722841625479076e-06 2.716668044892011648e-04
7.193095179757374706e-06 2.723097073675278179e-04
7.250928800544970595e-06 2.729535144016368331e-04
7.309227412773636861e-06 2.735982299493063463e-04
7.367994755047968475e-06 2.742438584106362165e-04
7.427234596031526929e-06 2.748904042283062833e-04
7.486950734688526685e-06 2.755378718878370627e-04
7.547147000527454560e-06 2.761862659178533717e-04
7.607827253846645747e-06 2.768355908903512579e-04
7.668995385981850374e-06 2.774858514209657440e-04
7.730655319555763483e-06 2.781370521692435043e-04
7.792811008729597197e-06 2.787891978389168426e-04
7.855466439456632415e-06 2.794422931781814106e-04
7.918625629737851659e-06 2.800963429799763660e-04
7.982292629879594639e-06 2.807513520822669151e-04
8.046471522753305988e-06 2.814073253683310304e-04
8.111166424057363310e-06 2.820642677670480653e-04
8.176381482581005872e-06 2.827221842531908377e-04
8.242120880470394425e-06 2.833810798477204252e-04
8.308388833496802169e-06 2.840409596180844829e-04
8.375189591326970726e-06 2.847018286785183263e-04
8.442527437795637908e-06 2.853636921903491587e-04
8.510406691180244057e-06 2.860265553623038220e-04
8.578831704477862688e-06 2.866904234508191492e-04
8.647806865684350364e-06 2.873553017603562207e-04
8.717336598075742896e-06 2.880211956437175478e-04
8.787425360491914824e-06 2.886881105023677251e-04
8.858077647622519097e-06 2.893560517867570648e-04
8.929297990295218841e-06 2.900250249966496228e-04
9.001090955766250149e-06 2.906950356814533916e-04
9.073461148013309133e-06 2.913660894405552108e-04
9.146413208030798812e-06 2.920381919236581165e-04
9.219951814127449381e-06 2.927113488311230819e-04
9.294081682226335595e-06 2.933855659143140646e-04
9.368807566167294625e-06 2.940608489759467402e-04
9.444134258011783391e-06 2.947372038704408137e-04
9.520066588350197353e-06 2.954146365042765055e-04
9.596609426611632160e-06 2.960931528363541267e-04
9.673767681376176225e-06 2.967727588783584253e-04
9.751546300689658002e-06 2.974534606951255889e-04
9.829950272380990272e-06 2.981352644050157220e-04
9.908984624382013168e-06 2.988181761802879803e-04
9.988654425049927433e-06 2.995022022474800412e-04
1.006896478349233823e-05 3.001873488877923992e-04
1.014992084989486377e-05 3.008736224374756974e-04
1.023152781585144429e-05 3.015610292882229377e-04
1.031379091469725477e-05 3.022495758875659187e-04
1.039671542184429434e-05 3.029392687392753070e-04
1.048030665511972679e-05 3.036301144037656949e-04
1.056456997510687403e-05 3.043221194985049408e-04
1.064951078548899457e-05 3.050152906984273586e-04
1.073513453339582670e-05 3.057096347363522744e-04
1.082144670975286934e-05 3.064051584034061600e-04
1.090845284963355290e-05 3.071018685494504054e-04
1.099615853261414779e-05 3.077997720835126141e-04
1.108456938313161721e-05 3.084988759742231029e-04
1.117369107084428545e-05 3.091991872502569856e-04
1.126352931099540818e-05 3.099007130007789667e-04
1.135408986477972086e-05 3.106034603758954537e-04
1.144537853971285012e-05 3.113074365871094343e-04
1.153740119000378300e-05 3.120126489077819669e-04
1.163016371693027356e-05 3.127191046735978454e-04
1.172367206921725663e-05 3.134268112830362516e-04
1.181793224341838868e-05 3.141357761978472076e-04
1.191295028430053130e-05 3.148460069435324196e-04
1.200873228523145346e-05 3.155575111098328435e-04
1.210528438857053733e-05 3.162702963512192865e-04
1.220261278606272477e-05 3.169843703873905980e-04
1.230072371923556408e-05 3.176997410037764140e-04
1.239962347979944492e-05 3.184164160520448891e-04
1.249931841005113833e-05 3.191344034506174757e-04
1.259981490328044880e-05 3.198537111851878232e-04
1.270111940418026631e-05 3.205743473092473989e-04
1.280323840925981674e-05 3.212963199446165308e-04
1.290617846726128183e-05 3.220196372819814665e-04
1.300994617957978014e-05 3.227443075814372337e-04
1.311454820068666664e-05 3.234703391730365174e-04
1.321999123855631370e-05 3.241977404573448255e-04
1.332628205509626658e-05 3.249265199060017806e-04
1.343342746658085824e-05 3.256566860622880488e-04
1.354143434408836981e-05 3.263882475416995336e-04
1.365030961394160801e-05 3.271212130325276408e-04
1.376006025815212312e-05 3.278555912964448019e-04
1.387069331486795225e-05 3.285913911690988877e-04
1.398221587882492532e-05 3.293286215607121761e-04
1.409463510180169453e-05 3.300672914566877463e-04
1.420795819307831966e-05 3.308074099182226491e-04
1.432219241989862783e-05 3.315489860829285589e-04
1.443734510793623406e-05 3.322920291654577916e-04
1.455342364176430574e-05 3.330365484581380509e-04
1.467043546532916926e-05 3.337825533316130834e-04
1.478838808242763000e-05 3.345300532354910858e-04
1.490728905718823273e-05 3.352790576990005928e-04
1.502714601455627780e-05 3.360295763316528705e-04
1.514796664078285047e-05 3.367816188239127666e-04
1.526975868391771451e-05 3.375351949478765535e-04
1.539252995430615459e-05 3.382903145579573066e-04
1.551628832508988279e-05 3.390469875915784687e-04
1.564104173271189564e-05 3.398052240698751117e-04
1.576679817742546129e-05 3.405650340984026254e-04
1.589356572380715043e-05 3.413264278678541344e-04
1.602135250127397704e-05 3.420894156547857746e-04
1.615016670460478099e-05 3.428540078223498854e-04
1.628001659446569007e-05 3.436202148210369288e-04
1.641091049793991195e-05 3.443880471894257035e-04
1.654285680906171732e-05 3.451575155549421780e-04
1.667586398935472258e-05 3.459286306346263462e-04
1.680994056837454989e-05 3.467014032359087882e-04
1.694509514425577339e-05 3.474758442573955774e-04
1.708133638426333756e-05 3.482519646896620256e-04
1.721867302534837689e-05 3.490297756160553179e-04
1.735711387470846381e-05 3.498092882135073927e-04
1.749666781035246103e-05 3.505905137533558459e-04
1.763734378166979892e-05 3.513734636021744297e-04
1.777915081000442155e-05 3.521581492226143390e-04
1.792209798923332043e-05 3.529445821742532505e-04
1.806619448634965227e-05 3.537327741144557993e-04
1.821144954205068832e-05 3.545227367992423505e-04
1.835787247133033079e-05 3.553144820841697507e-04
1.850547266407652524e-05 3.561080219252201026e-04
1.865425958567340273e-05 3.569033683797013037e-04
1.880424277760824668e-05 3.577005336071570167e-04
1.895543185808344711e-05 3.584995298702883500e-04
1.910783652263321172e-05 3.593003695358844285e-04
1.926146654474541686e-05 3.601030650757657036e-04
1.941633177648830348e-05 3.609076290677361537e-04
1.957244214914229255e-05 3.617140741965489291e-04
1.972980767383688609e-05 3.625224132548806157e-04
1.988843844219261649e-05 3.633326591443186726e-04
2.004834462696828133e-05 3.641448248763597107e-04
2.020953648271322313e-05 3.649589235734192649e-04
2.037202434642499958e-05 3.657749684698537087e-04
2.053581863821227495e-05 3.665929729129939322e-04
2.070092986196299693e-05 3.674129503641904593e-04
2.086736860601807244e-05 3.682349143998723336e-04
2.103514554385028823e-05 3.690588787126164666e-04
2.120427143474888632e-05 3.698848571122310817e-04
2.137475712450947910e-05 3.707128635268511370e-04
2.154661354612956840e-05 3.715429120040464350e-04
2.171985172050970247e-05 3.723750167119432831e-04
2.189448275716020294e-05 3.732091919403594370e-04
2.207051785491360088e-05 3.740454521019514035e-04
2.224796830264283602e-05 3.748838117333761627e-04
2.242684547998513114e-05 3.757242854964667686e-04
2.260716085807181594e-05 3.765668881794209059e-04
2.278892600026391081e-05 3.774116346980044626e-04
2.297215256289369061e-05 3.782585400967683844e-04
2.315685229601219464e-05 3.791076195502816838e-04
2.334303704414269972e-05 3.799588883643758869e-04
2.353071874704035964e-05 3.808123619774086174e-04
2.371990944045778408e-05 3.816680559615376962e-04
2.391062125691699052e-05 3.825259860240140530e-04
2.410286642648737688e-05 3.833861680084881354e-04
2.429665727756999955e-05 3.842486178963317681e-04
2.449200623768824471e-05 3.851133518079769263e-04
2.468892583428471696e-05 3.859803860042701745e-04
2.488742869552466359e-05 3.868497368878423938e-04
2.508752755110574151e-05 3.877214210044956934e-04
2.528923523307442822e-05 3.885954550446075605e-04
2.549256467664885335e-05 3.894718558445505689e-04
2.569752892104833192e-05 3.903506403881296517e-04
2.590414111032959590e-05 3.912318258080374803e-04
2.611241449422963267e-05 3.921154293873259974e-04
2.632236242901543521e-05 3.930014685608968698e-04
2.653399837834048122e-05 3.938899609170093429e-04
2.674733591410812054e-05 3.947809241988062550e-04
2.696238871734200990e-05 3.956743763058589167e-04
2.717917057906333081e-05 3.965703352957306396e-04
2.739769540117528840e-05 3.974688193855590202e-04
2.761797719735458988e-05 3.983698469536576863e-04
2.784003009395008557e-05 3.992734365411369085e-04
2.806386833088873496e-05 4.001796068535451900e-04
2.828950626258871839e-05 4.010883767625296145e-04
2.851695835888003994e-05 4.019997653075171721e-04
2.874623920593241807e-05 4.029137916974161442e-04
2.897736350719064385e-05 4.038304753123390630e-04
2.921034608431757591e-05 4.047498357053458374e-04
2.944520187814453515e-05 4.056718926042091598e-04
2.968194594962951581e-05 4.065966659132010000e-04
2.992059348082299621e-05 4.075241757149006207e-04
3.016115977584149128e-05 4.084544422720268251e-04
3.040366026184909771e-05 4.093874860292903164e-04
3.064811049004667940e-05 4.103233276152701259e-04
3.089452613666925210e-05 4.112619878443135699e-04
3.114292300399124552e-05 4.122034877184587560e-04
3.139331702133980548e-05 4.131478484293821360e-04
3.164572424611646805e-05 4.140950913603687724e-04
3.190016086482674510e-05 4.150452380883079746e-04
3.215664319411824784e-05 4.159983103857137102e-04
3.241518768182700293e-05 4.169543302227701688e-04
3.267581090803220499e-05 4.179133197694023176e-04
3.293852958611954789e-05 4.188753013973727478e-04
3.320336056385295181e-05 4.198402976824045971e-04
3.347032082445505205e-05 4.208083314063316310e-04
3.373942748769621230e-05 4.217794255592734773e-04
3.401069781099253013e-05 4.227536033418405684e-04
3.428414919051240754e-05 4.237308881673654834e-04
3.455979916229218825e-05 4.247113036641610704e-04
3.483766540336073964e-05 4.256948736778105521e-04
3.511776573287299287e-05 4.266816222734821896e-04
3.540011811325273266e-05 4.276715737382770673e-04
3.568474065134447397e-05 4.286647525836034963e-04
3.597165159957456122e-05 4.296611835475837803e-04
3.626086935712180851e-05 4.306608915974896048e-04
3.655241247109725387e-05 4.316639019322100063e-04
3.684629963773369842e-05 4.326702399847495370e-04
3.714254970358458330e-05 4.336799314247584132e-04
3.744118166673259722e-05 4.346930021610955147e-04
3.774221467800805546e-05 4.357094783444238569e-04
3.804566804221690791e-05 4.367293863698377206e-04
3.835156121937885048e-05 4.377527528795265911e-04
3.865991382597520117e-05 4.387796047654699970e-04
3.897074563620684566e-05 4.398099691721687782e-04
3.928407658326242178e-05 4.408438734994102890e-04
3.959992676059648545e-05 4.418813454050710609e-04
3.991831642321819342e-05 4.429224128079530215e-04
4.023926598899018421e-05 4.439671038906583102e-04
4.056279603993785389e-05 4.450154471025001448e-04
4.088892732356943322e-05 4.460674711624517969e-04
4.121768075420630372e-05 4.471232050621334062e-04
4.154907741432437257e-05 4.481826780688384225e-04
4.188313855590591010e-05 4.492459197285978865e-04
4.221988560180252748e-05 4.503129598692855846e-04
4.255934014710894891e-05 4.513838286037637529e-04
4.290152396054781566e-05 4.524585563330690060e-04
4.324645898586581318e-05 4.535371737496404396e-04
4.359416734324070807e-05 4.546197118405899645e-04
4.394467133070009430e-05 4.557062018910151943e-04
4.429799342555120525e-05 4.567966754873560272e-04
4.465415628582230622e-05 4.578911645207948120e-04
4.501318275171586420e-05 4.589897011907021060e-04
4.537509584707312876e-05 4.600923180081267750e-04
4.573991878085068675e-05 4.611990477993329869e-04
4.610767494860883463e-05 4.623099237093838791e-04
4.647838793401179582e-05 4.634249792057710876e-04
4.685208151034024376e-05 4.645442480820948547e-04
4.722877964201571043e-05 4.656677644617905946e-04
4.760850648613753104e-05 4.667955628019077171e-04
4.799128639403191823e-05 4.679276778969344223e-04
4.837714391281355201e-05 4.690641448826780597e-04
4.876610378695982775e-05 4.702049992401944939e-04
4.915819095989760638e-05 4.713502767997705418e-04
4.955343057560288695e-05 4.725000137449603490e-04
4.995184798021321177e-05 4.736542466166742413e-04
5.035346872365297356e-05 4.748130123173245512e-04
5.075831856127211925e-05 4.759763481150257628e-04
5.116642345549757287e-05 4.771442916478508731e-04
5.157780957749831936e-05 4.783168809281468413e-04
5.199250330886370211e-05 4.794941543469062009e-04
5.241053124329511035e-05 4.806761506781988443e-04
5.283192018831161217e-05 4.818629090836646853e-04
5.325669716696883506e-05 4.830544691170642730e-04
5.368488941959215119e-05 4.842508707288945653e-04
5.411652440552340164e-05 4.854521542710660146e-04
5.455162980488184403e-05 4.866583605016423200e-04
5.499023352033931674e-05 4.878695305896466419e-04
5.543236367890950447e-05 4.890857061199315120e-04
5.587804863375175261e-05 4.903069290981181341e-04
5.632731696598923353e-05 4.915332419555997054e-04
5.678019748654193269e-05 4.927646875546171090e-04
5.723671923797415625e-05 4.940013091934003639e-04
5.769691149635695324e-05 4.952431506113854796e-04
5.816080377314570296e-05 4.964902559944983163e-04
5.862842581707244764e-05 4.977426699805149882e-04
5.909980761605379681e-05 4.990004376644953431e-04
5.957497939911395642e-05 5.002636046042901671e-04
6.005397163832317388e-05 5.015322168261265607e-04
6.053681505075207345e-05 5.028063208302709433e-04
6.102354060044123827e-05 5.040859635967688199e-04
6.151417950038712312e-05 5.053711925912669463e-04
6.200876321454361362e-05 5.066620557709147505e-04
6.250732345983964515e-05 5.079586015903489113e-04
6.300989220821341685e-05 5.092608790077626140e-04
6.351650168866239431e-05 5.105689374910578554e-04
6.402718438931039523e-05 5.118828270240857866e-04
6.454197305949088389e-05 5.132025981129747670e-04
6.506090071184700296e-05 5.145283017925448297e-04
6.558400062444892556e-05 5.158599896328174483e-04
6.611130634292763280e-05 5.171977137456123651e-04
6.664285168262635043e-05 5.185415267912409131e-04
6.717867073076899383e-05 5.198914819852921455e-04
6.771879784864606863e-05 5.212476331055167613e-04
6.826326767381842009e-05 5.226100344988086075e-04
6.881211512233816703e-05 5.239787410882848452e-04
6.936537539098820270e-05 5.253538083804664034e-04
6.992308395953890745e-05 5.267352924725628421e-04
7.048527659302376706e-05 5.281232500598615149e-04
7.105198934403274497e-05 5.295177384432195149e-04
7.162325855502430275e-05 5.309188155366659917e-04
7.219912086065596044e-05 5.323265398751129973e-04
7.277961319013374908e-05 5.337409706221772458e-04
7.336477276958029801e-05 5.351621675781135460e-04
7.395463712442219384e-05 5.365901911878652192e-04
7.454924408179636718e-05 5.380251025492281420e-04
7.514863177297576458e-05 5.394669634211343755e-04
7.575283863581492921e-05 5.409158362320571180e-04
7.636190341721481247e-05 5.423717840885347021e-04
7.697586517560753500e-05 5.438348707838227452e-04
7.759476328346124609e-05 5.453051608066683802e-04
7.821863742980475617e-05 5.467827193502147005e-04
7.884752762277313508e-05 5.482676123210361747e-04
7.948147419217312418e-05 5.497599063483046009e-04
8.012051779206945997e-05 5.512596687930901513e-04
8.076469940339201436e-05 5.527669677577997862e-04
8.141406033656367039e-05 5.542818720957540116e-04
8.206864223414977349e-05 5.558044514209050171e-04
8.272848707352844014e-05 5.573347761176973862e-04
8.339363716958252343e-05 5.588729173510770167e-04
8.406413517741327624e-05 5.604189470766463010e-04
8.474002409507549517e-05 5.619729380509692505e-04
8.542134726633532425e-05 5.635349638420336128e-04
8.610814838344958016e-05 5.651050988398646693e-04
8.680047148996773720e-05 5.666834182672997105e-04
8.749836098355634169e-05 5.682699981909215652e-04
8.820186161884609980e-05 5.698649155321596372e-04
8.891101851030214014e-05 5.714682480785514057e-04
8.962587713511697691e-05 5.730800744951788060e-04
9.034648333612690528e-05 5.747004743362736385e-04
9.107288332475195112e-05 5.763295280569977501e-04
9.180512368395907685e-05 5.779673170254002665e-04
9.254325137124976832e-05 5.796139235345607651e-04
9.328731372167125722e-05 5.812694308149087387e-04
9.403735845085200258e-05 5.829339230467348552e-04
9.479343365806170232e-05 5.846074853728918438e-04
9.555558782929555030e-05 5.862902039116867428e-04
9.632386984038406692e-05 5.879821657699705814e-04
9.709832896012703975e-05 5.896834590564302642e-04
9.787901485345318678e-05 5.913941728950794074e-04
9.866597758460524429e-05 5.931143974389599437e-04
9.945926762035000484e-05 5.948442238840502680e-04
1.002589358332153655e-04 5.965837444833918491e-04
1.010650335047522992e-04 5.983330525614289968e-04
1.018776123288234702e-04 6.000922425285722984e-04
1.026967244149185076e-04 6.018614098959874622e-04
1.035224222914952861e-04 6.036406512906095654e-04
1.043547589093490570e-04 6.054300644703958277e-04
1.051937876450076816e-04 6.072297483398111624e-04
1.060395623041548909e-04 6.090398029655558296e-04
1.068921371250802852e-04 6.108603295925376861e-04
1.077515667821581319e-04 6.126914306600957528e-04
1.086179063893532958e-04 6.145332098184762932e-04
1.094912115037555215e-04 6.163857719455658477e-04
1.103715381291424879e-04 6.182492231638900054e-04
1.112589427195707665e-04 6.201236708578765052e-04
1.121534821829967726e-04 6.220092236913925309e-04
1.130552138849257287e-04 6.239059916255573941e-04
1.139641956520906068e-04 6.258140859368372180e-04
1.148804857761605465e-04 6.277336192354265008e-04
1.158041430174786154e-04 6.296647054839216552e-04
1.167352266088305903e-04 6.316074600162893422e-04
1.176737962592431077e-04 6.335619995571397907e-04
1.186199121578128347e-04 6.355284422413058631e-04
1.195736349775663109e-04 6.375069076337342615e-04
1.205350258793505259e-04 6.394975167496973331e-04
1.215041465157556445e-04 6.415003920753265584e-04
1.224810590350682786e-04 6.435156575884779136e-04
1.234658260852570957e-04 6.455434387799324682e-04
1.244585108179903983e-04 6.475838626749382898e-04
1.254591768926855235e-04 6.496370578551001604e-04
1.264678884805919487e-04 6.517031544806250196e-04
1.274847102689060014e-04 6.537822843129261711e-04
1.285097074649193150e-04 6.558745807375963334e-04
1.295429458002004880e-04 6.579801787877533319e-04
1.305844915348100012e-04 6.600992151677650445e-04
1.316344114615500196e-04 6.622318282773671533e-04
1.326927729102472884e-04 6.643781582361670901e-04
1.337596437520709690e-04 6.665383469085579176e-04
1.348350924038852221e-04 6.687125379290353175e-04
1.359191878326362966e-04 6.709008767279339485e-04
1.370119995597759120e-04 6.731035105575881600e-04
1.381135976657191450e-04 6.753205885189231348e-04
1.392240527943386103e-04 6.775522615884862175e-04
1.403434361574949351e-04 6.797986826459268862e-04
1.414718195396030929e-04 6.820600065019331729e-04
1.426092753022363058e-04 6.843363899266329898e-04
1.437558763887662402e-04 6.866279916784651322e-04
1.449116963290407423e-04 6.889349725335397988e-04
1.460768092440994134e-04 6.912574953154824488e-04
1.472512898509262909e-04 6.935957249257822472e-04
1.484352134672421307e-04 6.959498283746488921e-04
1.496286560163339859e-04 6.983199748123898598e-04
1.508316940319240872e-04 7.007063355613137035e-04
1.520444046630779723e-04 7.031090841481754542e-04
1.532668656791514835e-04 7.055283963371672667e-04
1.544991554747788295e-04 7.079644501634730670e-04
1.557413530748991636e-04 7.104174259673866603e-04
1.569935381398247407e-04 7.128875064290188853e-04
1.582557909703494344e-04 7.153748766035870942e-04
1.595281925128976940e-04 7.178797239573142790e-04
1.608108243647165181e-04 7.204022384039400137e-04
1.621037687791074071e-04 7.229426123418580645e-04
1.634071086707014414e-04 7.255010406918910781e-04
1.647209276207765871e-04 7.280777209357166581e-04
1.660453098826170169e-04 7.306728531549545880e-04
1.673803403869170712e-04 7.332866400709330901e-04
1.687261047472270702e-04 7.359192870851373729e-04
1.700826892654440663e-04 7.385710023203676802e-04
1.714501809373453949e-04 7.412419966626052157e-04
1.728286674581687107e-04 7.439324838036130488e-04
1.742182372282350669e-04 7.466426802842770962e-04
1.756189793586180182e-04 7.493728055387057201e-04
1.770309836768583969e-04 7.521230819391026877e-04
1.784543407327242445e-04 7.548937348414249847e-04
1.798891418040183415e-04 7.576849926318500938e-04
1.813354789024313807e-04 7.604970867740534985e-04
1.827934447794425752e-04 7.633302518573287189e-04
1.842631329322677537e-04 7.661847256455545443e-04
1.857446376098547281e-04 7.690607491270293021e-04
1.872380538189280996e-04 7.719585665651964483e-04
1.887434773300814992e-04 7.748784255502661443e-04
1.902610046839191325e-04 7.778205770517623071e-04
1.917907331972472243e-04 7.807852754720061945e-04
1.933327609693137920e-04 7.837727787005588581e-04
1.948871868881009483e-04 7.867833481696400290e-04
1.964541106366655054e-04 7.898172489105451197e-04
1.980336326995319461e-04 7.928747496110757388e-04
1.996258543691361892e-04 7.959561226740109307e-04
2.012308777523209369e-04 7.990616442766311760e-04
2.028488057768844453e-04 8.021915944313263774e-04
2.044797421981806593e-04 8.053462570473031174e-04
2.061237916057728531e-04 8.085259199934136326e-04
2.077810594301411553e-04 8.117308751621321984e-04
2.094516519494427661e-04 8.149614185347009345e-04
2.111356762963286621e-04 8.182178502474699673e-04
2.128332404648130736e-04 8.215004746594505979e-04
2.145444533171990702e-04 8.248096004211177964e-04
2.162694245910601180e-04 8.281455405444756827e-04
2.180082649062764434e-04 8.315086124744158107e-04
2.197610857721301876e-04 8.348991381614052259e-04
2.215279995944555570e-04 8.383174441355096098e-04
2.233091196828473316e-04 8.417638615818033359e-04
2.251045602579275940e-04 8.452387264171780379e-04
2.269144364586695968e-04 8.487423793685856853e-04
2.287388643497827515e-04 8.522751660527465257e-04
2.305779609291549168e-04 8.558374370573515987e-04
2.324318441353553227e-04 8.594295480237861690e-04
2.343006328551982078e-04 8.630518597314182057e-04
2.361844469313658182e-04 8.667047381834658932e-04
2.380834071700953464e-04 8.703885546945002273e-04
2.399976353489247430e-04 8.741036859795969002e-04
2.419272542245027397e-04 8.778505142451843105e-04
2.438723875404610246e-04 8.816294272816218528e-04
2.458331600353490568e-04 8.854408185575367816e-04
2.478096974506345572e-04 8.892850873159732121e-04
2.498021265387662592e-04 8.931626386723738554e-04
2.518105750713024705e-04 8.970738837144496755e-04
2.538351718471055542e-04 9.010192396039645724e-04
2.558760467006000261e-04 9.049991296804858320e-04
2.579333305101005284e-04 9.090139835671369895e-04
2.600071552062037709e-04 9.130642372784015691e-04
2.620976537802493199e-04 9.171503333300145633e-04
2.642049602928482036e-04 9.212727208509942367e-04
2.663292098824793881e-04 9.254318556978541506e-04
2.684705387741572152e-04 9.296282005710528734e-04
2.706290842881662771e-04 9.338622251337149859e-04
2.728049848488680652e-04 9.381344061326893011e-04
2.749983799935780382e-04 9.424452275219838719e-04
2.772094103815128381e-04 9.467951805886311301e-04
2.794382178028123154e-04 9.511847640810496170e-04
2.816849451876311068e-04 9.556144843399349414e-04
2.839497366153048057e-04 9.600848554317562922e-04
2.862327373235899123e-04 9.645963992849077278e-04
2.885340937179766969e-04 9.691496458285662856e-04
2.908539533810793661e-04 9.737451331343350809e-04
2.931924650820994676e-04 9.783834075607143309e-04
2.955497787863665439e-04 9.830650239004805335e-04
2.979260456649544635e-04 9.877905455310176039e-04
3.003214181043770072e-04 9.925605445676960285e-04
3.027360497163594571e-04 9.973756020203378755e-04
3.051700953476895492e-04 1.002236307952858842e-03
3.076237110901478976e-04 1.007143261646152284e-03
3.100970542905169157e-04 1.012097071764281797e-03
3.125902835606726780e-04 1.017098356524073852e-03
3.151035587877557128e-04 1.022147743868166226e-03
3.176370411444241391e-04 1.027245871641616504e-03
3.201908930991902331e-04 1.032393387772127932e-03
3.227652784268377146e-04 1.037590950453992980e-03
3.253603622189264180e-04 1.042839228335831411e-03
3.279763108943780097e-04 1.048138900712211087e-03
3.306132922101485483e-04 1.053490657719246930e-03
3.332714752719868065e-04 1.058895200534264343e-03
3.359510305452776476e-04 1.064353241579619677e-03
3.386521298659754455e-04 1.069865504730784433e-03
3.413749464516222356e-04 1.075432725528785568e-03
3.441196549124567747e-04 1.081055651397097757e-03
3.468864312626118024e-04 1.086735041863109465e-03
3.496754529314005850e-04 1.092471668784248708e-03
3.524868987746970273e-04 1.098266316578905321e-03
3.553209490864042003e-04 1.104119782462227150e-03
3.581777856100164898e-04 1.110032876686946291e-03
3.610575915502753125e-04 1.116006422789317344e-03
3.639605515849157411e-04 1.122041257840317077e-03
3.668868518765122265e-04 1.128138232702218923e-03
3.698366800844152843e-04 1.134298212290668281e-03
3.728102253767864101e-04 1.140522075842398050e-03
3.758076784427290002e-04 1.146810717188718630e-03
3.788292315045161470e-04 1.153165045034910312e-03
3.818750783299194808e-04 1.159585983245684177e-03
3.849454142446334225e-04 1.166074471136835941e-03
3.880404361448021636e-04 1.172631463773246086e-03
3.911603425096461762e-04 1.179257932273402535e-03
3.943053334141889579e-04 1.185954864120571019e-03
3.974756105420902989e-04 1.192723263480808919e-03
4.006713771985776157e-04 1.199564151527963106e-03
4.038928383234847291e-04 1.206478566775846502e-03
4.071402005043944002e-04 1.213467565417753174e-03
4.104136719898850583e-04 1.220532221673497134e-03
4.137134627028875755e-04 1.227673628144174568e-03
4.170397842541461787e-04 1.234892896174822740e-03
4.203928499557885948e-04 1.242191156225186345e-03
4.237728748350063517e-04 1.249569558248781690e-03
4.271800756478423599e-04 1.257029272080475990e-03
4.306146708930934201e-04 1.264571487832800555e-03
4.340768808263206638e-04 1.272197416301198460e-03
4.375669274739750806e-04 1.279908289378451497e-03
4.410850346476352614e-04 1.287705360478505869e-03
4.446314279583594704e-04 1.295589904969949658e-03
4.482063348311554076e-04 1.303563220619368898e-03
4.518099845195634322e-04 1.311626628044846796e-03
4.554426081203586155e-04 1.319781471179872802e-03
4.591044385883709714e-04 1.328029117747899857e-03
4.627957107514228349e-04 1.336370959747859447e-03
4.665166613253904902e-04 1.344808413950896852e-03
4.702675289293830555e-04 1.353342922408612816e-03
4.740485541010451293e-04 1.361975952973128005e-03
4.778599793119807045e-04 1.370708999829253674e-03
4.817020489833052899e-04 1.379543584039118935e-03
4.855750095013178355e-04 1.388481254099533085e-03
4.894791092333025456e-04 1.397523586512468708e-03
4.934145985434558630e-04 1.406672186368966571e-03
4.973817298089409011e-04 1.415928687946836325e-03
5.013807574360739858e-04 1.425294755322529259e-03
5.054119378766381036e-04 1.434772082997531114e-03
5.094755296443291646e-04 1.444362396539681116e-03
5.135717933313343206e-04 1.454067453239806440e-03
5.177009916250416895e-04 1.463889042784089975e-03
5.218633893248888567e-04 1.473828987942575781e-03
5.260592533593421317e-04 1.483889145274278672e-03
5.302888528030152331e-04 1.494071405849296038e-03
5.345524588939240410e-04 1.504377695988435171e-03
5.388503450508802355e-04 1.514809978020788912e-03
5.431827868910266404e-04 1.525370251059777853e-03
5.475500622475113453e-04 1.536060551798134645e-03
5.519524511873049417e-04 1.546882955322376402e-03
5.563902360291605488e-04 1.557839575947276081e-03
5.608637013617179300e-04 1.568932568070895324e-03
5.653731340617553858e-04 1.580164127050744279e-03
5.699188233125855206e-04 1.591536490101658208e-03
5.745010606226001954e-04 1.603051937215963126e-03
5.791201398439657514e-04 1.614712792106607654e-03
5.837763571914641667e-04 1.626521423173831610e-03
5.884700112614931573e-04 1.638480244496102502e-03
5.932014030512116698e-04 1.650591716845932087e-03
5.979708359778435588e-04 1.662858348731325632e-03
6.027786158981355462e-04 1.675282697463563843e-03
6.076250511279693550e-04 1.687867370252056675e-03
6.125104524621363634e-04 1.700615025327064170e-03
6.174351331942668679e-04 1.713528373091043923e-03
6.223994091369215416e-04 1.726610177299472580e-03
6.274035986418440057e-04 1.739863256271963199e-03
6.324480226203750555e-04 1.753290484134566868e-03
6.375330045640345035e-04 1.766894792094147191e-03
6.426588705652647865e-04 1.780679169745752900e-03
6.478259493383428397e-04 1.794646666413946814e-03
6.530345722404611074e-04 1.808800392529094246e-03
6.582850732929741103e-04 1.823143521039598345e-03
6.635777892028230400e-04 1.837679288861164204e-03
6.689130593841249341e-04 1.852410998364170712e-03
6.742912259799400954e-04 1.867342018900249338e-03
6.797126338842137414e-04 1.882475788369265043e-03
6.851776307638911268e-04 1.897815814827861613e-03
6.906865670812161124e-04 1.913365678140837092e-03
6.962397961162038575e-04 1.929129031676590734e-03
7.018376739892968506e-04 1.945109604047993036e-03
7.074805596842026522e-04 1.961311200900015678e-03
7.131688150709123743e-04 1.977737706745537338e-03
7.189028049289110638e-04 1.994393086850782329e-03
7.246828969705679550e-04 2.011281389171894543e-03
7.305094618647174328e-04 2.028406746344179994e-03
7.363828732604308161e-04 2.045773377725650967e-03
7.423035078109747322e-04 2.063385591496501997e-03
7.482717451979695265e-04 2.081247786816269301e-03
7.542879681557351302e-04 2.099364456040398851e-03
7.603525624958359886e-04 2.117740186998090957e-03
7.664659171318228799e-04 2.136379665333312632e-03
7.726284241041706490e-04 2.155287676910917598e-03
7.788404786054242170e-04 2.174469110289927419e-03
7.851024790055374705e-04 2.193928959266063655e-03
7.914148268774221602e-04 2.213672325485682105e-03
7.977779270227003047e-04 2.233704421133382492e-03
8.041921874976602075e-04 2.254030571695593826e-03
8.106580196394301812e-04 2.274656218802576652e-03
8.171758380923523080e-04 2.295586923151263833e-03
8.237460608345761838e-04 2.316828367511594450e-03
8.303691092048587699e-04 2.338386359818947664e-03
8.370454079295901921e-04 2.360266836355471610e-03
8.437753851500264055e-04 2.382475865023152718e-03
8.505594724497467229e-04 2.405019648711580540e-03
8.573981048823317618e-04 2.427904528763505029e-03
8.642917209992589901e-04 2.451136988541299626e-03
8.712407628780310508e-04 2.474723657097711166e-03
8.782456761505229867e-04 2.498671312954219015e-03
8.853069100315610505e-04 2.522986887990585209e-03
8.924249173477291977e-04 2.547677471449247191e-03
8.996001545664070566e-04 2.572750314058314027e-03
9.068330818250463143e-04 2.598212832277189358e-03
9.141241629606756524e-04 2.624072612668761940e-03
9.214738655396461590e-04 2.650337416402512736e-03
9.288826608876177586e-04 2.677015183892860611e-03
9.363510241197803719e-04 2.704114039577269930e-03
9.438794341713271528e-04 2.731642296838923505e-03
9.514683738281653818e-04 2.759608463078742219e-03
9.591183297578771607e-04 2.788021244941885253e-03
9.668297925409295810e-04 2.816889553703995786e-03
9.746032567021317662e-04 2.846222510822605384e-03
9.824392207423526639e-04 2.876029453659421659e-03
9.903381871704860367e-04 2.906319941379335685e-03
9.983006625356766368e-04 2.937103761032278798e-03
1.006327157459805614e-03 2.968390933824249268e-03
1.014418186670230926e-03 3.000191721584099473e-03
1.022574269032803683e-03 3.032516633432931832e-03
1.030795927585136020e-03 3.065376432663147795e-03
1.039083689570146317e-03 3.098782143834602661e-03
1.047438086469869604e-03 3.132745060095443526e-03
1.055859654039537944e-03 3.167276750735610082e-03
1.064348932341942049e-03 3.202389068981347040e-03
1.072906465782062649e-03 3.238094160039148989e-03
1.081532803141981806e-03 3.274404469398251461e-03
1.090228497616078061e-03 3.311332751400825405e-03
1.098994106846495900e-03 3.348892078089553501e-03
1.107830192958914658e-03 3.387095848342694393e-03
1.116737322598591311e-03 3.425957797306958610e-03
1.125716066966700327e-03 3.465492006139117998e-03
1.134767001856965170e-03 3.505712912067652978e-03
1.143890707692577771e-03 3.546635318786104524e-03
1.153087769563428079e-03 3.588274407190468647e-03
1.162358777263620057e-03 3.630645746473242647e-03
1.171704325329294511e-03 3.673765305587431938e-03
1.181125013076758743e-03 3.717649465094257331e-03
1.190621444640914363e-03 3.762315029408941879e-03
1.200194229014005590e-03 3.807779239459500691e-03
1.209843980084669831e-03 3.854059785774086380e-03
1.219571316677306146e-03 3.901174822013097655e-03
1.229376862591760296e-03 3.949142978962946401e-03
1.239261246643323785e-03 3.997983379009026512e-03
1.249225102703066395e-03 4.047715651106282946e-03
1.259269069738479458e-03 4.098359946266407448e-03
1.269393791854454140e-03 4.149936953581596401e-03
1.279599918334587815e-03 4.202467916805639747e-03
1.289888103682817208e-03 4.255974651513939194e-03
1.300259007665396753e-03 4.310479562865079071e-03
1.310713295353205243e-03 4.366005663987418059e-03
1.321251637164397481e-03 4.422576595015286285e-03
1.331874708907392242e-03 4.480216642800389712e-03
1.342583191824218460e-03 4.538950761325180779e-03
1.353377772634197082e-03 4.598804592846022013e-03
1.364259143577980929e-03 4.659804489795282487e-03
1.375228002461948438e-03 4.721977537472801106e-03
1.386285052702947379e-03 4.785351577558352026e-03
1.397431003373411553e-03 4.849955232478391116e-03
1.408666569246828969e-03 4.915817930661533358e-03
1.419992470843578014e-03 4.982969932719041178e-03
1.431409434477136366e-03 5.051442358588061760e-03
1.442918192300653331e-03 5.121267215677018439e-03
1.454519482353908155e-03 5.192477428054591802e-03
1.466214048610636322e-03 5.265106866725214468e-03
1.478002641026238129e-03 5.339190381036298602e-03
1.489886015585875634e-03 5.414763831264326858e-03
1.501864934352947767e-03 5.491864122429074638e-03
1.513940165517966814e-03 5.570529239387642800e-03
1.526112483447815893e-03 5.650798283262184821e-03
1.538382668735411478e-03 5.732711509257827458e-03
1.550751508249760807e-03 5.816310365929925133e-03
1.563219795186418688e-03 5.901637535962480502e-03
1.575788329118360878e-03 5.988736978522594262e-03
1.588457916047255128e-03 6.077653973258659997e-03
1.601229368455149875e-03 6.168435166013466753e-03
1.614103505356578611e-03 6.261128616326566525e-03
1.627081152351076690e-03 6.355783846803889428e-03
1.640163141676134837e-03 6.452451894436479415e-03
1.653350312260562721e-03 6.551185363953705015e-03
1.666643509778289881e-03 6.652038483301053566e-03
1.680043586702599685e-03 6.755067161336445955e-03
1.693551402360790907e-03 6.860329047843933756e-03
1.707167822989293570e-03 6.967883595968287110e-03
1.720893721789213716e-03 7.077792127179171125e-03
1.734729978982332875e-03 7.190117898878857841e-03
1.748677481867555320e-03 7.304926174773284167e-03
1.762737124877804392e-03 7.422284298131888447e-03
1.776909809637389811e-03 7.542261768068386427e-03
1.791196445019822099e-03 7.664930318980691173e-03
1.805597947206097342e-03 7.790364003295664232e-03
1.820115239743453576e-03 7.918639277671616489e-03
1.834749253604589904e-03 8.049835092818910520e-03
1.849500927247377420e-03 8.184032987107811227e-03
1.864371206675034809e-03 8.321317184140804984e-03
1.879361045496796183e-03 8.461774694476027064e-03
1.894471404989066157e-03 8.605495421698201863e-03
1.909703254157058471e-03 8.752572273043244394e-03
1.925057569796946588e-03 8.903101274794022676e-03
1.940535336558497827e-03 9.057181692675581042e-03
1.956137547008218822e-03 9.214916157490475601e-03
1.971865201693010113e-03 9.376410796247635487e-03
1.987719309204320772e-03 9.541775369051142680e-03
2.003700886242841019e-03 9.711123412030325114e-03
2.019810957683691819e-03 9.884572386606595151e-03
2.036050556642153998e-03 1.006224383540918477e-02
2.052420724539917325e-03 1.024426354516856826e-02
2.068922511171863900e-03 1.043076171693354572e-02
2.085556974773395810e-03 1.062187314397824468e-02
2.102325182088294036e-03 1.081773739778343381e-02
2.119228208437126844e-03 1.101849902249932289e-02
2.136267137786213282e-03 1.122430773831877698e-02
2.153443062817124876e-03 1.143531865421325983e-02
2.170757084996772796e-03 1.165169249051006481e-02
2.188210314648034085e-03 1.187359581181520081e-02
2.205803871020956420e-03 1.210120127081494926e-02
2.223538882364535767e-03 1.233468786351959653e-02
2.241416485999064324e-03 1.257424119654393380e-02
2.259437828389073040e-03 1.282005376705439188e-02
2.277604065216847894e-03 1.307232525604663624e-02
2.295916361456543792e-03 1.333126283565809825e-02
2.314375891448886956e-03 1.359708149125825327e-02
2.332983838976493158e-03 1.387000435910480493e-02
2.351741397339776607e-03 1.415026308039744191e-02
2.370649769433474247e-03 1.443809817261213629e-02
2.389710167823788471e-03 1.473375941904861604e-02
2.408923814826140469e-03 1.503750627758052710e-02
2.428291942583564976e-03 1.534960830965553455e-02
2.447815793145721296e-03 1.567034563065543284e-02
2.467496618548541392e-03 1.600000938279311224e-02
2.487335680894527633e-03 1.633890223179386078e-02
2.507334252433679380e-03 1.668733888868408413e-02
2.527493615645092211e-03 1.704564665809130825e-02
2.547815063319195522e-03 1.741416601454442298e-02
2.568299898640655828e-03 1.779325120835566904e-02
2.588949435271954008e-03 1.818327090276222746e-02
2.609764997437617404e-03 1.858460884411034658e-02
2.630747920009153615e-03 1.899766456697606770e-02
2.651899548590647398e-03 1.942285413623386775e-02
2.673221239605051008e-03 1.986061092821304191e-02
2.694714360381174519e-03 2.031138645321578853e-02
2.716380289241359606e-03 2.077565122181534996e-02
2.738220415589886266e-03 2.125389565750852167e-02
2.760236140002059538e-03 2.174663105845938554e-02
2.782428874314033049e-03 2.225439061125132276e-02
2.804800041713346407e-03 2.277773045974936655e-02
2.827351076830185526e-03 2.331723083238120692e-02
2.850083425829396701e-03 2.387349723135835655e-02
2.872998546503217985e-03 2.444716168759290473e-02
2.896097908364766473e-03 2.503888408531303872e-02
2.919382992742278887e-03 2.564935356064627914e-02
2.942855292874098101e-03 2.627928997872557015e-02
2.966516314004445914e-03 2.692944549417887121e-02
2.990367573479943506e-03 2.760060620019026689e-02
3.014410600846917278e-03 2.829359387167483877e-02
3.038646937949491394e-03 2.900926780848472886e-02
3.063078139028451406e-03 2.974852678497192857e-02
3.087705770820933174e-03 3.051231111266961005e-02
3.112531412660882440e-03 3.130160482331822980e-02
3.137556656580339689e-03 3.211743797997233113e-02
3.162783107411537738e-03 3.296088912445994945e-02
3.188212382889805095e-03 3.383308787005172291e-02
3.213846113757325412e-03 3.473521764882395169e-02
3.239685943867705309e-03 3.566851862387108996e-02
3.265733530291392659e-03 3.663429077725426780e-02
3.291990543421947912e-03 3.763389718535069262e-02
3.318458667083148961e-03 3.866876749411564396e-02
3.345139598636992419e-03 3.974040160767512708e-02
3.372035049092530611e-03 4.085037360464949252e-02
3.399146743215598031e-03 4.200033589766567765e-02
3.426476419639421650e-03 4.319202365265708415e-02
3.454025830976106392e-03 4.442725948578353512e-02
3.481796743929042176e-03 4.570795845713611361e-02
3.509790939406191336e-03 4.703613338182707077e-02
3.538010212634298043e-03 4.841390048062628459e-02
3.566456373274014095e-03 4.984348539398226335e-02
3.595131245535941079e-03 5.132722958508895150e-02
3.624036668297630093e-03 5.286759715963031125e-02
3.653174495221495240e-03 5.446718213196377611e-02
3.682546594873692056e-03 5.612871616981715550e-02
3.712154850843933998e-03 5.785507685207823964e-02
3.742001161866302054e-03 5.964929647696899651e-02
3.772087441940995441e-03 6.151457146084094579e-02
3.802415620457078472e-03 6.345427237102538309e-02
3.832987642316210575e-03 6.547195463963838280e-02
3.863805468057358167e-03 6.757137000900832746e-02
3.894871073982538682e-03 6.975647876349010124e-02
