2.497382406435652939e-25 9.768325619515944397e-18
1.592405960127358361e-24 3.089015920155193588e-17
1.015365822756892167e-23 9.768326876420302874e-17
6.474277161963938908e-23 3.089016721595150065e-16
4.128193389070159467e-22 9.768331986641967382e-16
2.632259977636328568e-21 3.089019980025807047e-15
1.678407946733001633e-20 9.768352763373603653e-15
1.070203270037972128e-19 3.089033227893325649e-14
6.823937180644061677e-19 9.768437235752100315e-14
4.351147109064984495e-18 3.089087090016611440e-13
1.915297948882004416e-17 7.759322488683919743e-13
8.060281057525431301e-17 1.949163039787816667e-12
3.231548868885900942e-16 4.896382250613372468e-12
4.345363206717196250e-16 6.163781780305984805e-12
1.185699981296668146e-15 1.229732179640797847e-11
3.167099671296256822e-15 2.454290871984140256e-11
8.312293945536222779e-15 4.898397135859626299e-11
2.151611673377367987e-14 9.773430848120292535e-11
5.516190296262407946e-14 1.950308160666369755e-10
7.219962673568143336e-14 2.455395918119563429e-10
1.345996703506809824e-13 3.892770603306517574e-10
2.502777173064534741e-13 6.169465998965407740e-10
3.411676113431318569e-13 7.768626451909397954e-10
4.161104603351930561e-13 9.006720410829545173e-10
5.668224300832851639e-13 1.192414995932578561e-09
1.051017683769589897e-12 1.890432911212288601e-09
1.946696275912857264e-12 3.094630240399093478e-09
3.604197434436283020e-12 4.906521065391501087e-09
4.678350727597027810e-12 5.964785761620009416e-09
6.363945126095426008e-12 7.510858710852283575e-09
8.659328086403540721e-12 9.798092857573101657e-09
1.177437263656969924e-11 1.233578754396143564e-08
1.601314678573479096e-11 1.553407705195085344e-08
2.068158225216417963e-11 1.881943995759334440e-08
2.812629084553211013e-11 2.462793118627416045e-08
3.823985723652250255e-11 3.101071367919697201e-08
4.915490723856361436e-11 3.744047090307774978e-08
6.683712298751739095e-11 4.918310976261355027e-08
9.088989403667837668e-11 6.194746997419662658e-08
1.198094057756214983e-10 7.622496704508910767e-08
1.235276287134856064e-10 8.111821537560480725e-08
1.679810496150610554e-10 1.052041443179145334e-07
2.145827771029579730e-10 1.264403182978826954e-07
2.389577941400671919e-10 1.370814666799720085e-07
2.718434103460653354e-10 1.558050328926489486e-07
3.695913600236930604e-10 2.029070399259184632e-07
4.805596579248377059e-10 2.471473550088626382e-07
6.228436556804378813e-10 3.112918511513913844e-07
6.449051117784316288e-10 3.195404339442749206e-07
6.519284217721749412e-10 3.221516175955882510e-07
6.901021772675798839e-10 3.362246542759246589e-07
7.517420508597271333e-10 3.585491157042282318e-07
7.842145311837404764e-10 3.701260768930860222e-07
8.123077711587138292e-10 3.800461204279264704e-07
8.948523203792971162e-10 4.248355205313744057e-07
1.780367769825735293e-09 1.571243743291283042e-06
2.831798589477310162e-09 2.360915204371286954e-06
4.352717025416528164e-09 3.331634749736530039e-06
6.442936706730940560e-09 4.497300351158025239e-06
9.210451352971400048e-09 5.875749191388290656e-06
1.726412223638507203e-08 9.359364509061765243e-06
2.961440629244172500e-08 1.399035730184682620e-05
4.760234259406434222e-08 2.000744564924680080e-05
7.280858902572716169e-08 2.762541866450402925e-05
1.069774052811704485e-07 3.692082460755834189e-05
1.786399553702715184e-07 5.352425790188030335e-05
3.179080611873818725e-07 7.810458603098302793e-05
4.169532575344421554e-07 9.195064971249766836e-05
4.437988271458211392e-07 9.546604737380116803e-05
8.192319285407806845e-07 1.258634192745901824e-04
1.134846891542916222e-06 1.504447311752451989e-04
1.143971239704215927e-06 1.509511186182979625e-04
1.153168949065153504e-06 1.514583255118653589e-04
1.162440609461354822e-06 1.519663498074071768e-04
1.171786815470818049e-06 1.524751894591559710e-04
1.181208166452041570e-06 1.529848424242894497e-04
1.190705266582461497e-06 1.534953066631030805e-04
1.200278724897195590e-06 1.540065801391826401e-04
1.209929155328099947e-06 1.545186608195760615e-04
1.219657176743139940e-06 1.550315466749654144e-04
1.229463412986076888e-06 1.555452356798386708e-04
1.239348492916474269e-06 1.560597258126612255e-04
1.249313050450026442e-06 1.565750150560468745e-04
1.259357724599209237e-06 1.570911013969290382e-04
1.269483159514259835e-06 1.576079828267314413e-04
1.279690004524485720e-06 1.581256573415386042e-04
1.289978914179903543e-06 1.586441229422660081e-04
1.300350548293215539e-06 1.591633776348300980e-04
1.310805571982123265e-06 1.596834194303180959e-04
1.321344655711978464e-06 1.602042463451571364e-04
1.331968475338780365e-06 1.607258564012836461e-04
1.342677712152517720e-06 1.612482476263119914e-04
1.353473052920857496e-06 1.617714180537030714e-04
1.364355189933188044e-06 1.622953657229326413e-04
1.375324821045012735e-06 1.628200886796590374e-04
1.386382649722704000e-06 1.633455849758908224e-04
1.397529385088614615e-06 1.638718526701541864e-04
1.408765741966553416e-06 1.643988898276598594e-04
1.420092440927625237e-06 1.649266945204694822e-04
1.431510208336440373e-06 1.654552648276623298e-04
1.443019776397695040e-06 1.659845988355008420e-04
1.454621883203127063e-06 1.665146946375964246e-04
1.466317272778848510e-06 1.670455503350747094e-04
1.478106695133058626e-06 1.675771640367403796e-04
1.489990906304140700e-06 1.681095338592416167e-04
1.501970668409146649e-06 1.686426579272344919e-04
1.514046749692669128e-06 1.691765343735465461e-04
1.526219924576109201e-06 1.697111613393404220e-04
1.538490973707337881e-06 1.702465369742766580e-04
1.550860684010758111e-06 1.707826594366766162e-04
1.563329848737769709e-06 1.713195268936846790e-04
1.575899267517638786e-06 1.718571375214301207e-04
1.588569746408776904e-06 1.723954895051886538e-04
1.601342097950432749e-06 1.729345810395435949e-04
1.614217141214798413e-06 1.734744103285466258e-04
1.627195701859536247e-06 1.740149755858779563e-04
1.640278612180726035e-06 1.745562750350064616e-04
1.653466711166239721e-06 1.750983069093491680e-04
1.666760844549544304e-06 1.756410694524302785e-04
1.680161864863937148e-06 1.761845609180401437e-04
1.693670631497217721e-06 1.767287795703932575e-04
1.707288010746800009e-06 1.772737236842864418e-04
1.721014875875264323e-06 1.778193915452561103e-04
1.734852107166361420e-06 1.783657814497356133e-04
1.748800591981462174e-06 1.789128917052116609e-04
1.762861224816462090e-06 1.794607206303807734e-04
1.777034907359145765e-06 1.800092665553049186e-04
1.791322548547009808e-06 1.805585278215670133e-04
1.805725064625551406e-06 1.811085027824260458e-04
1.820243379207026579e-06 1.816591898029714931e-04
1.834878423329678961e-06 1.822105872602773863e-04
1.849631135517447995e-06 1.827626935435563754e-04
1.864502461840152532e-06 1.833155070543126294e-04
1.879493355974162320e-06 1.838690262064951420e-04
1.894604779263556534e-06 1.844232494266498184e-04
1.909837700781771046e-06 1.849781751540717511e-04
1.925193097393746714e-06 1.855338018409567107e-04
1.940671953818571916e-06 1.860901279525525268e-04
1.956275262692631186e-06 1.866471519673096845e-04
1.972004024633264399e-06 1.872048723770317025e-04
1.987859248302930361e-06 1.877632876870252688e-04
2.003841950473895143e-06 1.883223964162494531e-04
2.019953156093433709e-06 1.888821970974650022e-04
2.036193898349558403e-06 1.894426882773831463e-04
2.052565218737276833e-06 1.900038685168134846e-04
2.069068167125381264e-06 1.905657363908122494e-04
2.085703801823774183e-06 1.911282904888294328e-04
2.102473189651336394e-06 1.916915294148562108e-04
2.119377406004342291e-06 1.922554517875710669e-04
2.136417534925419775e-06 1.928200562404863759e-04
2.153594669173073871e-06 1.933853414220941752e-04
2.170909910291757951e-06 1.939513059960115292e-04
2.188364368682516708e-06 1.945179486411253782e-04
2.205959163674196215e-06 1.950852680517374429e-04
2.223695423595221917e-06 1.956532629377083412e-04
2.241574285845957699e-06 1.962219320246013808e-04
2.259596896971647694e-06 1.967912740538259450e-04
2.277764412735937905e-06 1.973612877827807157e-04
2.296077998194999208e-06 1.979319719849962462e-04
2.314538827772236502e-06 1.985033254502772623e-04
2.333148085333605189e-06 1.990753469848445848e-04
2.351906964263529043e-06 1.996480354114767261e-04
2.370816667541431324e-06 2.002213895696509992e-04
2.389878407818879585e-06 2.007954083156844095e-04
2.409093407497351759e-06 2.013700905228740865e-04
2.428462898806626093e-06 2.019454350816373355e-04
2.447988123883804248e-06 2.025214408996515265e-04
2.467670334852963727e-06 2.030981069019931976e-04
2.487510793905459992e-06 2.036754320312775647e-04
2.507510773380863848e-06 2.042534152477969199e-04
2.527671555848559517e-06 2.048320555296590840e-04
2.547994434189989416e-06 2.054113518729253985e-04
2.568480711681568521e-06 2.059913032917488256e-04
2.589131702078257299e-06 2.065719088185107748e-04
2.609948729697817760e-06 2.071531675039588508e-04
2.630933129505731910e-06 2.077350784173431102e-04
2.652086247200816018e-06 2.083176406465529968e-04
2.673409439301519309e-06 2.089008532982532186e-04
2.694904073232910849e-06 2.094847154980198430e-04
2.716571527414373719e-06 2.100692263904758484e-04
2.738413191348001795e-06 2.106543851394266232e-04
2.760430465707703381e-06 2.112401909279948127e-04
2.782624762429028204e-06 2.118266429587553840e-04
2.804997504799708035e-06 2.124137404538700127e-04
2.827550127550934656e-06 2.130014826552214429e-04
2.850284076949364578e-06 2.135898688245476025e-04
2.873200810889866609e-06 2.141788982435753402e-04
2.896301798989014805e-06 2.147685702141541612e-04
2.919588522679332327e-06 2.153588840583893407e-04
2.943062475304291262e-06 2.159498391187754157e-04
2.966725162214085794e-06 2.165414347583288648e-04
2.990578100862158810e-06 2.171336703607210040e-04
3.014622820902521325e-06 2.177265453304103406e-04
3.038860864287842706e-06 2.183200590927752256e-04
3.063293785368335846e-06 2.189142110942457736e-04
3.087923150991433877e-06 2.195090008024360275e-04
3.112750540602270731e-06 2.201044277062757972e-04
3.137777546344970177e-06 2.207004913161422820e-04
3.163005773164745067e-06 2.212971911639916110e-04
3.188436838910819875e-06 2.218945268034904655e-04
3.214072374440183345e-06 2.224924978101470779e-04
3.239914023722172073e-06 2.230911037814425283e-04
3.265963443943896882e-06 2.236903443369619331e-04
3.292222305616511580e-06 2.242902191185250913e-04
3.318692292682344414e-06 2.248907277903176188e-04
3.345375102622888419e-06 2.254918700390216488e-04
3.372272446567650657e-06 2.260936455739463973e-04
3.399386049403895501e-06 2.266960541271590530e-04
3.426717649887249347e-06 2.272990954536150711e-04
3.454269000753209119e-06 2.279027693312890102e-04
3.482041868829541416e-06 2.285070755613047440e-04
3.510038035149588423e-06 2.291120139680662712e-04
3.538259295066479709e-06 2.297175843993876836e-04
3.566707458368269845e-06 2.303237867266241920e-04
3.595384349393993350e-06 2.309306208448022851e-04
3.624291807150658151e-06 2.315380866727500772e-04
3.653431685431180100e-06 2.321461841532281446e-04
3.682805852933261082e-06 2.327549132530597382e-04
3.712416193379230203e-06 2.333642739632617552e-04
3.742264605636840004e-06 2.339742662991749244e-04
3.772353003841038457e-06 2.345848903005948866e-04
3.802683317516721832e-06 2.351961460319029220e-04
3.833257491702470958e-06 2.358080335821966509e-04
3.864077487075283605e-06 2.364205530654212766e-04
3.895145280076311864e-06 2.370337046205005563e-04
3.926462863037604112e-06 2.376474884114680177e-04
3.958032244309874848e-06 2.382619046275985801e-04
3.989855448391293513e-06 2.388769534835397167e-04
4.021934516057316006e-06 2.394926352194432656e-04
4.054271504491555510e-06 2.401089501010976760e-04
4.086868487417704482e-06 2.407258984200594135e-04
4.119727555232523067e-06 2.413434804937857742e-04
4.152850815139888833e-06 2.419616966657670769e-04
4.186240391285931561e-06 2.425805473056594230e-04
4.219898424895256474e-06 2.432000328094175660e-04
4.253827074408245735e-06 2.438201535994282949e-04
4.288028515619486502e-06 2.444409101246436291e-04
4.322504941817297581e-06 2.450623028607146897e-04
4.357258563924379248e-06 2.456843323101256800e-04
4.392291610639604871e-06 2.463069990023284621e-04
4.427606328580934001e-06 2.469303034938765914e-04
4.463204982429490984e-06 2.475542463685609504e-04
4.499089855074792995e-06 2.481788282375446773e-04
4.535263247761150365e-06 2.488040497394990169e-04
4.571727480235240895e-06 2.494299115407392253e-04
4.608484890894871715e-06 2.500564143353613419e-04
4.645537836938936298e-06 2.506835588453783649e-04
4.682888694518581894e-06 2.513113458208584335e-04
4.720539858889583129e-06 2.519397760400618165e-04
4.758493744565950587e-06 2.525688503095792022e-04
4.796752785474770126e-06 2.531985694644706391e-04
4.835319435112283095e-06 2.538289343684043135e-04
4.874196166701230333e-06 2.544599459137959242e-04
4.913385473349450611e-06 2.550916050219491403e-04
4.952889868209765731e-06 2.557239126431963853e-04
4.992711884641142937e-06 2.563568697570392410e-04
5.032854076371155842e-06 2.569904773722909660e-04
5.073319017659749771e-06 2.576247365272181468e-04
5.114109303464327638e-06 2.582596482896837580e-04
5.155227549606156347e-06 2.588952137572909820e-04
5.196676392938121664e-06 2.595314340575265405e-04
5.238458491513823947e-06 2.601683103479062484e-04
5.280576524758030819e-06 2.608058438161195381e-04
5.323033193638509664e-06 2.614440356801762608e-04
5.365831220839236543e-06 2.620828871885527819e-04
5.408973350934991710e-06 2.627223996203399757e-04
5.452462350567377294e-06 2.633625742853906216e-04
5.496301008622224956e-06 2.640034125244692959e-04
5.540492136408449447e-06 2.646449157094010155e-04
5.585038567838333633e-06 2.652870852432223214e-04
5.629943159609264497e-06 2.659299225603318747e-04
5.675208791386923502e-06 2.665734291266433288e-04
5.720838365989962635e-06 2.672176064397370639e-04
5.766834809576150068e-06 2.678624560290150647e-04
5.813201071830026916e-06 2.685079794558542813e-04
5.859940126152063248e-06 2.691541783137629167e-04
5.907054969849337059e-06 2.698010542285362808e-04
5.954548624327751463e-06 2.704486088584144880e-04
6.002424135285786695e-06 2.710968438942399912e-04
6.050684572909821682e-06 2.717457610596172310e-04
6.099333032071017529e-06 2.723953621110727181e-04
6.148372632523785808e-06 2.730456488382157119e-04
6.197806519105861980e-06 2.736966230639010676e-04
6.247637861939969537e-06 2.743482866443915417e-04
6.297869856637118073e-06 2.750006414695229696e-04
6.348505724501536131e-06 2.756536894628686856e-04
6.399548712737246447e-06 2.763074325819065433e-04
6.451002094656302218e-06 2.769618728181859378e-04
6.502869169888708132e-06 2.776170121974972662e-04
6.555153264594010037e-06 2.782728527800404123e-04
6.607857731674602410e-06 2.789293966605972436e-04
6.660985950990746815e-06 2.795866459687028067e-04
6.714541329577309852e-06 2.802446028688190707e-04
6.768527301862262080e-06 2.809032695605096462e-04
6.822947329886914209e-06 2.815626482786156974e-04
6.877804903527935443e-06 2.822227412934329377e-04
6.933103540721153986e-06 2.828835509108906863e-04
6.988846787687158339e-06 2.835450794727310863e-04
7.045038219158712094e-06 2.842073293566912506e-04
7.101681438609991542e-06 2.848703029766847580e-04
7.158780078487676588e-06 2.855340027829865630e-04
7.216337800443888203e-06 2.861984312624181784e-04
7.274358295571012213e-06 2.868635909385342658e-04
7.332845284638399268e-06 2.875294843718116124e-04
7.391802518330973178e-06 2.881961141598385952e-04
7.451233777489755233e-06 2.888634829375064886e-04
7.511142873354325691e-06 2.895315933772028318e-04
7.571533647807232595e-06 2.902004481890056091e-04
7.632409973620365705e-06 2.908700501208794911e-04
7.693775754703315874e-06 2.915404019588736470e-04
7.755634926353719027e-06 2.922115065273210208e-04
7.817991455509628774e-06 2.928833666890394514e-04
7.880849341003902435e-06 2.935559853455343093e-04
7.944212613820647036e-06 2.942293654372033027e-04
8.008085337353720214e-06 2.949035099435423678e-04
8.072471607667308042e-06 2.955784218833538892e-04
8.137375553758593338e-06 2.962541043149566019e-04
8.202801337822553408e-06 2.969305603363969022e-04
8.268753155518870294e-06 2.976077930856628690e-04
8.335235236240985706e-06 2.982858057408991530e-04
8.402251843387344689e-06 2.989646015206249012e-04
8.469807274634775506e-06 2.996441836839521694e-04
8.537905862214114163e-06 3.003245555308082376e-04
8.606551973188019352e-06 3.010057204021579806e-04
8.675750009731011709e-06 3.016876816802293269e-04
8.745504409411803450e-06 3.023704427887411589e-04
8.815819645477845538e-06 3.030540071931318077e-04
8.886700227142216042e-06 3.037383784007915066e-04
8.958150699872778557e-06 3.044235599612952776e-04
9.030175645683661485e-06 3.051095554666393415e-04
9.102779683429131034e-06 3.057963685514792089e-04
9.175967469099751206e-06 3.064840028933693973e-04
9.249743696120996792e-06 3.071724622130068885e-04
9.324113095654226201e-06 3.078617502744750742e-04
9.399080436900070028e-06 3.085518708854919842e-04
9.474650527404298038e-06 3.092428278976590023e-04
9.550828213366095113e-06 3.099346252067135396e-04
9.627618379948861359e-06 3.106272667527830086e-04
9.705025951593483852e-06 3.113207565206419967e-04
9.783055892334117297e-06 3.120150985399713353e-04
9.861713206116556608e-06 3.127102968856205318e-04
9.941002937119084519e-06 3.134063556778718266e-04
1.002093017007599412e-05 3.141032790827075032e-04
1.010150003060364574e-05 3.148010713120799630e-04
1.018271768552914109e-05 3.154997366241831555e-04
1.026458834322171819e-05 3.161992793237287784e-04
1.034711725392670086e-05 3.168997037622236167e-04
1.043030971010223325e-05 3.176010143382503514e-04
1.051417104675863856e-05 3.183032154977509152e-04
1.059870664180058304e-05 3.190063117343128305e-04
1.068392191637193533e-05 3.197103075894586915e-04
1.076982233520339380e-05 3.204152076529380314e-04
1.085641340696298379e-05 3.211210165630226047e-04
1.094370068460927025e-05 3.218277390068044344e-04
1.103168976574749283e-05 3.225353797204969495e-04
1.112038629298851806e-05 3.232439434897396995e-04
1.120979595431069015e-05 3.239534351499049670e-04
1.129992448342460744e-05 3.246638595864090966e-04
1.139077766014079225e-05 3.253752217350259373e-04
1.148236131074036440e-05 3.260875265822038636e-04
1.157468130834867081e-05 3.268007791653860486e-04
1.166774357331189669e-05 3.275149845733344779e-04
1.176155407357676329e-05 3.282301479464565653e-04
1.185611882507320553e-05 3.289462744771358893e-04
1.195144389210020063e-05 3.296633694100660180e-04
1.204753538771464932e-05 3.303814380425879136e-04
1.214439947412337430e-05 3.311004857250311848e-04
1.224204236307833731e-05 3.318205178610582123e-04
1.234047031627494959e-05 3.325415399080127745e-04
1.243968964575364853e-05 3.332635573772718706e-04
1.253970671430468282e-05 3.339865758346015020e-04
1.264052793587611979e-05 3.347106009005159223e-04
1.274215977598519507e-05 3.354356382506410079e-04
1.284460875213291662e-05 3.361616936160812062e-04
1.294788143422204327e-05 3.368887727837915251e-04
1.305198444497836333e-05 3.376168815969513124e-04
1.315692446037544945e-05 3.383460259553444844e-04
1.326270821006275245e-05 3.390762118157419794e-04
1.336934247779715444e-05 3.398074451922896300e-04
1.347683410187802695e-05 3.405397321568993984e-04
1.358518997558573654e-05 3.412730788396447839e-04
1.369441704762372311e-05 3.420074914291619788e-04
1.380452232256409515e-05 3.427429761730529738e-04
1.391551286129682149e-05 3.434795393782948993e-04
1.402739578148255339e-05 3.442171874116535936e-04
1.414017825800903642e-05 3.449559267001008588e-04
1.425386752345126787e-05 3.456957637312368112e-04
1.436847086853528453e-05 3.464367050537171117e-04
1.448399564260569782e-05 3.471787572776843691e-04
1.460044925409703371e-05 3.479219270752044782e-04
1.471783917100877255e-05 3.486662211807077809e-04
1.483617292138431395e-05 3.494116463914353240e-04
1.495545809379370939e-05 3.501582095678891287e-04
1.507570233782029449e-05 3.509059176342889646e-04
1.519691336455129215e-05 3.516547775790327562e-04
1.531909894707225286e-05 3.524047964551623563e-04
1.544226692096558432e-05 3.531559813808354451e-04
1.556642518481301317e-05 3.539083395398016571e-04
1.569158170070208521e-05 3.546618781818838590e-04
1.581774449473682297e-05 3.554166046234662028e-04
1.594492165755235919e-05 3.561725262479855953e-04
1.607312134483383260e-05 3.569296505064304304e-04
1.620235177783937658e-05 3.576879849178439845e-04
1.633262124392731917e-05 3.584475370698333952e-04
1.646393809708768618e-05 3.592083146190848744e-04
1.659631075847786813e-05 3.599703252918840706e-04
1.672974771696271898e-05 3.607335768846429373e-04
1.686425752965890358e-05 3.614980772644318593e-04
1.699984882248362927e-05 3.622638343695181763e-04
1.713653029070787701e-05 3.630308562099109396e-04
1.727431069951393882e-05 3.637991508679108742e-04
1.741319888455760366e-05 3.645687264986679295e-04
1.755320375253467682e-05 3.653395913307440346e-04
1.769433428175223587e-05 3.661117536666825211e-04
1.783659952270437248e-05 3.668852218835847562e-04
1.798000859865254557e-05 3.676600044336912208e-04
1.812457070621070824e-05 3.684361098449722913e-04
1.827029511593501889e-05 3.692135467217225447e-04
1.841719117291838381e-05 3.699923237451646055e-04
1.856526829738973640e-05 3.707724496740575455e-04
1.871453598531812071e-05 3.715539333453133611e-04
1.886500380902168442e-05 3.723367836746214196e-04
1.901668141778152025e-05 3.731210096570774593e-04
1.916957853846045398e-05 3.739066203678222382e-04
1.932370497612685717e-05 3.746936249626866351e-04
1.947907061468335220e-05 3.754820326788434171e-04
1.963568541750073860e-05 3.762718528354678984e-04
1.979355942805686587e-05 3.770630948344042910e-04
1.995270277058073773e-05 3.778557681608423553e-04
2.011312565070176621e-05 3.786498823839990922e-04
2.027483835610421984e-05 3.794454471578098675e-04
2.043785125718699451e-05 3.802424722216273434e-04
2.060217480772859197e-05 3.810409674009277814e-04
2.076781954555758367e-05 3.818409426080268329e-04
2.093479609322833297e-05 3.826424078428016721e-04
2.110311515870220275e-05 3.834453731934233203e-04
2.127278753603428573e-05 3.842498488370965051e-04
2.144382410606553873e-05 3.850558450408083570e-04
2.161623583712064640e-05 3.858633721620852901e-04
2.179003378571130927e-05 3.866724406497595878e-04
2.196522909724536276e-05 3.874830610447445528e-04
2.214183300674146977e-05 3.882952439808182773e-04
2.231985683954960345e-05 3.891090001854158689e-04
2.249931201207736105e-05 3.899243404804341459e-04
2.268021003252203413e-05 3.907412757830413738e-04
2.286256250160865892e-05 3.915598171064990358e-04
2.304638111333393480e-05 3.923799755609935790e-04
2.323167765571610262e-05 3.932017623544756409e-04
2.341846401155098933e-05 3.940251887935117985e-04
2.360675215917392092e-05 3.948502662841438531e-04
2.379655417322796096e-05 3.956770063327601488e-04
2.398788222543821728e-05 3.965054205469763248e-04
2.418074858539235577e-05 3.973355206365256076e-04
2.437516562132749736e-05 3.981673184141611924e-04
2.457114580092331188e-05 3.990008257965684912e-04
2.476870169210161041e-05 3.998360548052875174e-04
2.496784596383226664e-05 4.006730175676474141e-04
2.516859138694566377e-05 4.015117263177107399e-04
2.537095083495170082e-05 4.023521933972302230e-04
2.557493728486529060e-05 4.031944312566158157e-04
2.578056381803863398e-05 4.040384524559135658e-04
2.598784362100005693e-05 4.048842696657965778e-04
2.619678998629963065e-05 4.057318956685663277e-04
2.640741631336167289e-05 4.065813433591679098e-04
2.661973610934393082e-05 4.074326257462156922e-04
2.683376299000388561e-05 4.082857559530322531e-04
2.704951068057184015e-05 4.091407472186984313e-04
2.726699301663108451e-05 4.099976128991175781e-04
2.748622394500524089e-05 4.108563664680915748e-04
2.770721752465254070e-05 4.117170215184091540e-04
2.792998792756749108e-05 4.125795917629488047e-04
2.815454943968967016e-05 4.134440910357934404e-04
2.838091646181984057e-05 4.143105332933591078e-04
2.860910351054351695e-05 4.151789326155374106e-04
2.883912521916180769e-05 4.160493032068506730e-04
2.907099633862992067e-05 4.169216593976234736e-04
2.930473173850301445e-05 4.177960156451639932e-04
2.954034640788987608e-05 4.186723865349644964e-04
2.977785545641406967e-05 4.195507867819127119e-04
3.001727411518289809e-05 4.204312312315194736e-04
3.025861773776420809e-05 4.213137348611606750e-04
3.050190180117092045e-05 4.221983127813349972e-04
3.074714190685360688e-05 4.230849802369355162e-04
3.099435378170097824e-05 4.239737526085382222e-04
3.124355327904835520e-05 4.248646454137051227e-04
3.149475637969446012e-05 4.257576743083034995e-04
3.174797919292606267e-05 4.266528550878419170e-04
3.200323795755123126e-05 4.275502036888213005e-04
3.226054904294057369e-05 4.284497361901031995e-04
3.251992895007700917e-05 4.293514688142946391e-04
3.278139431261399702e-05 4.302554179291504270e-04
3.304496189794215447e-05 4.311616000489910732e-04
3.331064860826461581e-05 4.320700318361403339e-04
3.357847148168087540e-05 4.329807301023778248e-04
3.384844769327940598e-05 4.338937118104122361e-04
3.412059455623916066e-05 4.348089940753698869e-04
3.439492952293972812e-05 4.357265941663038809e-04
3.467147018608062912e-05 4.366465295077204462e-04
3.495023427980945593e-05 4.375688176811246282e-04
3.523123968085910556e-05 4.384934764265850638e-04
3.551450440969430318e-05 4.394205236443178932e-04
3.580004663166707712e-05 4.403499773962904029e-04
3.608788465818182212e-05 4.412818559078446183e-04
3.637803694786945641e-05 4.422161775693405749e-04
3.667052210777124857e-05 4.431529609378213820e-04
3.696535889453201582e-05 4.440922247386960668e-04
3.726256621560291085e-05 4.450339878674474639e-04
3.756216313045405454e-05 4.459782693913571269e-04
3.786416885179662149e-05 4.469250885512551221e-04
3.816860274681510356e-05 4.478744647632895552e-04
3.847548433840918897e-05 4.488264176207197869e-04
3.878483330644573793e-05 4.497809668957299784e-04
3.909666948902086175e-05 4.507381325412680609e-04
3.941101288373209855e-05 4.516979346929053045e-04
3.972788364896080764e-05 4.526603936707208789e-04
4.004730210516497889e-05 4.536255299812096695e-04
4.036928873618220664e-05 4.545933643192132416e-04
4.069386419054344452e-05 4.555639175698762830e-04
4.102104928279701966e-05 4.565372108106278753e-04
4.135086499484359718e-05 4.575132653131860211e-04
4.168333247728160066e-05 4.584921025455899264e-04
4.201847305076357605e-05 4.594737441742559195e-04
4.235630820736352653e-05 4.604582120660610702e-04
4.269685961195507579e-05 4.614455282904521261e-04
4.304014910360089337e-05 4.624357151215814448e-04
4.338619869695317899e-05 4.634287950404713326e-04
4.373503058366531409e-05 4.644247907372032113e-04
4.408666713381520247e-05 4.654237251131383897e-04
4.444113089733958840e-05 4.664256212831639336e-04
4.479844460548034846e-05 4.674305025779690033e-04
4.515863117224212683e-05 4.684383925463496499e-04
4.552171369586172062e-05 4.694493149575441871e-04
4.588771546028947947e-05 4.704632938035967519e-04
4.625665993668230620e-05 4.714803533017531204e-04
4.662857078490898339e-05 4.725005178968855256e-04
4.700347185506735173e-05 4.735238122639508695e-04
4.738138718901376012e-05 4.745502613104782622e-04
4.776234102190494345e-05 4.755798901790913094e-04
4.814635778375206382e-05 4.766127242500597830e-04
4.853346210098749786e-05 4.776487891438880445e-04
4.892367879804393650e-05 4.786881107239332315e-04
4.931703289894651560e-05 4.797307150990611185e-04
4.971354962891744866e-05 4.807766286263341800e-04
5.011325441599369038e-05 4.818258779137336422e-04
5.051617289265767833e-05 4.828784898229214885e-04
5.092233089748099704e-05 4.839344914720329844e-04
5.133175447678147259e-05 4.849939102385095895e-04
5.174446988629344702e-05 4.860567737619675400e-04
5.216050359285144268e-05 4.871231099471036181e-04
5.257988227608760947e-05 4.881929469666400627e-04
5.300263283014244002e-05 4.892663132643077515e-04
5.342878236538964049e-05 4.903432375578679805e-04
5.385835821017461486e-05 4.914237488421745225e-04
5.429138791256688798e-05 4.925078763922774265e-04
5.472789924212690792e-05 4.935956497665650901e-04
5.516792019168669897e-05 4.946870988099496451e-04
5.561147897914512419e-05 4.957822536570949531e-04
5.605860404927741889e-05 4.968811447356852578e-04
5.650932407555922526e-05 4.979838027697410007e-04
5.696366796200554830e-05 4.990902587829737762e-04
5.742166484502415203e-05 5.002005441021897510e-04
5.788334409528418190e-05 5.013146903607376432e-04
5.834873531959959342e-05 5.024327295020021306e-04
5.881786836282775274e-05 5.035546937829432287e-04
5.929077330978346690e-05 5.046806157776853249e-04
5.976748048716810468e-05 5.058105283811527254e-04
6.024802046551461471e-05 5.069444648127538824e-04
6.073242406114773582e-05 5.080824586201157121e-04
6.122072233816040960e-05 5.092245436828686522e-04
6.171294661040580530e-05 5.103707542164812689e-04
6.220912844350533005e-05 5.115211247761488559e-04
6.270929965687300372e-05 5.126756902607310399e-04
6.321349232575598841e-05 5.138344859167477165e-04
6.372173878329145545e-05 5.149975473424244247e-04
6.423407162258016278e-05 5.161649104917957276e-04
6.475052369877653917e-05 5.173366116788618262e-04
6.527112813119549238e-05 5.185126875818049132e-04
6.579591830543663226e-05 5.196931752472612551e-04
6.632492787552498725e-05 5.208781120946493273e-04
6.685819076606928501e-05 5.220675359205625672e-04
6.739574117443747185e-05 5.232614849032177478e-04
6.793761357294960648e-05 5.244599976069656919e-04
6.848384271108879219e-05 5.256631129868637869e-04
6.903446361772941559e-05 5.268708703933135508e-04
6.958951160338354576e-05 5.280833095767573961e-04
7.014902226246535826e-05 5.293004706924460834e-04
7.071303147557363817e-05 5.305223943052650480e-04
7.128157541179295858e-05 5.317491213946359688e-04
7.185469053101301940e-05 5.329806933594779693e-04
7.243241358626677001e-05 5.342171520232434113e-04
7.301478162608742415e-05 5.354585396390206930e-04
7.360183199688406883e-05 5.367048988947088197e-04
7.419360234533697862e-05 5.379562729182649434e-04
7.479013062081163248e-05 5.392127052830245418e-04
7.539145507779240881e-05 5.404742400130953250e-04
7.599761427833580970e-05 5.417409215888273604e-04
7.660864709454321439e-05 5.430127949523590918e-04
7.722459271105400213e-05 5.442899055132436985e-04
7.784549062755816368e-05 5.455722991541509144e-04
7.847138066132944474e-05 5.468600222366517888e-04
7.910230294977881830e-05 5.481531216070845451e-04
7.973829795302819084e-05 5.494516446025019723e-04
8.037940645650542670e-05 5.507556390567049012e-04
8.102566957355959276e-05 5.520651533063606828e-04
8.167712874809761618e-05 5.533802361972061257e-04
8.233382575724198919e-05 5.547009370903430246e-04
8.299580271400967000e-05 5.560273058686191231e-04
8.366310207001316924e-05 5.573593929431013439e-04
8.433576661818256151e-05 5.586972492596447518e-04
8.501383949550980431e-05 5.600409263055489053e-04
8.569736418581525613e-05 5.613904761163153630e-04
8.638638452253571585e-05 5.627459512824985405e-04
8.708094469153600291e-05 5.641074049566590243e-04
8.778108923394224868e-05 5.654748908604111026e-04
8.848686304899817283e-05 5.668484632915767648e-04
8.919831139694462947e-05 5.682281771314416164e-04
8.991547990192171817e-05 5.696140878521134673e-04
9.063841455489507276e-05 5.710062515239918346e-04
9.136716171660485056e-05 5.724047248233412027e-04
9.210176812053898069e-05 5.738095650399776919e-04
9.284228087592974975e-05 5.752208300850647970e-04
9.358874747077532423e-05 5.766385784990262203e-04
9.434121577488489493e-05 5.780628694595695092e-04
9.509973404294835148e-05 5.794937627898321016e-04
9.586435091763108318e-05 5.809313189666418615e-04
9.663511543269287637e-05 5.823755991289025161e-04
9.741207701613299513e-05 5.838266650860996550e-04
9.819528549335946688e-05 5.852845793269341240e-04
9.898479109038452433e-05 5.867494050280797763e-04
9.978064443704552622e-05 5.882212060630733885e-04
1.005828965702514787e-04 5.897000470113340298e-04
1.013915989372564180e-04 5.911859931673164393e-04
1.022068033989583798e-04 5.926791105498009030e-04
1.030285622332251764e-04 5.941794659113205012e-04
1.038569281382470069e-04 5.956871267477288666e-04
1.046919542359156307e-04 5.972021613079071551e-04
1.055336940752313920e-04 5.987246386036248645e-04
1.063822016357370367e-04 6.002546284195367206e-04
1.072375313309793126e-04 6.017922013233378570e-04
1.080997380119985690e-04 6.033374286760676388e-04
1.089688769708459085e-04 6.048903826425675511e-04
1.098450039441295175e-04 6.064511362020994422e-04
1.107281751165886571e-04 6.080197631591216251e-04
1.116184471246967113e-04 6.095963381542275020e-04
1.125158770602934129e-04 6.111809366752511555e-04
1.134205224742455034e-04 6.127736350685399069e-04
1.143324413801381838e-04 6.143745105503986125e-04
1.152516922579948630e-04 6.159836412187071064e-04
1.161783340580276166e-04 6.176011060647155614e-04
1.171124262044176103e-04 6.192269849850190683e-04
1.180540285991254872e-04 6.208613587937139274e-04
1.190032016257334691e-04 6.225043092347444344e-04
1.199600061533171510e-04 6.241559189944313789e-04
1.209245035403491296e-04 6.258162717142013364e-04
1.218967556386339128e-04 6.274854520035046124e-04
1.228768247972739710e-04 6.291635454529359312e-04
1.238647738666687225e-04 6.308506386475577635e-04
1.248606662025445943e-04 6.325468191804274826e-04
1.258645656700180151e-04 6.342521756663355072e-04
1.268765366476912876e-04 6.359667977557552972e-04
1.278966440317803085e-04 6.376907761490126832e-04
1.289249532402772817e-04 6.394242026106711696e-04
1.299615302171452523e-04 6.411671699841467627e-04
1.310064414365470916e-04 6.429197722065467958e-04
1.320597539071085799e-04 6.446821043237427242e-04
1.331215351762150725e-04 6.464542625056784097e-04
1.341918533343439449e-04 6.482363440619213742e-04
1.352707770194305932e-04 6.500284474574525781e-04
1.363583754212702680e-04 6.518306723287126125e-04
1.374547182859552530e-04 6.536431194998937886e-04
1.385598759203470094e-04 6.554658909994941695e-04
1.396739191965856708e-04 6.572990900771338721e-04
1.407969195566343681e-04 6.591428212206354789e-04
1.419289490168610410e-04 6.609971901733759352e-04
1.430700801726565697e-04 6.628623039519191459e-04
1.442203862030899057e-04 6.647382708639222246e-04
1.453799408756017183e-04 6.666252005263356706e-04
1.465488185507343082e-04 6.685232038838886904e-04
1.477270941869007141e-04 6.704323932278737595e-04
1.489148433451909274e-04 6.723528822152319414e-04
1.501121421942185465e-04 6.742847858879461205e-04
1.513190675150046741e-04 6.762282206927448585e-04
1.525356967059019028e-04 6.781833045011261994e-04
1.537621077875579820e-04 6.801501566297058670e-04
1.549983794079185981e-04 6.821288978608906154e-04
1.562445908472716793e-04 6.841196504638938618e-04
1.575008220233310567e-04 6.861225382160866630e-04
1.587671534963616779e-04 6.881376864247018164e-04
1.600436664743457764e-04 6.901652219488871830e-04
1.613304428181902399e-04 6.922052732221238439e-04
1.626275650469769408e-04 6.942579702750084408e-04
1.639351163432540767e-04 6.963234447584102163e-04
1.652531805583706348e-04 6.984018299670096937e-04
1.665818422178539260e-04 7.004932608632238747e-04
1.679211865268292678e-04 7.025978741015240269e-04
1.692712993754852033e-04 7.047158080531614561e-04
1.706322673445806795e-04 7.068472028312958438e-04
1.720041777109977612e-04 7.089922003165446875e-04
1.733871184533384451e-04 7.111509441829549309e-04
1.747811782575661439e-04 7.133235799244087069e-04
1.761864465226939522e-04 7.155102548814691599e-04
1.776030133665169322e-04 7.177111182686741510e-04
1.790309696313913991e-04 7.199263212022861957e-04
1.804704068900608274e-04 7.221560167285103436e-04
1.819214174515274560e-04 7.244003598521842275e-04
1.833840943669728723e-04 7.266595075659515587e-04
1.848585314357249190e-04 7.289336188799264409e-04
1.863448232112726037e-04 7.312228548518635721e-04
1.878430650073302044e-04 7.335273786178316251e-04
1.893533529039488086e-04 7.358473554234137674e-04
1.908757837536787557e-04 7.381829526554348859e-04
1.924104551877800018e-04 7.405343398742303710e-04
1.939574656224832510e-04 7.429016888464640492e-04
1.955169142653014221e-04 7.452851735785074065e-04
1.970889011213910146e-04 7.476849703503913799e-04
1.986735269999661678e-04 7.501012577503401481e-04
2.002708935207630537e-04 7.525342167098972215e-04
2.018811031205563654e-04 7.549840305396561925e-04
2.035042590597289317e-04 7.574508849656142514e-04
2.051404654288926965e-04 7.599349681661413114e-04
2.067898271555653161e-04 7.624364708096046436e-04
2.084524500108978515e-04 7.649555860926334069e-04
2.101284406164582411e-04 7.674925097790583116e-04
2.118179064510687952e-04 7.700474402395217528e-04
2.135209558576979809e-04 7.726205784917857368e-04
2.152376980504093994e-04 7.752121282417409609e-04
2.169682431213647560e-04 7.778222959251347192e-04
2.187127020478841577e-04 7.804512907500341145e-04
2.204711866995630331e-04 7.830993247400327073e-04
2.222438098454454578e-04 7.857666127782209856e-04
2.240306851612570028e-04 7.884533726519331234e-04
2.258319272366938254e-04 7.911598250982852061e-04
2.276476515827713647e-04 7.938861938505212962e-04
2.294779746392319904e-04 7.966327056851816484e-04
2.313230137820113878e-04 7.993995904701110735e-04
2.331828873307669869e-04 8.021870812133256650e-04
2.350577145564646398e-04 8.049954141127511160e-04
2.369476156890276404e-04 8.078248286068507320e-04
2.388527119250470816e-04 8.106755674261631982e-04
2.407731254355530105e-04 8.135478766457663637e-04
2.427089793738507434e-04 8.164420057386894856e-04
2.446603978834170829e-04 8.193582076302828240e-04
2.466275061058622654e-04 8.222967387535777637e-04
2.486104301889547914e-04 8.252578591056475461e-04
2.506092972947107124e-04 8.282418323049883443e-04
2.526242356075492708e-04 8.312489256499511463e-04
2.546553743425125616e-04 8.342794101782349640e-04
2.567028437535520896e-04 8.373335607274679307e-04
2.587667751418811380e-04 8.404116559968971036e-04
2.608473008643961456e-04 8.435139786102125586e-04
2.629445543421636252e-04 8.466408151795249684e-04
2.650586700689765780e-04 8.497924563705213817e-04
2.671897836199794854e-04 8.529691969688254442e-04
2.693380316603617665e-04 8.561713359475827670e-04
2.715035519541232276e-04 8.593991765363060299e-04
2.736864833729077081e-04 8.626530262909875169e-04
2.758869659049089881e-04 8.659331971655297167e-04
2.781051406638483073e-04 8.692400055844999498e-04
2.803411498980227915e-04 8.725737725172468635e-04
2.825951369994289595e-04 8.759348235534086076e-04
2.848672465129574623e-04 8.793234889798364363e-04
2.871576241456627403e-04 8.827401038589629016e-04
2.894664167761070578e-04 8.861850081086542104e-04
2.917937724637788581e-04 8.896585465835635514e-04
2.941398404585889655e-04 8.931610691580306027e-04
2.965047712104407294e-04 8.966929308105539998e-04
2.988887163788787188e-04 9.002544917098647369e-04
3.012918288428140701e-04 9.038461173026451695e-04
3.037142627103280599e-04 9.074681784029194238e-04
3.061561733285558546e-04 9.111210512831600982e-04
3.086177172936478892e-04 9.148051177671359755e-04
3.110990524608123978e-04 9.185207653245473693e-04
3.136003379544386642e-04 9.222683871674863983e-04
3.161217341783003937e-04 9.260483823487520054e-04
3.186634028258437078e-04 9.298611558620802206e-04
3.212255068905553153e-04 9.337071187443051704e-04
3.238082106764153599e-04 9.375866881795093819e-04
3.264116798084340759e-04 9.415002876052081578e-04
3.290360812432721453e-04 9.454483468205954547e-04
3.316815832799491453e-04 9.494313020969181571e-04
3.343483555706347216e-04 9.534495962900079152e-04
3.370365691315290444e-04 9.575036789550251878e-04
3.397463963538297849e-04 9.615940064634635222e-04
3.424780110147859899e-04 9.657210421224617742e-04
3.452315882888443307e-04 9.698852562964790230e-04
3.480073047588812208e-04 9.740871265313791241e-04
3.508053384275273620e-04 9.783271376809813888e-04
3.536258687285830375e-04 9.826057820361330103e-04
3.564690765385236659e-04 9.869235594563525657e-04
3.593351441881008725e-04 9.912809775041162615e-04
3.622242554740342547e-04 9.956785515818277962e-04
3.651365956707977979e-04 1.000116805071543831e-03
3.680723515425020267e-04 1.004596269477517952e-03
3.710317113548692886e-04 1.009117484571612350e-03
3.740148648873092190e-04 1.013680998541665245e-03
3.770220034450871751e-04 1.018287368142855708e-03
3.800533198715935561e-04 1.022937158852151940e-03
3.831090085607098878e-04 1.027630945025905049e-03
3.861892654692745995e-04 1.032369310060657916e-03
3.892942881296507706e-04 1.037152846557254805e-03
3.924242756623926476e-04 1.041982156488306362e-03
3.955794287890151062e-04 1.046857851369110623e-03
3.987599498448662211e-04 1.051780552432089646e-03
4.019660427921008835e-04 1.056750890804828086e-03
4.051979132327631098e-04 1.061769507691814321e-03
4.084557684219695061e-04 1.066837054559936814e-03
4.117398172812007195e-04 1.071954193327851303e-03
4.150502704116981658e-04 1.077121596559294263e-03
4.183873401079715617e-04 1.082339947660443912e-03
4.217512403714114631e-04 1.087609941081412249e-03
4.251421869240135836e-04 1.092932282521969813e-03
4.285603972222128350e-04 1.098307689141610937e-03
4.320060904708271430e-04 1.103736889774044718e-03
4.354794876371167306e-04 1.109220625146233562e-03
4.389808114649532307e-04 1.114759648102074717e-03
4.425102864891041583e-04 1.120354723830837770e-03
4.460681390496324165e-04 1.126006630100472592e-03
4.496545973064094265e-04 1.131716157495907000e-03
4.532698912537493638e-04 1.137484109662444945e-03
4.569142527351564755e-04 1.143311303554395532e-03
4.605879154581935041e-04 1.149198569689053456e-03
4.642911150094691016e-04 1.155146752406160070e-03
4.680240888697443985e-04 1.161156710132978890e-03
4.717870764291644714e-04 1.167229315655124097e-03
4.755803190026086408e-04 1.173365456393272131e-03
4.794040598451658843e-04 1.179566034685911860e-03
4.832585441677347718e-04 1.185831968078269062e-03
4.871440191527473236e-04 1.192164189617560483e-03
4.910607339700222155e-04 1.198563648154742480e-03
4.950089397927425567e-04 1.205031308652890643e-03
4.989888898135633405e-04 1.211568152502397969e-03
5.030008392608493768e-04 1.218175177843144885e-03
5.070450454150399145e-04 1.224853399893817201e-03
5.111217676251512835e-04 1.231603851288555224e-03
5.152312673254060612e-04 1.238427582421105762e-03
5.193738080519996097e-04 1.245325661796672185e-03
5.235496554600001847e-04 1.252299176391656610e-03
5.277590773403832702e-04 1.259349232021477437e-03
5.320023436372076173e-04 1.266476953716693180e-03
5.362797264649240983e-04 1.273683486107605404e-03
5.405915001258272418e-04 1.280969993817590797e-03
5.449379411276452203e-04 1.288337661865358820e-03
5.493193282012708923e-04 1.295787696076371957e-03
5.537359423186388871e-04 1.303321323503660355e-03
5.581880667107420087e-04 1.310939792858273941e-03
5.626759868857948753e-04 1.318644374949610098e-03
5.671999906475439250e-04 1.326436363135883624e-03
5.717603681137215128e-04 1.334317073784982259e-03
5.763574117346540729e-04 1.342287846745999439e-03
5.809914163120139365e-04 1.350350045831697973e-03
5.856626790177256502e-04 1.358505059312203889e-03
5.903714994130236475e-04 1.366754300420213418e-03
5.951181794676600832e-04 1.375099207868021910e-03
5.999030235792733460e-04 1.383541246376675422e-03
6.047263385929061916e-04 1.392081907217573074e-03
6.095884338206843372e-04 1.400722708766838267e-03
6.144896210616519402e-04 1.409465197072801591e-03
6.194302146217652624e-04 1.418310946436940421e-03
6.244105313340517823e-04 1.427261560008639485e-03
6.294308905789256512e-04 1.436318670394121522e-03
6.344916143046704397e-04 1.445483940279953302e-03
6.395930270480850582e-04 1.454759063071490435e-03
6.447354559552938248e-04 1.464145763546681423e-03
6.499192308027291380e-04 1.473645798525636662e-03
6.551446840182775398e-04 1.483260957556393469e-03
6.604121507025983821e-04 1.492993063617292825e-03
6.657219686506136904e-04 1.502843973836465478e-03
6.710744783731679205e-04 1.512815580228835284e-03
6.764700231188687778e-04 1.522909810451177331e-03
6.819089488960958711e-04 1.533128628575671035e-03
6.873916044951914033e-04 1.543474035882494433e-03
6.929183415108269373e-04 1.553948071671977689e-03
6.984895143645491631e-04 1.564552814096821292e-03
7.041054803275121482e-04 1.575290381015003859e-03
7.097665995433851197e-04 1.586162930863880237e-03
7.154732350514504159e-04 1.597172663556116305e-03
7.212257528098811989e-04 1.608321821398029467e-03
7.270245217192146479e-04 1.619612690031002914e-03
7.328699136460053477e-04 1.631047599396591441e-03
7.387623034466737253e-04 1.642628924725999043e-03
7.447020689915458472e-04 1.654359087554612426e-03
7.506895911890828447e-04 1.666240556762319230e-03
7.567252540103118919e-04 1.678275849640316775e-03
7.628094445134470276e-04 1.690467532985188287e-03
7.689425528687119640e-04 1.702818224221026551e-03
7.751249723833607622e-04 1.715330592550392153e-03
7.813570995268978928e-04 1.728007360134958034e-03
7.876393339565077641e-04 1.740851303306689517e-03
7.939720785426805996e-04 1.753865253810449071e-03
8.003557393950485417e-04 1.767052100078920704e-03
8.067907258884308985e-04 1.780414788540828682e-03
8.132774506890824619e-04 1.793956324963391462e-03
8.198163297811619180e-04 1.807679775830047528e-03
8.264077824934058228e-04 1.821588269754456039e-03
8.330522315260197432e-04 1.835684998931874905e-03
8.397501029777867812e-04 1.849973220629005499e-03
8.465018263733888179e-04 1.864456258713445861e-03
8.533078346909564156e-04 1.879137505223946354e-03
8.601685643898318752e-04 1.894020421982678783e-03
8.670844554385594323e-04 1.909108542250768231e-03
8.740559513431010773e-04 1.924405472428415524e-03
8.810834991752736602e-04 1.939914893800924380e-03
8.881675496014253875e-04 1.955640564332058323e-03
8.953085569113310030e-04 1.971586320506122075e-03
9.025069790473277693e-04 1.987756079220300703e-03
9.097632776336820595e-04 2.004153839728750781e-03
9.170779180061899198e-04 2.020783685640040357e-03
9.244513692420227701e-04 2.037649786969623032e-03
9.318841041898060992e-04 2.054756402248957264e-03
9.393765994999427570e-04 2.072107880693108833e-03
9.469293356551812752e-04 2.089708664428622815e-03
9.545427970014243400e-04 2.107563290783499941e-03
9.622174717787947617e-04 2.125676394641321746e-03
9.699538521529424634e-04 2.144052710861409691e-03
9.777524342466066901e-04 2.162697076767214864e-03
9.856137181714328972e-04 2.181614434705006923e-03
9.935382080600400900e-04 2.200809834675128678e-03
1.001526412098356069e-03 2.220288437038136532e-03
1.009578842558203019e-03 2.240055515298160389e-03
1.017696015830148615e-03 2.260116458966027024e-03
1.025878452456624283e-03 2.280476776504636663e-03
1.034126677165301275e-03 2.301142098359298949e-03
1.042441218902746911e-03 2.322118180075742697e-03
1.050822610868341889e-03 2.343410905508657403e-03
1.059271390548473636e-03 2.365026290123700345e-03
1.067788099751006570e-03 2.386970484396041051e-03
1.076373284640022099e-03 2.409249777308569967e-03
1.085027495770850932e-03 2.431870599953119341e-03
1.093751288125374048e-03 2.454839529237988396e-03
1.102545221147614024e-03 2.478163291705404864e-03
1.111409858779613662e-03 2.501848767462500327e-03
1.120345769497594788e-03 2.525902994229582785e-03
1.129353526348421703e-03 2.550333171509711061e-03
1.138433706986343927e-03 2.575146664883530122e-03
1.147586893710044690e-03 2.600351010433672467e-03
1.156813673499976084e-03 2.625953919303049798e-03
1.166114638056009716e-03 2.651963282391646762e-03
1.175490383835376415e-03 2.678387175196436307e-03
1.184941512090917099e-03 2.705233862799389689e-03
1.194468628909641341e-03 2.732511805008620495e-03
1.204072345251591247e-03 2.760229661657921923e-03
1.213753276989026908e-03 2.788396298070205080e-03
1.223512044945917815e-03 2.817020790690481780e-03
1.233349274937755842e-03 2.846112432894313746e-03
1.243265597811689816e-03 2.875680740977809742e-03
1.253261649486975358e-03 2.905735460335603405e-03
1.263338070995762789e-03 2.936286571833348659e-03
1.273495508524201620e-03 2.967344298381646445e-03
1.283734613453878974e-03 2.998919111718490425e-03
1.294056042403594333e-03 3.031021739407698326e-03
1.304460457271463224e-03 3.063663172060972131e-03
1.314948525277369155e-03 3.096854670791664415e-03
1.325520919005747757e-03 3.130607774908501610e-03
1.336178316448719807e-03 3.164934309857984213e-03
1.346921401049570779e-03 3.199846395424430293e-03
1.357750861746575373e-03 3.235356454197012462e-03
1.368667393017183312e-03 3.271477220313610303e-03
1.379671694922551426e-03 3.308221748491484582e-03
1.390764473152439817e-03 3.345603423355412737e-03
1.401946439070465801e-03 3.383635969074236076e-03
1.413218309759719333e-03 3.422333459317183739e-03
1.424580808068755299e-03 3.461710327541986376e-03
1.436034662657943587e-03 3.501781377626970310e-03
1.447580608046198638e-03 3.542561794860208963e-03
1.459219384658083912e-03 3.584067157299028646e-03
1.470951738871290613e-03 3.626313447513854031e-03
1.482778423064506305e-03 3.669317064731057385e-03
1.494700195665662123e-03 3.713094837389842480e-03
1.506717821200569433e-03 3.757664036129075829e-03
1.518832070341948320e-03 3.803042387220494352e-03
1.531043719958845957e-03 3.849248086465460218e-03
1.543353553166462635e-03 3.896299813573238496e-03
1.555762359376368104e-03 3.944216747039361315e-03
1.568270934347124924e-03 3.993018579543619780e-03
1.580880080235321644e-03 4.042725533887978583e-03
1.593590605647008870e-03 4.093358379495599074e-03
1.606403325689560778e-03 4.144938449493068555e-03
1.619319062023942546e-03 4.197487658398892443e-03
1.632338642917403231e-03 4.251028520442368466e-03
1.645462903296593003e-03 4.305584168537902705e-03
1.658692684801099312e-03 4.361178373941065889e-03
1.672028835837429317e-03 4.417835566613801182e-03
1.685472211633411242e-03 4.475580856327284959e-03
1.699023674293039183e-03 4.534440054532494664e-03
1.712684092851762211e-03 4.594439697029583866e-03
1.726454343332206078e-03 4.655607067468720689e-03
1.740335308800361556e-03 4.717970221716567131e-03
1.754327879422208202e-03 4.781558013123955904e-03
1.768432952520800202e-03 4.846400118732096911e-03
1.782651432633812136e-03 4.912527066456093966e-03
1.796984231571540323e-03 4.979970263286986193e-03
1.811432268475383824e-03 5.048762024554422773e-03
1.825996469876782317e-03 5.118935604294826656e-03
1.840677769756634500e-03 5.190525226771725183e-03
1.855477109605194836e-03 5.263566119197072256e-03
1.870395438482442803e-03 5.338094545704608063e-03
1.885433713078954552e-03 5.414147842628960761e-03
1.900592897777249020e-03 5.491764455146383797e-03
1.915873964713631691e-03 5.570983975335870933e-03
1.931277893840539252e-03 5.651847181722343544e-03
1.946805672989376053e-03 5.734396080365872055e-03
1.962458297933871842e-03 5.818673947565544159e-03
1.978236772453932386e-03 5.904725374246873500e-03
1.994142108400014622e-03 5.992596312109164242e-03
2.010175325758007270e-03 6.082334121609033611e-03
2.026337452714651807e-03 6.173987621862496097e-03
2.042629525723471933e-03 6.267607142550859697e-03
2.059052589571240370e-03 6.363244577920501924e-03
2.075607697444983857e-03 6.460953442970560588e-03
2.092295910999512898e-03 6.560788931927680548e-03
2.109118300425514864e-03 6.662807979111570224e-03
2.126075944518179221e-03 6.767069322300451641e-03
2.143169930746376996e-03 6.873633568710950381e-03
2.160401355322404040e-03 6.982563263712758886e-03
2.177771323272269851e-03 7.093922962404517960e-03
2.195280948506572738e-03 7.207779304183804109e-03
2.212931353891927494e-03 7.324201090450788154e-03
2.230723671322972033e-03 7.443259365592572521e-03
2.248659041794959495e-03 7.565027501402414589e-03
2.266738615476918042e-03 7.689581285096440399e-03
2.284963551785422139e-03 7.816999011098658273e-03
2.303335019458937170e-03 7.947361576774083364e-03
2.321854196632770328e-03 8.080752582299122189e-03
2.340522270914624763e-03 8.217258434868675646e-03
2.359340439460749176e-03 8.356968457449546334e-03
2.378309909052727083e-03 8.499975002301284055e-03
2.397431896174850689e-03 8.646373569497108058e-03
2.416707627092140511e-03 8.796262930690275719e-03
2.436138337928982558e-03 8.949745258384430441e-03
2.455725274748391321e-03 9.106926260980353210e-03
2.475469693631931947e-03 9.267915323886762730e-03
2.495372860760260852e-03 9.432825656997906316e-03
2.515436052494327262e-03 9.601774448858017147e-03
2.535660555457225698e-03 9.774883027849810835e-03
2.556047666616697699e-03 9.952277030763383853e-03
2.576598693368314409e-03 1.013408657912140062e-02
2.597314953619315331e-03 1.032044646365749482e-02
2.618197775873118850e-03 1.051149633736747288e-02
2.639248499314524911e-03 1.070738091757619803e-02
2.660468473895582532e-03 1.090825019748849385e-02
2.681859060422176356e-03 1.111425966771916254e-02
2.703421630641281940e-03 1.132557054832505558e-02
2.725157567328937488e-03 1.154235003189303839e-02
2.747068264378920745e-03 1.176477153826932000e-02
2.769155126892129323e-03 1.199301498154925656e-02
2.791419571266699588e-03 1.222726704998429101e-02
2.813863025288832007e-03 1.246772149949919653e-02
2.836486928224351157e-03 1.271457946155579548e-02
2.859292730911011226e-03 1.296804976614130897e-02
2.882281895851520996e-03 1.322834928070703610e-02
2.905455897307351182e-03 1.349570326593166510e-02
2.928816221393264283e-03 1.377034574923662047e-02
2.952364366172619860e-03 1.405251991703675152e-02
2.976101841753445686e-03 1.434247852676934221e-02
3.000030170385270881e-03 1.464048433980823932e-02
3.024150886556755281e-03 1.494681057643795080e-02
3.048465537094089892e-03 1.526174139413447213e-02
3.072975681260191848e-03 1.558557239047764567e-02
3.097682890854700812e-03 1.591861113210163436e-02
3.122588750314765540e-03 1.626117771117865235e-02
3.147694856816667889e-03 1.661360533102547096e-02
3.173002820378236551e-03 1.697624092252155228e-02
3.198514263962099965e-03 1.734944579313622837e-02
3.224230823579754112e-03 1.773359631047680476e-02
3.250154148396495069e-03 1.812908462239236004e-02
3.276285900837162986e-03 1.853631941579856127e-02
3.302627756692759920e-03 1.895572671653086155e-02
3.329181405227911623e-03 1.938775073268242735e-02
3.355948549289191046e-03 1.983285474404498233e-02
3.382930905414333923e-03 2.029152204044382124e-02
