2.497382406435652939e-25 9.768325619515944397e-18
1.592405960127358361e-24 3.089015920155193588e-17
1.015365822756892167e-23 9.768326876420302874e-17
6.474277161963938908e-23 3.089016721595150065e-16
4.128193389070159467e-22 9.768331986641967382e-16
2.632259977636328568e-21 3.089019980025807047e-15
1.678407946733001633e-20 9.768352763373603653e-15
1.070203270037972128e-19 3.089033227893325649e-14
6.823937180644061677e-19 9.768437235752100315e-14
4.351147109064984495e-18 3.089087090016611440e-13
1.915297948882004416e-17 7.759322488683919743e-13
8.060281057525431301e-17 1.949163039787816667e-12
3.231548868885900942e-16 4.896382250613372468e-12
4.345363206717196250e-16 6.163781780305984805e-12
1.185699981296668146e-15 1.229732179640797847e-11
3.167099671296256822e-15 2.454290871984140256e-11
8.312293945536222779e-15 4.898397135859626299e-11
2.151611673377367987e-14 9.773430848120292535e-11
5.516190296262407946e-14 1.950308160666369755e-10
7.219962673568143336e-14 2.455395918119563429e-10
1.345996703506809824e-13 3.892770603306517574e-10
2.502777173064534741e-13 6.169465998965407740e-10
3.411676113431318569e-13 7.768626451909397954e-10
4.161104603351930561e-13 9.006720410829545173e-10
5.668224300832851639e-13 1.192414995932578561e-09
1.051017683769589897e-12 1.890432911212288601e-09
1.946696275912857264e-12 3.094630240399093478e-09
3.604197434436283020e-12 4.906521065391501087e-09
4.678350727597027810e-12 5.964785761620009416e-09
6.363945126095426008e-12 7.510858710852283575e-09
8.659328086403540721e-12 9.798092857573101657e-09
1.177437263656969924e-11 1.233578754396143564e-08
1.601314678573479096e-11 1.553407705195085344e-08
2.068158225216417963e-11 1.881943995759334440e-08
2.812629084553211013e-11 2.462793118627416045e-08
3.823985723652250255e-11 3.101071367919697201e-08
4.915490723856361436e-11 3.744047090307774978e-08
6.683712298751739095e-11 4.918310976261355027e-08
9.088989403667837668e-11 6.194746997419662658e-08
1.198094057756214983e-10 7.622496704508910767e-08
1.235276287134856064e-10 8.111821537560480725e-08
1.679810496150610554e-10 1.052041443179145334e-07
2.145827771029579730e-10 1.264403182978826954e-07
2.389577941400671919e-10 1.370814666799720085e-07
2.718434103460653354e-10 1.558050328926489486e-07
3.695913600236930604e-10 2.029070399259184632e-07
4.805596579248377059e-10 2.471473550088626382e-07
6.228436556804378813e-10 3.112918511513913844e-07
6.449051117784316288e-10 3.195404339442749206e-07
6.519284217721749412e-10 3.221516175955882510e-07
6.901021772675798839e-10 3.362246542759246589e-07
7.517420508597271333e-10 3.585491157042282318e-07
7.842145311837404764e-10 3.701260768930860222e-07
8.123077711587138292e-10 3.800461204279264704e-07
8.948523203792971162e-10 4.248355205313744057e-07
1.780367769825735293e-09 1.571243743291283042e-06
2.831798589477310162e-09 2.360915204371286954e-06
4.352717025416528164e-09 3.331634749736530039e-06
6.442936706730940560e-09 4.497300351158025239e-06
9.210451352971400048e-09 5.875749191388290656e-06
1.726412223638507203e-08 9.359364509061765243e-06
2.961440629244172500e-08 1.399035730184682620e-05
4.760234259406434222e-08 2.000744564924680080e-05
7.280858902572716169e-08 2.762541866450402925e-05
1.069774052811704485e-07 3.692082460755834189e-05
1.786399553702715184e-07 5.352425790188030335e-05
3.179080611873818725e-07 7.810458603098302793e-05
4.169532575344421554e-07 9.195064971249766836e-05
4.437988271458211392e-07 9.546604737380116803e-05
8.192319285407806845e-07 1.258634192745901824e-04
1.295590276264896443e-06 1.521102216762100273e-04
1.306007026615213097e-06 1.526015282254313433e-04
1.316507529282793077e-06 1.530934060620072401e-04
1.327092457649488585e-06 1.535858543166700337e-04
1.337762490511248562e-06 1.540788721348681329e-04
1.348518312121647933e-06 1.545724586768371632e-04
1.359360612235769411e-06 1.550666131176703312e-04
1.370290086154434929e-06 1.555613346473887898e-04
1.381307434768794296e-06 1.560566224710115417e-04
1.392413364605274060e-06 1.565524758086251809e-04
1.403608587870882976e-06 1.570488938954530647e-04
1.414893822498888251e-06 1.575458759819246487e-04
1.426269792194853060e-06 1.580434213337441164e-04
1.437737226483048018e-06 1.585415292319590367e-04
1.449296860753233239e-06 1.590401989730286410e-04
1.460949436307819854e-06 1.595394298688917762e-04
1.472695700409406140e-06 1.600392212470347212e-04
1.484536406328699887e-06 1.605395724505588411e-04
1.496472313392825537e-06 1.610404828382476993e-04
1.508504187034015873e-06 1.615419517846341971e-04
1.520632798838700119e-06 1.620439786800674953e-04
1.532858926596984849e-06 1.625465629307794226e-04
1.545183354352531315e-06 1.630497039589511260e-04
1.557606872452835955e-06 1.635534012027792619e-04
1.570130277599912823e-06 1.640576541165416984e-04
1.582754372901387461e-06 1.645624621706637063e-04
1.595479967921996293e-06 1.650678248517833632e-04
1.608307878735504660e-06 1.655737416628170935e-04
1.621238927977039696e-06 1.660802121230248835e-04
1.634273944895844381e-06 1.665872357680753604e-04
1.647413765408457239e-06 1.670948121501108987e-04
1.660659232152317239e-06 1.676029408378122384e-04
1.674011194539801534e-06 1.681116214164631853e-04
1.687470508812697089e-06 1.686208534880151747e-04
1.701038038097109383e-06 1.691306366711515922e-04
1.714714652458814527e-06 1.696409706013520121e-04
1.728501228959054809e-06 1.701518549309564369e-04
1.742398651710783372e-06 1.706632893292291293e-04
1.756407811935361003e-06 1.711752734824227703e-04
1.770529608019708836e-06 1.716878070938419117e-04
1.784764945573920560e-06 1.722008898839071881e-04
1.799114737489338609e-06 1.727145215902185533e-04
1.813579903997094929e-06 1.732287019676190308e-04
1.828161372727126309e-06 1.737434307882581403e-04
1.842860078767659387e-06 1.742587078416554043e-04
1.857676964725178464e-06 1.747745329347636929e-04
1.872612980784872953e-06 1.752909058920324868e-04
1.887669084771570386e-06 1.758078265554712763e-04
1.902846242211161974e-06 1.763252947847127701e-04
1.918145426392519023e-06 1.768433104570760498e-04
1.933567618429909095e-06 1.773618734676299694e-04
1.949113807325914039e-06 1.778809837292561196e-04
1.964784990034850950e-06 1.784006411727122267e-04
1.980582171526708332e-06 1.789208457466952534e-04
1.996506364851592599e-06 1.794415974179045805e-04
2.012558591204690423e-06 1.799628961711053515e-04
2.028739879991762163e-06 1.804847420091915458e-04
2.045051268895151148e-06 1.810071349532494864e-04
2.061493803940330394e-06 1.815300750426209939e-04
2.078068539562984227e-06 1.820535623349668944e-04
2.094776538676624380e-06 1.825775969063302823e-04
2.111618872740756666e-06 1.831021788512002171e-04
2.128596621829590170e-06 1.836273082825752036e-04
2.145710874701300408e-06 1.841529853320267806e-04
2.162962728867851094e-06 1.846792101497634340e-04
2.180353290665375385e-06 1.852059829046941587e-04
2.197883675325122931e-06 1.857333037844927516e-04
2.215555007044980376e-06 1.862611729956615354e-04
2.233368419061560636e-06 1.867895907635957066e-04
2.251325053722879601e-06 1.873185573326475735e-04
2.269426062561610077e-06 1.878480729661910129e-04
2.287672606368931209e-06 1.883781379466860069e-04
2.306065855268964885e-06 1.889087525757434782e-04
2.324606988793816079e-06 1.894399171741899897e-04
2.343297195959214164e-06 1.899716320821329596e-04
2.362137675340763669e-06 1.905038976590257404e-04
2.381129635150804039e-06 1.910367142837332674e-04
2.400274293315894526e-06 1.915700823545974090e-04
2.419572877554915703e-06 1.921040022895029132e-04
2.439026625457800750e-06 1.926384745259433816e-04
2.458636784564903298e-06 1.931734995210875950e-04
2.478404612446996716e-06 1.937090777518457585e-04
2.498331376785921817e-06 1.942452097149363697e-04
2.518418355455882962e-06 1.947818959269532221e-04
2.538666836605393418e-06 1.953191369244323277e-04
2.559078118739885204e-06 1.958569332639196255e-04
2.579653510804977942e-06 1.963952855220384727e-04
2.600394332270419819e-06 1.969341942955579229e-04
2.621301913214707028e-06 1.974736602014607050e-04
2.642377594410374051e-06 1.980136838770119620e-04
2.663622727409979792e-06 1.985542659798281249e-04
2.685038674632777679e-06 1.990954071879459761e-04
2.706626809452088803e-06 1.996371081998924183e-04
2.728388516283370907e-06 2.001793697347539443e-04
2.750325190673001829e-06 2.007221925322472459e-04
2.772438239387771505e-06 2.012655773527893073e-04
2.794729080505098171e-06 2.018095249775686106e-04
2.817199143503965402e-06 2.023540362086162590e-04
2.839849869356593522e-06 2.028991118688775613e-04
2.862682710620847085e-06 2.034447528022841588e-04
2.885699131533386053e-06 2.039909598738262597e-04
2.908900608103562791e-06 2.045377339696257150e-04
2.932288628208079686e-06 2.050850759970088491e-04
2.955864691686399365e-06 2.056329868845804300e-04
2.979630310436935877e-06 2.061814675822976116e-04
3.003587008514000150e-06 2.067305190615444457e-04
3.027736322225542088e-06 2.072801423152067731e-04
3.052079800231671941e-06 2.078303383577477113e-04
3.076619003643968564e-06 2.083811082252836570e-04
3.101355506125595745e-06 2.089324529756603969e-04
3.126290893992218982e-06 2.094843736885301138e-04
3.151426766313729481e-06 2.100368714654287435e-04
3.176764735016795707e-06 2.105899474298537943e-04
3.202306424988227660e-06 2.111436027273426528e-04
3.228053474179184373e-06 2.116978385255515957e-04
3.254007533710209813e-06 2.122526560143352342e-04
3.280170267977117924e-06 2.128080564058263660e-04
3.306543354757728521e-06 2.133640409345166666e-04
3.333128485319459111e-06 2.139206108573376522e-04
3.359927364527782376e-06 2.144777674537425645e-04
3.386941710955562883e-06 2.150355120257883357e-04
3.414173256993258612e-06 2.155938458982189099e-04
3.441623748960022451e-06 2.161527704185481574e-04
3.469294947215687157e-06 2.167122869571446050e-04
3.497188626273658328e-06 2.172723969073155699e-04
3.525306574914708200e-06 2.178331016853928936e-04
3.553650596301688465e-06 2.183944027308189185e-04
3.582222508095166796e-06 2.189563015062330616e-04
3.611024142569987040e-06 2.195187994975591474e-04
3.640057346732772603e-06 2.200818982140936343e-04
3.669323982440370870e-06 2.206455991885940856e-04
3.698825926519253094e-06 2.212099039773688064e-04
3.728565070885872689e-06 2.217748141603669400e-04
3.758543322667988306e-06 2.223403313412692164e-04
3.788762604326966069e-06 2.229064571475796483e-04
3.819224853781068613e-06 2.234731932307180405e-04
3.849932024529721165e-06 2.240405412661127980e-04
3.880886085778800848e-06 2.246085029532950616e-04
3.912089022566905155e-06 2.251770800159932505e-04
3.943542835892656763e-06 2.257462742022285803e-04
3.975249542843021403e-06 2.263160872844114215e-04
4.007211176722666731e-06 2.268865210594381190e-04
4.039429787184345262e-06 2.274575773487891393e-04
4.071907440360347955e-06 2.280292579986278683e-04
4.104646218994990330e-06 2.286015648799000330e-04
4.137648222578181942e-06 2.291744998884342338e-04
4.170915567480063958e-06 2.297480649450433989e-04
4.204450387086725016e-06 2.303222619956268619e-04
4.238254831937019913e-06 2.308970930112737134e-04
4.272331069860470802e-06 2.314725599883666403e-04
4.306681286116292410e-06 2.320486649486870937e-04
4.341307683533527704e-06 2.326254099395209170e-04
4.376212482652315200e-06 2.332027970337656009e-04
4.411397921866284522e-06 2.337808283300378629e-04
4.446866257566105612e-06 2.343595059527825561e-04
4.482619764284183986e-06 2.349388320523823355e-04
4.518660734840524035e-06 2.355188088052685724e-04
4.554991480489767177e-06 2.360994384140332168e-04
4.591614331069404828e-06 2.366807231075415273e-04
4.628531635149191629e-06 2.372626651410459666e-04
4.665745760181752986e-06 2.378452667963011809e-04
4.703259092654407257e-06 2.384285303816800099e-04
4.741074038242205967e-06 2.390124582322905263e-04
4.779193021962208155e-06 2.395970527100942408e-04
4.817618488328998169e-06 2.401823162040253915e-04
4.856352901511436728e-06 2.407682511301114530e-04
4.895398745490692713e-06 2.413548599315944859e-04
4.934758524219538722e-06 2.419421450790540580e-04
4.974434761782918867e-06 2.425301090705308160e-04
5.014430002559822706e-06 2.431187544316519556e-04
5.054746811386445807e-06 2.437080837157571778e-04
5.095387773720673382e-06 2.442980995040260018e-04
5.136355495807877671e-06 2.448888044056068123e-04
5.177652604848057024e-06 2.454802010577463670e-04
5.219281749164312446e-06 2.460722921259214462e-04
5.261245598372681942e-06 2.466650803039708000e-04
5.303546843553333494e-06 2.472585683142291559e-04
5.346188197423151417e-06 2.478527589076619849e-04
5.389172394509684736e-06 2.484476548640021112e-04
5.432502191326519429e-06 2.490432589918871887e-04
5.476180366550047429e-06 2.496395741289986962e-04
5.520209721197654400e-06 2.502366031422023412e-04
5.564593078807349172e-06 2.508343489276897110e-04
5.609333285618831426e-06 2.514328144111217128e-04
5.654433210756017140e-06 2.520320025477725554e-04
5.699895746411032769e-06 2.526319163226761169e-04
5.745723808029685823e-06 2.532325587507733419e-04
5.791920334498427901e-06 2.538339328770608853e-04
5.838488288332822070e-06 2.544360417767414372e-04
5.885430655867523032e-06 2.550388885553760534e-04
5.932750447447787041e-06 2.556424763490367023e-04
5.980450697622525112e-06 2.562468083244616858e-04
6.028534465338896977e-06 2.568518876792118722e-04
6.077004834138481384e-06 2.574577176418286649e-04
6.125864912355020162e-06 2.580643014719935968e-04
6.175117833313742873e-06 2.586716424606892804e-04
6.224766755532318592e-06 2.592797439303623085e-04
6.274814862923388267e-06 2.598886092350877826e-04
6.325265364998757259e-06 2.604982417607352497e-04
6.376121497075210788e-06 2.611086449251360489e-04
6.427386520481993815e-06 2.617198221782532060e-04
6.479063722769951094e-06 2.623317770023525205e-04
6.531156417922357065e-06 2.629445129121748994e-04
6.583667946567433027e-06 2.635580334551114565e-04
6.636601676192580413e-06 2.641723422113796400e-04
6.689961001360328441e-06 2.647874427942013679e-04
6.743749343926026676e-06 2.654033388499827881e-04
6.797970153257283303e-06 2.660200340584967498e-04
6.852626906455165249e-06 2.666375321330652750e-04
6.907723108577179602e-06 2.672558368207458780e-04
6.963262292862050742e-06 2.678749519025186454e-04
7.019248020956297427e-06 2.684948811934756451e-04
7.075683883142643688e-06 2.691156285430117471e-04
7.132573498570250863e-06 2.697371978350180440e-04
7.189920515486809699e-06 2.703595929880772252e-04
7.247728611472498483e-06 2.709828179556598169e-04
7.306001493675823267e-06 2.716068767263243259e-04
7.364742899051345289e-06 2.722317733239176005e-04
7.423956594599335393e-06 2.728575118077784974e-04
7.483646377607337665e-06 2.734840962729430131e-04
7.543816075893686317e-06 2.741115308503516376e-04
7.604469548052985155e-06 2.747398197070589302e-04
7.665610683703540305e-06 2.753689670464449396e-04
7.727243403736809717e-06 2.759989771084299295e-04
7.789371660568833043e-06 2.766298541696889969e-04
7.851999438393703700e-06 2.772616025438716229e-04
7.915130753439054336e-06 2.778942265818216029e-04
7.978769654223634471e-06 2.785277306717995793e-04
8.042920221816915929e-06 2.791621192397088268e-04
8.107586570100817547e-06 2.797973967493220127e-04
8.172772846033513587e-06 2.804335677025110484e-04
8.238483229915378366e-06 2.810706366394797586e-04
8.304721935657063711e-06 2.817086081389974734e-04
8.371493211049726191e-06 2.823474868186364676e-04
8.438801338037432904e-06 2.829872773350115161e-04
8.506650632991759404e-06 2.836279843840213452e-04
8.575045446988589898e-06 2.842696127010931745e-04
8.643990166087143451e-06 2.849121670614295355e-04
8.713489211611248221e-06 2.855556522802578010e-04
8.783547040432877263e-06 2.862000732130819364e-04
8.854168145257952695e-06 2.868454347559375585e-04
8.925357054914465649e-06 2.874917418456488915e-04
8.997118334642898455e-06 2.881389994600887586e-04
9.069456586388984642e-06 2.887872126184412840e-04
9.142376449098832156e-06 2.894363863814671976e-04
9.215882599016404718e-06 2.900865258517722287e-04
9.289979749983410452e-06 2.907376361740774524e-04
9.364672653741579146e-06 2.913897225354935379e-04
9.439966100237407763e-06 2.920427901657971122e-04
9.515864917929303061e-06 2.926968443377102129e-04
9.592373974097260223e-06 2.933518903671827232e-04
9.669498175154952151e-06 2.940079336136777331e-04
9.747242466964407283e-06 2.946649794804594505e-04
9.825611835153164145e-06 2.953230334148852299e-04
9.904611305433982238e-06 2.959821009086988498e-04
9.984245943927161793e-06 2.966421874983292645e-04
1.006452085748539107e-05 2.973032987651895182e-04
1.014544119402127876e-05 2.979654403359817860e-04
1.022701214283745796e-05 2.986286178830036063e-04
1.030923893495936170e-05 2.992928371244576373e-04
1.039212684347071067e-05 2.999581038247654797e-04
1.047568118385164034e-05 3.006244237948837755e-04
1.055990731431958591e-05 3.012918028926244818e-04
1.064481063617290840e-05 3.019602470229777453e-04
1.073039659413724298e-05 3.026297621384385194e-04
1.081667067671469343e-05 3.033003542393368653e-04
1.090363841653577259e-05 3.039720293741711822e-04
1.099130539071422790e-05 3.046447936399452315e-04
1.107967722120468238e-05 3.053186531825088468e-04
1.116875957516315052e-05 3.059936141969015725e-04
1.125855816531048993e-05 3.066696829277011801e-04
1.134907875029871601e-05 3.073468656693739741e-04
1.144032713508033370e-05 3.080251687666308983e-04
1.153230917128058477e-05 3.087045986147857017e-04
1.162503075757267829e-05 3.093851616601177128e-04
1.171849784005611626e-05 3.100668644002381913e-04
1.181271641263795496e-05 3.107497133844604751e-04
1.190769251741722747e-05 3.114337152141746800e-04
1.200343224507238161e-05 3.121188765432247859e-04
1.209994173525189263e-05 3.128052040782920099e-04
1.219722717696798437e-05 3.134927045792799700e-04
1.229529480899349135e-05 3.141813848597051597e-04
1.239415092026199376e-05 3.148712517870914354e-04
1.249380185027107115e-05 3.155623122833684066e-04
1.259425398948887832e-05 3.162545733252741082e-04
1.269551377976393642e-05 3.169480419447622270e-04
1.279758771473824108e-05 3.176427252294130145e-04
1.290048234026370791e-05 3.183386303228490782e-04
1.300420425482191791e-05 3.190357644251558896e-04
1.310876010994729687e-05 3.197341347933054358e-04
1.321415661065366420e-05 3.204337487415858895e-04
1.332040051586418689e-05 3.211346136420351266e-04
1.342749863884486890e-05 3.218367369248785275e-04
1.353545784764141858e-05 3.225401260789721443e-04
1.364428506551973634e-05 3.232447886522500972e-04
1.375398727140988013e-05 3.239507322521770660e-04
1.386457150035357839e-05 3.246579645462049565e-04
1.397604484395543774e-05 3.253664932622355832e-04
1.408841445083765564e-05 3.260763261890868223e-04
1.420168752709850409e-05 3.267874711769651070e-04
1.431587133677441831e-05 3.274999361379420972e-04
1.443097320230581910e-05 3.282137290464366068e-04
1.454700050500672147e-05 3.289288579397018990e-04
1.466396068553805494e-05 3.296453309183181848e-04
1.478186124438485821e-05 3.303631561466898381e-04
1.490070974233722615e-05 3.310823418535490076e-04
1.502051380097522089e-05 3.318028963324630236e-04
1.514128110315761160e-05 3.325248279423493941e-04
1.526301939351454770e-05 3.332481451079941613e-04
1.538573647894424555e-05 3.339728563205768730e-04
1.550944022911360346e-05 3.346989701382018412e-04
1.563413857696288939e-05 3.354264951864334128e-04
1.575983951921446723e-05 3.361554401588383962e-04
1.588655111688560068e-05 3.368858138175339625e-04
1.601428149580542122e-05 3.376176249937410225e-04
1.614303884713598209e-05 3.383508825883441628e-04
1.627283142789759832e-05 3.390855955724570033e-04
1.640366756149832698e-05 3.398217729879946555e-04
1.653555563826772672e-05 3.405594239482506269e-04
1.666850411599495407e-05 3.412985576384820730e-04
1.680252152047108816e-05 3.420391833164995493e-04
1.693761644603595484e-05 3.427813103132642983e-04
1.707379755612920973e-05 3.435249480334916618e-04
1.721107358384592063e-05 3.442701059562604574e-04
1.734945333249664272e-05 3.450167936356302143e-04
1.748894567617191852e-05 3.457650207012635053e-04
1.762955956031138244e-05 3.465147968590566820e-04
1.777130400227743242e-05 3.472661318917762466e-04
1.791418809193345534e-05 3.480190356597024888e-04
1.805822099222680247e-05 3.487735181012803325e-04
1.820341193977634579e-05 3.495295892337770124e-04
1.834977024546483856e-05 3.502872591539472327e-04
1.849730529503602279e-05 3.510465380387051549e-04
1.864602654969645625e-05 3.518074361458038680e-04
1.879594354672234387e-05 3.525699638145223381e-04
1.894706590007104807e-05 3.533341314663601121e-04
1.909940330099769824e-05 3.540999496057390121e-04
1.925296551867664190e-05 3.548674288207130179e-04
1.940776240082791023e-05 3.556365797836857369e-04
1.956380387434878960e-05 3.564074132521356819e-04
1.972109994595034647e-05 3.571799400693496246e-04
1.987966070279922765e-05 3.579541711651637028e-04
2.003949631316446142e-05 3.587301175567133627e-04
2.020061702706957128e-05 3.595077903491906198e-04
2.036303317694990739e-05 3.602872007366105358e-04
2.052675517831519913e-05 3.610683600025850677e-04
2.069179353041755237e-05 3.618512795211070005e-04
2.085815881692467468e-05 3.626359707573407099e-04
2.102586170659867393e-05 3.634224452684230622e-04
2.119491295398017637e-05 3.642107147042727175e-04
2.136532340007800114e-05 3.650007908084076718e-04
2.153710397306440153e-05 3.657926854187736965e-04
2.171026568897585940e-05 3.665864104685791734e-04
2.188481965241951405e-05 3.673819779871419114e-04
2.206077705728533731e-05 3.681794001007441478e-04
2.223814918746389916e-05 3.689786890334963870e-04
2.241694741757005571e-05 3.697798571082121341e-04
2.259718321367235635e-05 3.705829167472917914e-04
2.277886813402834972e-05 3.713878804736154443e-04
2.296201382982581541e-05 3.721947609114483867e-04
2.314663204592988771e-05 3.730035707873527733e-04
2.333273462163631861e-05 3.738143229311131476e-04
2.352033349143061247e-05 3.746270302766695616e-04
2.370944068575346253e-05 3.754417058630633787e-04
2.390006833177219810e-05 3.762583628353918059e-04
2.409222865415846916e-05 3.770770144457741345e-04
2.428593397587223637e-05 3.778976740543283351e-04
2.448119671895198507e-05 3.787203551301594165e-04
2.467802940531137326e-05 3.795450712523575423e-04
2.487644465754219178e-05 3.803718361110090492e-04
2.507645519972389740e-05 3.812006635082168982e-04
2.527807385823953255e-05 3.820315673591349491e-04
2.548131356259827901e-05 3.828645616930109090e-04
2.568618734626463540e-05 3.836996606542447848e-04
2.589270834749418800e-05 3.845368785034554665e-04
2.610088981017618829e-05 3.853762296185623821e-04
2.631074508468285932e-05 3.862177284958774517e-04
2.652228762872547500e-05 3.870613897512105938e-04
2.673553100821750357e-05 3.879072281209874299e-04
2.695048889814443256e-05 3.887552584633790229e-04
2.716717508344082733e-05 3.896054957594453309e-04
2.738560345987431499e-05 3.904579551142919424e-04
2.760578803493664949e-05 3.913126517582380878e-04
2.782774292874206466e-05 3.921696010480004791e-04
2.805148237493270829e-05 3.930288184678889683e-04
2.827702072159148962e-05 3.938903196310162462e-04
2.850437243216216715e-05 3.947541202805217981e-04
2.873355208637683617e-05 3.956202362908091950e-04
2.896457438119098536e-05 3.964886836687981850e-04
2.919745413172590906e-05 3.973594785551906074e-04
2.943220627221883426e-05 3.982326372257515945e-04
2.966884585698062690e-05 3.991081760926044886e-04
2.990738806136113837e-05 3.999861117055415879e-04
3.014784818272249717e-05 4.008664607533490962e-04
3.039024164141996970e-05 4.017492400651481721e-04
3.063458398179096272e-05 4.026344666117514831e-04
3.088089087315180149e-05 4.035221575070340166e-04
3.112917811080255487e-05 4.044123300093221051e-04
3.137946161704004941e-05 4.053050015227961135e-04
3.163175744217884561e-05 4.062001895989109058e-04
3.188608176558058621e-05 4.070979119378325219e-04
3.214245089669155064e-05 4.079981863898916590e-04
3.240088127608850343e-05 4.089010309570529820e-04
3.266138947653308771e-05 4.098064637944030830e-04
3.292399220403452621e-05 4.107145032116544863e-04
3.318870629892102314e-05 4.116251676746684649e-04
3.345554873691964981e-05 4.125384758069941733e-04
3.372453663024502598e-05 4.134544463914274054e-04
3.399568722869668829e-05 4.143730983715858862e-04
3.426901792076524750e-05 4.152944508535042953e-04
3.454454623474756500e-05 4.162185231072476686e-04
3.482228983987073164e-05 4.171453345685433392e-04
3.510226654742524871e-05 4.180749048404330446e-04
3.538449431190722141e-05 4.190072536949428152e-04
3.566899123216965957e-05 4.199424010747741668e-04
3.595577555258331259e-05 4.208803670950151885e-04
3.624486566420644904e-05 4.218211720448696283e-04
3.653628010596442796e-05 4.227648363894101024e-04
3.683003756583846559e-05 4.237113807713481636e-04
3.712615688206408529e-05 4.246608260128286014e-04
3.742465704433922376e-05 4.256131931172429874e-04
3.772555719504195264e-05 4.265685032710651750e-04
3.802887663045811391e-05 4.275267778457097307e-04
3.833463480201874691e-05 4.284880383994106394e-04
3.864285131754740870e-05 4.294523066791241877e-04
3.895354594251772669e-05 4.304196046224532056e-04
3.926673860132078346e-05 4.313899543595951075e-04
3.958244937854296425e-05 4.323633782153131337e-04
3.990069852025390784e-05 4.333398987109304693e-04
4.022150643530477765e-05 4.343195385663489207e-04
4.054489369663721903e-05 4.353023207020932867e-04
4.087088104260247414e-05 4.362882682413760050e-04
4.119948937829150153e-05 4.372774045121917224e-04
4.153073977687540917e-05 4.382697530494337112e-04
4.186465348095696663e-05 4.392653375970369039e-04
4.220125190393285772e-05 4.402641821101472186e-04
4.254055663136677509e-05 4.412663107573158760e-04
4.288258942237382443e-05 4.422717479227223931e-04
4.322737221101575713e-05 4.432805182084211589e-04
4.357492710770772263e-05 4.442926464366195598e-04
4.392527640063607279e-05 4.453081576519793612e-04
4.427844255718765885e-05 4.463270771239501275e-04
4.463444822539071582e-05 4.473494303491279585e-04
4.499331623536717155e-05 4.483752430536445282e-04
4.535506960079673986e-05 4.494045411955849105e-04
4.571973152039280426e-05 4.504373509674350568e-04
4.608732537938998401e-05 4.514736987985591438e-04
4.645787475104394483e-05 4.525136113577071708e-04
4.683140339814298008e-05 4.535571155555535102e-04
4.720793527453201948e-05 4.546042385472667379e-04
4.758749452664868613e-05 4.556550077351105262e-04
4.797010549507170658e-05 4.567094507710771161e-04
4.835579271608197229e-05 4.577675955595533167e-04
4.874458092323587954e-05 4.588294702600188130e-04
4.913649504895160533e-05 4.598951032897779763e-04
4.953156022610787193e-05 4.609645233267266394e-04
4.992980178965564046e-05 4.620377593121506934e-04
5.033124527824301829e-05 4.631148404535623611e-04
5.073591643585272955e-05 4.641957962275694289e-04
5.114384121345328049e-05 4.652806563827812346e-04
5.155504577066306079e-05 4.663694509427504867e-04
5.196955647742783466e-05 4.674622102089516767e-04
5.238739991571201492e-05 4.685589647637976004e-04
5.280860288120307628e-05 4.696597454736914411e-04
5.323319238503015129e-05 4.707645834921201072e-04
5.366119565549609753e-05 4.718735102627840522e-04
5.409264013982357128e-05 4.729865575227661816e-04
5.452755350591529759e-05 4.741037573057425543e-04
5.496596364412825188e-05 4.752251419452319537e-04
5.540789866906233605e-05 4.763507440778862244e-04
5.585338692136320338e-05 4.774805966468240312e-04
5.630245696953984898e-05 4.786147329050031074e-04
5.675513761179657937e-05 4.797531864186400995e-04
5.721145787787973409e-05 4.808959910706685757e-04
5.767144703093949796e-05 4.820431810642451190e-04
5.813513456940630269e-05 4.831947909262967284e-04
5.860255022888269193e-05 4.843508555111158162e-04
5.907372398405016180e-05 4.855114100039992784e-04
5.954868605059127518e-05 4.866764899249342944e-04
6.002746688712759179e-05 4.878461311323322651e-04
6.051009719717265510e-05 4.890203698268081245e-04
6.099660793110120839e-05 4.901992425550118562e-04
6.148703028813388787e-05 4.913827862135040827e-04
6.198139571833790088e-05 4.925710380526851593e-04
6.247973592464409599e-05 4.937640356807750097e-04
6.298208286487972686e-05 4.949618170678398528e-04
6.348846875381816354e-05 4.961644205498762835e-04
6.399892606524462289e-05 4.973718848329443604e-04
6.451348753403856858e-05 4.985842489973546857e-04
6.503218615827318727e-05 4.998015525019108883e-04
6.555505520133131760e-05 5.010238351882066428e-04
6.608212819403867214e-05 5.022511372849764637e-04
6.661343893681410846e-05 5.034834994125066739e-04
6.714902150183713904e-05 5.047209625870996072e-04
6.768891023523304585e-05 5.059635682255990679e-04
6.823313975927528799e-05 5.072113581499736873e-04
6.878174497460600193e-05 5.084643745919593689e-04
6.933476106247382198e-05 5.097226601977646173e-04
6.989222348699032172e-05 5.109862580328338724e-04
7.045416799740411465e-05 5.122552115866769789e-04
7.102063063039333179e-05 5.135295647777603483e-04
7.159164771237673422e-05 5.148093619584617623e-04
7.216725586184324340e-05 5.160946479200918553e-04
7.274749199170018753e-05 5.173854678979809742e-04
7.333239331164050794e-05 5.186818675766331505e-04
7.392199733052902031e-05 5.199838930949482680e-04
7.451634185880754097e-05 5.212915910515137285e-04
7.511546501091996260e-05 5.226050085099649646e-04
7.571940520775631697e-05 5.239241930044202192e-04
7.632820117911662434e-05 5.252491925449827639e-04
7.694189196619467873e-05 5.265800556233205280e-04
7.756051692408143000e-05 5.279168312183182615e-04
7.818411572428920987e-05 5.292595688018052668e-04
7.881272835729545990e-05 5.306083183443593499e-04
7.944639513510739820e-05 5.319631303211898093e-04
8.008515669384720463e-05 5.333240557180979466e-04
8.072905399635769746e-05 5.346911460375168307e-04
8.137812833482959915e-05 5.360644533046353064e-04
8.203242133344934778e-05 5.374440300736011474e-04
8.269197495106834865e-05 5.388299294338093218e-04
8.335683148389390980e-05 5.402222050162748231e-04
8.402703356820130599e-05 5.416209110000919135e-04
8.470262418306839412e-05 5.430261021189805365e-04
8.538364665313151957e-05 5.444378336679214173e-04
8.607014465136400116e-05 5.458561615098809355e-04
8.676216220187674729e-05 5.472811420826288048e-04
8.745974368274132870e-05 5.487128324056451999e-04
8.816293382883618531e-05 5.501512900871271964e-04
8.887177773471519483e-05 5.515965733310856326e-04
8.958632085749953806e-05 5.530487409445423693e-04
9.030660901979291528e-05 5.545078523448245846e-04
9.103268841261980189e-05 5.559739675669591414e-04
9.176460559838796305e-05 5.574471472711694121e-04
9.250240751387425167e-05 5.589274527504740171e-04
9.324614147323461106e-05 5.604149459383904073e-04
9.399585517103832316e-05 5.619096894167464320e-04
9.475159668532628541e-05 5.634117464235943642e-04
9.551341448069473915e-05 5.649211808612438629e-04
9.628135741140278286e-05 5.664380573043948991e-04
9.705547472450548596e-05 5.679624410083924371e-04
9.783581606301212919e-05 5.694943979175919220e-04
9.862243146906934075e-05 5.710339946738391499e-04
9.941537138717075498e-05 5.725812986250738458e-04
1.002146866673916617e-04 5.741363778340480587e-04
1.010204285686499474e-04 5.756993010871686977e-04
1.018326487619933426e-04 5.772701379034632331e-04
1.026513993339127833e-04 5.788489585436705151e-04
1.034767327896830152e-04 5.804358340194609375e-04
1.043087020567293931e-04 5.820308361027834530e-04
1.051473604880222740e-04 5.836340373353475714e-04
1.059927618654979734e-04 5.852455110382330777e-04
1.068449604035083577e-04 5.868653313216438397e-04
1.077040107522972163e-04 5.884935730947913951e-04
1.085699680015048233e-04 5.901303120759231712e-04
1.094428876837010272e-04 5.917756248024919757e-04
1.103228257779459876e-04 5.934295886414675189e-04
1.112098387133806597e-04 5.950922817997984218e-04
1.121039833728450480e-04 5.967637833350205928e-04
1.130053170965262215e-04 5.984441731660156572e-04
1.139138976856354801e-04 6.001335320839280060e-04
1.148297834061147134e-04 6.018319417632309216e-04
1.157530329923734422e-04 6.035394847729594553e-04
1.166837056510550521e-04 6.052562445880955251e-04
1.176218610648336834e-04 6.069823056011241016e-04
1.185675593962416679e-04 6.087177531337512656e-04
1.195208612915273099e-04 6.104626734487927009e-04
1.204818278845446106e-04 6.122171537622339262e-04
1.214505208006733637e-04 6.139812822554631313e-04
1.224270021607711131e-04 6.157551480876844244e-04
1.234113345851569450e-04 6.175388414085079131e-04
1.244035811976269802e-04 6.193324533707210639e-04
1.254038056295028931e-04 6.211360761432542423e-04
1.264120720237121170e-04 6.229498029243227611e-04
1.274284450389013613e-04 6.247737279547715657e-04
1.284529898535832239e-04 6.266079465316085713e-04
1.294857721703153572e-04 6.284525550217365166e-04
1.305268582199148428e-04 6.303076508758897328e-04
1.315763147657047951e-04 6.321733326427710553e-04
1.326342091077959838e-04 6.340496999833996131e-04
1.337006090874028530e-04 6.359368536856668938e-04
1.347755830911935300e-04 6.378348956791108412e-04
1.358592000556761009e-04 6.397439290499060344e-04
1.369515294716189572e-04 6.416640580560745025e-04
1.380526413885072457e-04 6.435953881429255221e-04
1.391626064190351251e-04 6.455380259587197370e-04
1.402814957436336379e-04 6.474920793705700667e-04
1.414093811150360965e-04 6.494576574805770207e-04
1.425463348628789218e-04 6.514348706422054634e-04
1.436924298983402665e-04 6.534238304769040238e-04
1.448477397188158817e-04 6.554246498909778841e-04
1.460123384126316550e-04 6.574374430927052955e-04
1.471863006637957774e-04 6.594623256097214593e-04
1.483697017567875561e-04 6.614994143066554606e-04
1.495626175813853122e-04 6.635488274030366257e-04
1.507651246375333372e-04 6.656106844914691121e-04
1.519773000402471763e-04 6.676851065560809092e-04
1.531992215245596498e-04 6.697722159912524549e-04
1.544309674505053647e-04 6.718721366206277957e-04
1.556726168081459913e-04 6.739849937164168548e-04
1.569242492226359271e-04 6.761109140189854472e-04
1.581859449593279402e-04 6.782500257567484385e-04
1.594577849289213138e-04 6.804024586663643109e-04
1.607398506926500242e-04 6.825683440132372095e-04
1.620322244675131767e-04 6.847478146123330825e-04
1.633349891315477782e-04 6.869410048493151174e-04
1.646482282291427649e-04 6.891480507020004281e-04
1.659720259763977526e-04 6.913690897621519761e-04
1.673064672665227704e-04 6.936042612575998726e-04
1.686516376752829880e-04 6.958537060747064813e-04
1.700076234664855653e-04 6.981175667811780321e-04
1.713745115975129590e-04 7.003959876492294682e-04
1.727523897248984326e-04 7.026891146791055609e-04
1.741413462099476717e-04 7.049970956229704381e-04
1.755414701244052851e-04 7.073200800091656313e-04
1.769528512561664366e-04 7.096582191668449925e-04
1.783755801150354757e-04 7.120116662509981889e-04
1.798097479385297537e-04 7.143805762678585468e-04
1.812554466977307375e-04 7.167651061007130264e-04
1.827127691031819336e-04 7.191654145361148697e-04
1.841818086108339212e-04 7.215816622905067267e-04
1.856626594280382284e-04 7.240140120372635848e-04
1.871554165195882626e-04 7.264626284341610309e-04
1.886601756138093556e-04 7.289276781512748094e-04
1.901770332086978957e-04 7.314093298993257697e-04
1.917060865781087880e-04 7.339077544584666265e-04
1.932474337779947131e-04 7.364231247075305907e-04
1.948011736526934149e-04 7.389556156537413273e-04
1.963674058412668145e-04 7.415054044628980115e-04
1.979462307838907010e-04 7.440726704900353736e-04
1.995377497282952448e-04 7.466575953105788989e-04
2.011420647362589353e-04 7.492603627519986518e-04
2.027592786901527978e-04 7.518811589259609667e-04
2.043894952995384414e-04 7.545201722610065179e-04
2.060328191078188533e-04 7.571775935357467468e-04
2.076893554989419938e-04 7.598536159125954519e-04
2.093592107041598481e-04 7.625484349720443224e-04
2.110424918088404142e-04 7.652622487474951014e-04
2.127393067593347687e-04 7.679952577606481614e-04
2.144497643699000227e-04 7.707476650574705867e-04
2.161739743296764340e-04 7.735196762447444111e-04
2.179120472097229304e-04 7.763114995272116020e-04
2.196640944701069517e-04 7.791233457453208833e-04
2.214302284670524319e-04 7.819554284135921216e-04
2.232105624601454070e-04 7.848079637596087899e-04
2.250052106195961365e-04 7.876811707636430628e-04
2.268142880335620492e-04 7.905752711989397826e-04
2.286379107155273916e-04 7.934904896726530056e-04
2.304761956117429972e-04 7.964270536674611508e-04
2.323292606087263895e-04 7.993851935838686661e-04
2.341972245408205150e-04 8.023651427831988720e-04
2.360802071978159551e-04 8.053671376313110541e-04
2.379783293326318753e-04 8.083914175430271642e-04
2.398917126690598852e-04 8.114382250273079232e-04
2.418204799095704019e-04 8.145078057331716021e-04
2.437647547431804620e-04 8.176004084963821522e-04
2.457246618533868825e-04 8.207162853869165529e-04
2.477003269261612221e-04 8.238556917572227578e-04
2.496918766580102553e-04 8.270188862912881923e-04
2.516994387641008748e-04 8.302061310545293159e-04
2.537231419864491517e-04 8.334176915445224180e-04
2.557631161021782702e-04 8.366538367425847529e-04
2.578194919318396163e-04 8.399148391662308432e-04
2.598924013478024430e-04 8.432009749225074201e-04
2.619819772827109718e-04 8.465125237622395278e-04
2.640883537380081200e-04 8.498497691351896343e-04
2.662116657925302416e-04 8.532129982461590222e-04
2.683520496111686565e-04 8.566025021120390491e-04
2.705096424536019228e-04 8.600185756198382983e-04
2.726845826830983114e-04 8.634615175857015580e-04
2.748770097753878332e-04 8.669316308149336387e-04
2.770870643276082614e-04 8.704292221630586038e-04
2.793148880673201645e-04 8.739546025979235203e-04
2.815606238615960444e-04 8.775080872628702577e-04
2.838244157261826032e-04 8.810899955410008127e-04
2.861064088347350562e-04 8.847006511205454844e-04
2.884067495281284767e-04 8.883403820613672936e-04
2.907255853238415659e-04 8.920095208626190172e-04
2.930630649254167505e-04 8.957084045315707272e-04
2.954193382319960661e-04 8.994373746536374337e-04
2.977945563479347238e-04 9.031967774636298152e-04
3.001888715924908415e-04 9.069869639182434346e-04
3.026024375095931842e-04 9.108082897698221081e-04
3.050354088776883760e-04 9.146611156414081144e-04
3.074879417196653072e-04 9.185458071031143718e-04
3.099601933128623204e-04 9.224627347498412424e-04
3.124523221991520796e-04 9.264122742803572626e-04
3.149644881951091098e-04 9.303948065777832652e-04
3.174968524022584891e-04 9.344107177914975654e-04
3.200495772174062896e-04 9.384603994204898571e-04
3.226228263430553451e-04 9.425442483982023100e-04
3.252167647979021170e-04 9.466626671788742377e-04
3.278315589274195915e-04 9.508160638254306704e-04
3.304673764145247454e-04 9.550048520989367316e-04
3.331243862903307952e-04 9.592294515496542495e-04
3.358027589449888938e-04 9.634902876097363802e-04
3.385026661386132565e-04 9.677877916875791096e-04
3.412242810122969260e-04 9.721224012638754941e-04
3.439677780992147073e-04 9.764945599894039744e-04
3.467333333358148446e-04 9.809047177845801446e-04
3.495211240731032351e-04 9.853533309408116572e-04
3.523313290880157882e-04 9.898408622236959473e-04
3.551641285948828873e-04 9.943677809780887469e-04
3.580197042569872022e-04 9.989345632350880595e-04
3.608982391982117066e-04 1.003541691820969374e-03
3.637999180147852198e-04 1.008189656468117760e-03
3.667249267871193464e-04 1.012878953927983305e-03
3.696734530917413679e-04 1.017610088086118216e-03
3.726456860133237374e-04 1.022383570079325949e-03
3.756418161568086576e-04 1.027199918414968549e-03
3.786620356596331113e-04 1.032059659092481865e-03
3.817065382040490300e-04 1.036963325727133321e-03
3.847755190295442935e-04 1.041911459676078851e-03
3.878691749453635302e-04 1.046904610166758893e-03
3.909877043431273088e-04 1.051943334427684609e-03
3.941313072095577988e-04 1.057028197821666821e-03
3.973001851393010873e-04 1.062159773981532747e-03
4.004945413478562901e-04 1.067338644948382168e-03
4.037145806846077160e-04 1.072565401312443930e-03
4.069605096459597590e-04 1.077840642356573580e-03
4.102325363885815125e-04 1.083164976202465827e-03
4.135308707427545446e-04 1.088539019959615037e-03
4.168557242258286058e-04 1.093963399877106784e-03
4.202073100557870045e-04 1.099438751498275609e-03
4.235858431649180164e-04 1.104965719818309629e-03
4.269915402136006781e-04 1.110544959444852544e-03
4.304246196041971030e-04 1.116177134761670020e-03
4.338853014950591809e-04 1.121862920095444008e-03
4.373738078146467332e-04 1.127602999885765449e-03
4.408903622757586425e-04 1.133398068858382842e-03
4.444351903898808589e-04 1.139248832201797314e-03
4.480085194816470001e-04 1.145156005747245600e-03
4.516105787034167514e-04 1.151120316152174153e-03
4.552415990499712501e-04 1.157142501087257518e-03
4.589018133733248589e-04 1.163223309427044872e-03
4.625914563976601598e-04 1.169363501444318880e-03
4.663107647343789027e-04 1.175563849008236239e-03
4.700599768972761193e-04 1.181825135786337749e-03
4.738393333178342586e-04 1.188148157450508342e-03
4.776490763606441739e-04 1.194533721886985094e-03
4.814894503389455889e-04 1.200982649410481298e-03
4.853607015302954992e-04 1.207495772982533286e-03
4.892630781923617460e-04 1.214073938434152410e-03
4.931968305788417056e-04 1.220718004692886464e-03
4.971622109555131437e-04 1.227428844014374475e-03
5.011594736164101324e-04 1.234207342218511744e-03
5.051888749001311315e-04 1.241054398930299934e-03
5.092506732062775533e-04 1.247970927825520562e-03
5.133451290120231904e-04 1.254957856881309952e-03
5.174725048888206879e-04 1.262016128631752521e-03
5.216330655192384430e-04 1.269146700428624465e-03
5.258270777139342246e-04 1.276350544707360694e-03
5.300548104287660517e-04 1.283628649258410255e-03
5.343165347820382719e-04 1.290982017504062416e-03
5.386125240718904299e-04 1.298411668780886756e-03
5.429430537938220941e-04 1.305918638627912368e-03
5.473084016583597148e-04 1.313503979080667605e-03
5.517088476088670293e-04 1.321168758971221760e-03
5.561446738394950056e-04 1.328914064234352045e-03
5.606161648132816210e-04 1.336740998220000256e-03
5.651236072803921548e-04 1.344650682012133803e-03
5.696672902965083411e-04 1.352644254754169868e-03
5.742475052413659490e-04 1.360722873981125075e-03
5.788645458374380801e-04 1.368887715958616884e-03
5.835187081687745903e-04 1.377139976028907533e-03
5.882102906999872290e-04 1.385480868964121494e-03
5.929395942953902526e-04 1.393911629326830513e-03
5.977069222382953200e-04 1.402433511838154564e-03
6.025125802504579598e-04 1.411047791753561927e-03
6.073568765116864505e-04 1.419755765246557069e-03
6.122401216796029234e-04 1.428558749800423267e-03
6.171626289095660106e-04 1.437458084608216665e-03
6.221247138747530887e-04 1.446455130981215594e-03
6.271266947864023332e-04 1.455551272765994927e-03
6.321688924142220651e-04 1.464747916770368138e-03
6.372516301069589342e-04 1.474046493198373541e-03
6.423752338131349113e-04 1.483448456094530691e-03
6.475400321019500558e-04 1.492955283797592000e-03
6.527463561843505156e-04 1.502568479404010546e-03
6.579945399342731430e-04 1.512289571241353476e-03
6.632849199100528505e-04 1.522120113351905840e-03
6.686178353760067984e-04 1.532061685986696627e-03
6.739936283241916223e-04 1.542115896110214613e-03
6.794126434963320728e-04 1.552284377916053181e-03
6.848752284059326676e-04 1.562568793353766652e-03
6.903817333605606491e-04 1.572970832667194667e-03
6.959325114843116283e-04 1.583492214944534756e-03
7.015279187404552079e-04 1.594134688680459320e-03
7.071683139542599313e-04 1.604900032350553693e-03
7.128540588360080758e-04 1.615790054998400343e-03
7.185855180041890141e-04 1.626806596835592839e-03
7.243630590088823108e-04 1.637951529855007429e-03
7.301870523553291451e-04 1.649226758457676169e-03
7.360578715276890234e-04 1.660634220093562324e-03
7.419758930129951181e-04 1.672175885916613427e-03
7.479414963252950044e-04 1.683853761454434141e-03
7.539550640299893733e-04 1.695669887292935432e-03
7.600169817683658999e-04 1.707626339776346230e-03
7.661276382823264258e-04 1.719725231722964024e-03
7.722874254393218745e-04 1.731968713157043364e-03
7.784967382574778773e-04 1.744358972057221497e-03
7.847559749309290008e-04 1.756898235121906763e-03
7.910655368553534423e-04 1.769588768552048715e-03
7.974258286537124233e-04 1.782432878851728398e-03
8.038372582022016528e-04 1.795432913647043455e-03
8.103002366564048854e-04 1.808591262523732805e-03
8.168151784776626944e-04 1.821910357884000149e-03
8.233825014596477844e-04 1.835392675823084054e-03
8.300026267551625665e-04 1.849040737026032581e-03
8.366759789031434896e-04 1.862857107685219346e-03
8.434029858558867668e-04 1.876844400439127945e-03
8.501840790064940862e-04 1.891005275332971556e-03
8.570196932165328844e-04 1.905342440801695899e-03
8.639102668439287494e-04 1.919858654675957090e-03
8.708562417710733611e-04 1.934556725211670917e-03
8.778580634331630429e-04 1.949439512143740470e-03
8.849161808467633688e-04 1.964509927764628277e-03
8.920310466386022121e-04 1.979770938028354698e-03
8.992031170746001261e-04 1.995225563680699983e-03
9.064328520891268889e-04 2.010876881416186982e-03
9.137207153144966815e-04 2.026728025062635337e-03
9.210671741107023325e-04 2.042782186793990363e-03
9.284726995953819072e-04 2.059042618372159111e-03
9.359377666740360726e-04 2.075512632418688441e-03
9.434628540704798668e-04 2.092195603716994184e-03
9.510484443575436186e-04 2.109094970546063381e-03
9.586950239880199804e-04 2.126214236046386832e-03
9.664030833258566416e-04 2.143556969619041762e-03
9.741731166776068651e-04 2.161126808358814974e-03
9.820056223241262466e-04 2.178927458522287187e-03
9.899011025525266457e-04 2.196962697031811830e-03
9.978600636883895678e-04 2.215236373016403991e-03
1.005883016128229779e-03 2.233752409390510948e-03
1.013970474372234741e-03 2.252514804471738956e-03
1.022122957057252767e-03 2.271527633638572782e-03
1.030340986990055255e-03 2.290795051029231172e-03
1.038625091180862608e-03 2.310321291282756758e-03
1.046975800877138381e-03 2.330110671323529139e-03
1.055393651597661851e-03 2.350167592190436673e-03
1.063879183166867521e-03 2.370496540911900055e-03
1.072432939749463259e-03 2.391102092428063885e-03
1.081055469885327950e-03 2.411988911561484174e-03
1.089747326524685180e-03 2.433161755037651849e-03
1.098509067063567924e-03 2.454625473556786008e-03
1.107341253379560790e-03 2.476385013918332850e-03
1.116244451867832608e-03 2.498445421199654327e-03
1.125219233477460241e-03 2.520811840990485990e-03
1.134266173748037319e-03 2.543489521684710528e-03
1.143385852846590892e-03 2.566483816831134461e-03
1.152578855604780191e-03 2.589800187544910766e-03
1.161845771556404595e-03 2.613444204981413277e-03
1.171187194975208037e-03 2.637421552874305401e-03
1.180603724912987398e-03 2.661738030139714807e-03
1.190095965238012737e-03 2.686399553548388455e-03
1.199664524673749568e-03 2.711412160467859770e-03
1.209310016837895994e-03 2.736782011676627650e-03
1.219033060281734908e-03 2.762515394252473225e-03
1.228834278529795411e-03 2.788618724537103577e-03
1.238714300119845560e-03 2.815098551179374964e-03
1.248673758643195197e-03 2.841961558259388856e-03
1.258713292785328597e-03 2.869214568495888091e-03
1.268833546366863020e-03 2.896864546539440304e-03
1.279035168384831883e-03 2.924918602353910983e-03
1.289318813054310528e-03 2.953383994688954430e-03
1.299685139850365522e-03 2.982268134646172408e-03
1.310134813550348524e-03 3.011578589341818834e-03
1.320668504276522118e-03 3.041323085668908889e-03
1.331286887539041711e-03 3.071509514161845523e-03
1.341990644279269628e-03 3.102145932966517139e-03
1.352780460913443955e-03 3.133240571919261325e-03
1.363657029376699314e-03 3.164801836737872638e-03
1.374621047167434154e-03 3.196838313328176362e-03
1.385673217392047532e-03 3.229358772209701880e-03
1.396814248810024578e-03 3.262372173064131096e-03
1.408044855879387984e-03 3.295887669410270220e-03
1.419365758802516820e-03 3.329914613409590274e-03
1.430777683572327695e-03 3.364462560806249017e-03
1.442281362018837986e-03 3.399541276005961423e-03
1.453877531856093792e-03 3.435160737297915899e-03
1.465566936729477366e-03 3.471331142224315901e-03
1.477350326263398997e-03 3.508062913102215959e-03
1.489228456109364246e-03 3.545366702702390516e-03
1.501202087994439301e-03 3.583253400090308325e-03
1.513271989770094937e-03 3.621734136634302981e-03
1.525438935461449460e-03 3.660820292186311997e-03
1.537703705316905648e-03 3.700523501440725581e-03
1.550067085858183868e-03 3.740855660476983396e-03
1.562529869930766964e-03 3.781828933492010353e-03
1.575092856754738060e-03 3.823455759728433719e-03
1.587756851976037959e-03 3.865748860605063356e-03
1.600522667718127373e-03 3.908721247056212711e-03
1.613391122634065273e-03 3.952386227086577414e-03
1.626363041959013548e-03 3.996757413548901808e-03
1.639439257563154746e-03 4.041848732151563997e-03
1.652620608005037637e-03 4.087674429703825815e-03
1.665907938585356463e-03 4.134249082606513206e-03
1.679302101401152587e-03 4.181587605596273280e-03
1.692803955400465007e-03 4.229705260751959357e-03
1.706414366437410427e-03 4.278617666771738701e-03
1.720134207327708937e-03 4.328340808530107414e-03
1.733964357904657682e-03 4.378891046924220792e-03
1.747905705075548845e-03 4.430285129019200657e-03
1.761959142878552964e-03 4.482540198502776851e-03
1.776125572540048067e-03 4.535673806459406682e-03
1.790405902532413510e-03 4.589703922475117659e-03
1.804801048632291962e-03 4.644648946084178366e-03
1.819311933979310446e-03 4.700527718569326788e-03
1.833939489135288838e-03 4.757359535127891718e-03
1.848684652143909148e-03 4.815164157416213994e-03
1.863548368590872912e-03 4.873961826485656394e-03
1.878531591664541270e-03 4.933773276123749538e-03
1.893635282217055998e-03 4.994619746614584015e-03
1.908860408825966424e-03 5.056522998933250281e-03
1.924207947856336432e-03 5.119505329389381111e-03
1.939678883523358877e-03 5.183589584735795106e-03
1.955274207955474790e-03 5.248799177758669068e-03
1.970994921257988516e-03 5.315158103366175377e-03
1.986842031577214316e-03 5.382690955193654078e-03
2.002816555165120617e-03 5.451422942743389469e-03
2.018919516444501409e-03 5.521379909078524134e-03
2.035151948074673690e-03 5.592588349090822988e-03
2.051514891017694030e-03 5.665075428363065824e-03
2.068009394605121575e-03 5.738869002647773235e-03
2.084636516605307532e-03 5.813997637984391446e-03
2.101397323291225461e-03 5.890490631478541295e-03
2.118292889508854946e-03 5.968378032767380700e-03
2.135324298746100850e-03 6.047690666196328668e-03
2.152492643202288079e-03 6.128460153733574119e-03
2.169799023858194533e-03 6.210718938649400882e-03
2.187244550546656955e-03 6.294500309988937045e-03
2.204830342023744900e-03 6.379838427867916967e-03
2.222557526040498058e-03 6.466768349622046066e-03
2.240427239415259016e-03 6.555326056842414664e-03
2.258440628106565904e-03 6.645548483329891988e-03
2.276598847286647430e-03 6.737473544003660594e-03
2.294903061415493831e-03 6.831140164799780895e-03
2.313354444315541061e-03 6.926588313597899400e-03
2.331954179246944342e-03 7.023859032214983637e-03
2.350703458983454102e-03 7.122994469507364090e-03
2.369603485888913813e-03 7.224037915623628126e-03
2.388655471994355871e-03 7.327033837452891912e-03
2.407860639075738891e-03 7.432027915314886289e-03
2.427220218732291726e-03 7.539067080940146937e-03
2.446735452465494988e-03 7.648199556790778904e-03
2.466407591758699655e-03 7.759474896774443478e-03
2.486237898157373644e-03 7.872944028406313535e-03
2.506227643350016250e-03 7.988659296476456617e-03
2.526378109249701430e-03 8.106674508282150221e-03
2.546690588076285042e-03 8.227044980487603631e-03
2.567166382439278662e-03 8.349827587676123680e-03
2.587806805421372612e-03 8.475080812662546051e-03
2.608613180662655052e-03 8.602864798637113036e-03
2.629586842445488532e-03 8.733241403214499210e-03
2.650729135780076524e-03 8.866274254465551438e-03
2.672041416490717348e-03 9.002028809012451241e-03
2.693525051302745471e-03 9.140572412271738903e-03
2.715181417930189692e-03 9.281974360933390941e-03
2.737011905164113499e-03 9.426305967767955457e-03
2.759017912961681841e-03 9.573640628858353860e-03
2.781200852535936543e-03 9.724053893356772102e-03
2.803562146446289018e-03 9.877623535872131696e-03
2.826103228689759786e-03 1.003442963159823301e-02
2.848825544792930094e-03 1.019455463429754134e-02
2.871730551904642069e-03 1.035808345726138557e-02
2.894819718889447401e-03 1.052510355737236794e-02
2.918094526421793726e-03 1.069570502240109640e-02
2.941556467080991624e-03 1.086998066167513266e-02
2.965207045446923220e-03 1.104802610026476770e-02
2.989047778196529236e-03 1.122993987683695849e-02
3.013080194201076673e-03 1.141582354533583754e-02
3.037305834624190199e-03 1.160578178065553058e-02
3.061726253020701470e-03 1.179992248847982692e-02
3.086343015436264318e-03 1.199835691946982835e-02
3.111157700507788740e-03 1.220119978799137292e-02
3.136171899564675885e-03 1.240856939558172313e-02
3.161387216730860133e-03 1.262058775936537175e-02
3.186805269027690769e-03 1.283738074563901127e-02
3.212427686477625517e-03 1.305907820885605919e-02
3.238256112208754995e-03 1.328581413625257515e-02
3.264292202560186741e-03 1.351772679836842073e-02
3.290537627188243677e-03 1.375495890572980481e-02
3.316994069173560301e-03 1.399765777197262487e-02
3.343663225129001135e-03 1.424597548369983639e-02
3.370546805308466919e-03 1.450006907738058543e-02
3.397646533716570331e-03 1.476010072361478090e-02
3.424964148219187751e-03 1.502623791910202324e-02
3.452501400654917844e-03 1.529865368667233938e-02
3.480260056947416178e-03 1.557752678375263697e-02
3.508241897218643181e-03 1.586304191966336763e-02
3.536448715903024124e-03 1.615538998215881178e-02
3.564882321862511156e-03 1.645476827364632244e-02
3.593544538502601183e-03 1.676138075754244131e-02
3.622437203889255792e-03 1.707543831524628922e-02
3.651562170866780484e-03 1.739715901423728381e-02
3.680921307176631546e-03 1.772676838782918582e-02
3.710516495577212154e-03 1.806449972714149060e-02
3.740349633964595247e-03 1.841059438587751979e-02
3.770422635494239533e-03 1.876530209853092407e-02
3.800737428703678672e-03 1.912888131267428612e-02
3.831295957636181911e-03 1.950159953601864407e-02
3.862100181965442535e-03 1.988373369897032325e-02
