2.497382406435652939e-25 9.768325619515944397e-18
1.592405960127358361e-24 3.089015920155193588e-17
1.015365822756892167e-23 9.768326876420302874e-17
6.474277161963938908e-23 3.089016721595150065e-16
4.128193389070159467e-22 9.768331986641967382e-16
2.632259977636328568e-21 3.089019980025807047e-15
1.678407946733001633e-20 9.768352763373603653e-15
1.070203270037972128e-19 3.089033227893325649e-14
6.823937180644061677e-19 9.768437235752100315e-14
4.351147109064984495e-18 3.089087090016611440e-13
1.915297948882004416e-17 7.759322488683919743e-13
8.060281057525431301e-17 1.949163039787816667e-12
3.231548868885900942e-16 4.896382250613372468e-12
4.345363206717196250e-16 6.163781780305984805e-12
1.185699981296668146e-15 1.229732179640797847e-11
3.167099671296256822e-15 2.454290871984140256e-11
8.312293945536222779e-15 4.898397135859626299e-11
2.151611673377367987e-14 9.773430848120292535e-11
5.516190296262407946e-14 1.950308160666369755e-10
7.219962673568143336e-14 2.455395918119563429e-10
1.345996703506809824e-13 3.892770603306517574e-10
2.502777173064534741e-13 6.169465998965407740e-10
3.411676113431318569e-13 7.768626451909397954e-10
4.161104603351930561e-13 9.006720410829545173e-10
5.668224300832851639e-13 1.192414995932578561e-09
1.051017683769589897e-12 1.890432911212288601e-09
1.946696275912857264e-12 3.094630240399093478e-09
3.604197434436283020e-12 4.906521065391501087e-09
4.678350727597027810e-12 5.964785761620009416e-09
6.363945126095426008e-12 7.510858710852283575e-09
8.659328086403540721e-12 9.798092857573101657e-09
1.177437263656969924e-11 1.233578754396143564e-08
1.601314678573479096e-11 1.553407705195085344e-08
2.068158225216417963e-11 1.881943995759334440e-08
2.812629084553211013e-11 2.462793118627416045e-08
3.823985723652250255e-11 3.101071367919697201e-08
4.915490723856361436e-11 3.744047090307774978e-08
6.683712298751739095e-11 4.918310976261355027e-08
9.088989403667837668e-11 6.194746997419662658e-08
1.198094057756214983e-10 7.622496704508910767e-08
1.235276287134856064e-10 8.111821537560480725e-08
1.679810496150610554e-10 1.052041443179145334e-07
2.145827771029579730e-10 1.264403182978826954e-07
2.389577941400671919e-10 1.370814666799720085e-07
2.718434103460653354e-10 1.558050328926489486e-07
3.695913600236930604e-10 2.029070399259184632e-07
4.805596579248377059e-10 2.471473550088626382e-07
6.228436556804378813e-10 3.112918511513913844e-07
6.449051117784316288e-10 3.195404339442749206e-07
6.519284217721749412e-10 3.221516175955882510e-07
6.901021772675798839e-10 3.362246542759246589e-07
7.517420508597271333e-10 3.585491157042282318e-07
7.842145311837404764e-10 3.701260768930860222e-07
8.123077711587138292e-10 3.800461204279264704e-07
8.948523203792971162e-10 4.248355205313744057e-07
1.780367769825735293e-09 1.571243743291283042e-06
2.831798589477310162e-09 2.360915204371286954e-06
4.352717025416528164e-09 3.331634749736530039e-06
6.442936706730940560e-09 4.497300351158025239e-06
9.210451352971400048e-09 5.875749191388290656e-06
1.726412223638507203e-08 9.359364509061765243e-06
2.961440629244172500e-08 1.399035730184682620e-05
4.760234259406434222e-08 2.000744564924680080e-05
7.280858902572716169e-08 2.762541866450402925e-05
1.069774052811704485e-07 3.692082460755834189e-05
1.786399553702715184e-07 5.352425790188030335e-05
3.179080611873818725e-07 7.810458603098302793e-05
4.169532575344421554e-07 9.195064971249766836e-05
4.437988271458211392e-07 9.546604737380116803e-05
8.192319285407806845e-07 1.258634192745901824e-04
1.312108146359069137e-06 1.505344155945727996e-04
1.322657702992546579e-06 1.510377128266686473e-04
1.333292079726769483e-06 1.515419168821334408e-04
1.344011958528737803e-06 1.520470254768543938e-04
1.354818026848574220e-06 1.525530363249534495e-04
1.365710977663608401e-06 1.530599471389996482e-04
1.376691509522817848e-06 1.535677556302216581e-04
1.387760326591623872e-06 1.540764595087208753e-04
1.398918138697048404e-06 1.545860564836845240e-04
1.410165661373235662e-06 1.550965442635986744e-04
1.421503615907336135e-06 1.556079205564614789e-04
1.432932729385763904e-06 1.561201830699970850e-04
1.444453734740822414e-06 1.566333295118687078e-04
1.456067370797705908e-06 1.571473575898925433e-04
1.467774382321880548e-06 1.576622650122514921e-04
1.479575520066844154e-06 1.581780494877088822e-04
1.491471540822270920e-06 1.586947087258223552e-04
1.503463207462543653e-06 1.592122404371579150e-04
1.515551288995676273e-06 1.597306423335035155e-04
1.527736560612627653e-06 1.602499121280833805e-04
1.540019803737014401e-06 1.607700475357717537e-04
1.552401806075223028e-06 1.612910462733067852e-04
1.564883361666922969e-06 1.618129060595044713e-04
1.577465270935988927e-06 1.623356246154727305e-04
1.590148340741828539e-06 1.628591996648248285e-04
1.602933384431127820e-06 1.633836289338934269e-04
1.615821221890007648e-06 1.639089101519442253e-04
1.628812679596603331e-06 1.644350410513894134e-04
1.641908590674064303e-06 1.649620193680013133e-04
1.655109794943982217e-06 1.654898428411257774e-04
1.668417138980246138e-06 1.660185092138952883e-04
1.681831476163333548e-06 1.665480162334423300e-04
1.695353666735035665e-06 1.670783616511121355e-04
1.708984577853623208e-06 1.676095432226756235e-04
1.722725083649456026e-06 1.681415587085422826e-04
1.736576065281040790e-06 1.686744058739722671e-04
1.750538410991536986e-06 1.692080824892890913e-04
1.764613016165719884e-06 1.697425863300914281e-04
1.778800783387399414e-06 1.702779151774652601e-04
1.793102622497301743e-06 1.708140668181954618e-04
1.807519450651415868e-06 1.713510390449772189e-04
1.822052192379810736e-06 1.718888296566274752e-04
1.836701779645921832e-06 1.724274364582956197e-04
1.851469151906318675e-06 1.729668572616744726e-04
1.866355256170949395e-06 1.735070898852105663e-04
1.881361047063871306e-06 1.740481321543145077e-04
1.896487486884471059e-06 1.745899819015707443e-04
1.911735545669172470e-06 1.751326369669473570e-04
1.927106201253647496e-06 1.756760951980052574e-04
1.942600439335519328e-06 1.762203544501072215e-04
1.958219253537576671e-06 1.767654125866265991e-04
1.973963645471492224e-06 1.773112674791558596e-04
1.989834624802054455e-06 1.778579170077144609e-04
2.005833209311916074e-06 1.784053590609566370e-04
2.021960424966863848e-06 1.789535915363787782e-04
2.038217305981609344e-06 1.795026123405264328e-04
2.054604894886116271e-06 1.800524193892010644e-04
2.071124242592451704e-06 1.806030106076663214e-04
2.087776408462183228e-06 1.811543839308539538e-04
2.104562460374312247e-06 1.817065373035692700e-04
2.121483474793754063e-06 1.822594686806965655e-04
2.138540536840374867e-06 1.828131760274037665e-04
2.155734740358574229e-06 1.833676573193466662e-04
2.173067187987432976e-06 1.839229105428733240e-04
2.190538991231425196e-06 1.844789336952272452e-04
2.208151270531696065e-06 1.850357247847507773e-04
2.225905155337913953e-06 1.855932818310878827e-04
2.243801784180702331e-06 1.861516028653863696e-04
2.261842304744648081e-06 1.867106859304999331e-04
2.280027873941906543e-06 1.872705290811896002e-04
2.298359657986386353e-06 1.878311303843247675e-04
2.316838832468542029e-06 1.883924879190838604e-04
2.335466582430760753e-06 1.889545997771545035e-04
2.354244102443356467e-06 1.895174640629332852e-04
2.373172596681178081e-06 1.900810788937250609e-04
2.392253279000830073e-06 1.906454423999417416e-04
2.411487373018515666e-06 1.912105527253007574e-04
2.430876112188505116e-06 1.917764080270229778e-04
2.450420739882237147e-06 1.923430064760302000e-04
2.470122509468050172e-06 1.929103462571421480e-04
2.489982684391566134e-06 1.934784255692729570e-04
2.510002538256704979e-06 1.940472426256274958e-04
2.530183354907366157e-06 1.946167956538968750e-04
2.550526428509755567e-06 1.951870828964534683e-04
2.571033063635379962e-06 1.957581026105458520e-04
2.591704575344706701e-06 1.963298530684929309e-04
2.612542289271497312e-06 1.969023325578777130e-04
2.633547541707817412e-06 1.974755393817405140e-04
2.654721679689732729e-06 1.980494718587719725e-04
2.676066061083690785e-06 1.986241283235051162e-04
2.697582054673600124e-06 1.991995071265076182e-04
2.719271040248607489e-06 1.997756066345728607e-04
2.741134408691583116e-06 2.003524252309110253e-04
2.763173562068314150e-06 2.009299613153395334e-04
2.785389913717418045e-06 2.015082133044731336e-04
2.807784888340978469e-06 2.020871796319132581e-04
2.830359922095909675e-06 2.026668587484373510e-04
2.853116462686050998e-06 2.032472491221871133e-04
2.876055969455012681e-06 2.038283492388570726e-04
2.899179913479755649e-06 2.044101576018818789e-04
2.922489777664933196e-06 2.049926727326237361e-04
2.945987056837985252e-06 2.055758931705590478e-04
2.969673257845001761e-06 2.061598174734648723e-04
2.993549899647350084e-06 2.067444442176047284e-04
3.017618513419090565e-06 2.073297719979138578e-04
3.041880642645162045e-06 2.079157994281843533e-04
3.066337843220366558e-06 2.085025251412497165e-04
3.090991683549147272e-06 2.090899477891686848e-04
3.115843744646164334e-06 2.096780660434091658e-04
3.140895620237687253e-06 2.102668785950313052e-04
3.166148916863795356e-06 2.108563841548703917e-04
3.191605253981404946e-06 2.114465814537188943e-04
3.217266264068120199e-06 2.120374692425089607e-04
3.243133592726923474e-06 2.126290462924933981e-04
3.269208898791705029e-06 2.132213113954270869e-04
3.295493854433641040e-06 2.138142633637478526e-04
3.321990145268428824e-06 2.144079010307563087e-04
3.348699470464382212e-06 2.150022232507963209e-04
3.375623542851395146e-06 2.155972288994341185e-04
3.402764089030783210e-06 2.161929168736377832e-04
3.430122849486013289e-06 2.167892860919557905e-04
3.457701578694310742e-06 2.173863354946956592e-04
3.485502045239175876e-06 2.179840640441018144e-04
3.513526031923798688e-06 2.185824707245333969e-04
3.541775335885390530e-06 2.191815545426415573e-04
3.570251768710426748e-06 2.197813145275465607e-04
3.598957156550824455e-06 2.203817497310143754e-04
3.627893340241053727e-06 2.209828592276331005e-04
3.657062175416180964e-06 2.215846421149889045e-04
3.686465532630871933e-06 2.221870975138419370e-04
3.716105297479347308e-06 2.227902245683015085e-04
3.745983370716303397e-06 2.233940224460013795e-04
3.776101668378806111e-06 2.239984903382746145e-04
3.806462121909158603e-06 2.246036274603281115e-04
3.837066678278765856e-06 2.252094330514168067e-04
3.867917300112992847e-06 2.258159063750178239e-04
3.899015965817017127e-06 2.264230467190043810e-04
3.930364669702713085e-06 2.270308533958190721e-04
3.961965422116531898e-06 2.276393257426474216e-04
3.993820249568430114e-06 2.282484631215908686e-04
4.025931194861823137e-06 2.288582649198396427e-04
4.058300317224589041e-06 2.294687305498455858e-04
4.090929692441121848e-06 2.300798594494944866e-04
4.123821412985452925e-06 2.306916510822786578e-04
4.156977588155432011e-06 2.313041049374687554e-04
4.190400344207996688e-06 2.319172205302860040e-04
4.224091824495527741e-06 2.325309974020741517e-04
4.258054189603296349e-06 2.331454351204708547e-04
4.292289617488020888e-06 2.337605332795795782e-04
4.326800303617535888e-06 2.343762915001410083e-04
4.361588461111583307e-06 2.349927094297044375e-04
4.396656320883735443e-06 2.356097867427989873e-04
4.432006131784464728e-06 2.362275231411049392e-04
4.467640160745355324e-06 2.368459183536249842e-04
4.503560692924478537e-06 2.374649721368551479e-04
4.539770031852939685e-06 2.380846842749561481e-04
4.576270499582594713e-06 2.387050545799240754e-04
4.613064436834964515e-06 2.393260828917618329e-04
4.650154203151339336e-06 2.399477690786502772e-04
4.687542177044098667e-06 2.405701130371186826e-04
4.725230756149229692e-06 2.411931146922166136e-04
4.763222357380097650e-06 2.418167739976847142e-04
4.801519417082427450e-06 2.424410909361258222e-04
4.840124391190552455e-06 2.430660655191766524e-04
4.879039755384905857e-06 2.436916977876790193e-04
4.918268005250779215e-06 2.443179878118511682e-04
4.957811656438365095e-06 2.449449356914597297e-04
4.997673244824082966e-06 2.455725415559912943e-04
5.037855326673193431e-06 2.462008055648242321e-04
5.078360478803741458e-06 2.468297279074012970e-04
5.119191298751789631e-06 2.474593088034011479e-04
5.160350404938002431e-06 2.480895485029114959e-04
5.201840436835558660e-06 2.487204472866014920e-04
5.243664055139421653e-06 2.493520054658944951e-04
5.285823941936957130e-06 2.499842233831417069e-04
5.328322800879941867e-06 2.506171014117953189e-04
5.371163357357936096e-06 2.512506399565823099e-04
5.414348358673064516e-06 2.518848394536784066e-04
5.457880574216192373e-06 2.525197003708825314e-04
5.501762795644526243e-06 2.531552232077916844e-04
5.545997837060638685e-06 2.537914084959757167e-04
5.590588535192927756e-06 2.544282567991526457e-04
5.635537749577538521e-06 2.550657687133650012e-04
5.680848362741737208e-06 2.557039448671556822e-04
5.726523280388761754e-06 2.563427859217445740e-04
5.772565431584167360e-06 2.569822925712058150e-04
5.818977768943656888e-06 2.576224655426456603e-04
5.865763268822428307e-06 2.582633055963798026e-04
5.912924931506047636e-06 2.589048135261125369e-04
5.960465781402846545e-06 2.595469901591159791e-04
6.008388867237881048e-06 2.601898363564092843e-04
6.056697262248436019e-06 2.608333530129391671e-04
6.105394064381111130e-06 2.614775410577604205e-04
6.154482396490482257e-06 2.621224014542178999e-04
6.203965406539373108e-06 2.627679352001278013e-04
6.253846267800720115e-06 2.634141433279613251e-04
6.304128179061083109e-06 2.640610269050270935e-04
6.354814364825763665e-06 2.647085870336558983e-04
6.405908075525598037e-06 2.653568248513852863e-04
6.457412587725397558e-06 2.660057415311449579e-04
6.509331204334075500e-06 2.666553382814432498e-04
6.561667254816451045e-06 2.673056163465541602e-04
6.614424095406767658e-06 2.679565770067051864e-04
6.667605109323920771e-06 2.686082215782662473e-04
6.721213706988421037e-06 2.692605514139388223e-04
6.775253326241098239e-06 2.699135679029468255e-04
6.829727432563561937e-06 2.705672724712279123e-04
6.884639519300448523e-06 2.712216665816252217e-04
6.939993107883429241e-06 2.718767517340815558e-04
6.995791748057045266e-06 2.725325294658324771e-04
7.052039018106343577e-06 2.731890013516023318e-04
7.108738525086346648e-06 2.738461690038001650e-04
7.165893905053370372e-06 2.745040340727168291e-04
7.223508823298200372e-06 2.751625982467235010e-04
7.281586974581132634e-06 2.758218632524710666e-04
7.340132083368920808e-06 2.764818308550905904e-04
7.399147904073623407e-06 2.771425028583952475e-04
7.458638221293357674e-06 2.778038811050828529e-04
7.518606850055016026e-06 2.784659674769401796e-04
7.579057636058901877e-06 2.791287638950481977e-04
7.639994455925358524e-06 2.797922723199887775e-04
7.701421217443370779e-06 2.804564947520520979e-04
7.763341859821158816e-06 2.811214332314462220e-04
7.825760353938804905e-06 2.817870898385077582e-04
7.888680702602890994e-06 2.824534666939130623e-04
7.952106940803197125e-06 2.831205659588922050e-04
8.016043135971453063e-06 2.837883898354429395e-04
8.080493388242187172e-06 2.844569405665476496e-04
8.145461830715657300e-06 2.851262204363904621e-04
8.210952629722897552e-06 2.857962317705762547e-04
8.276969985092901282e-06 2.864669769363518883e-04
8.343518130421948771e-06 2.871384583428278174e-04
8.410601333345105003e-06 2.878106784412025202e-04
8.478223895809894317e-06 2.884836397249876871e-04
8.546390154352177343e-06 2.891573447302353615e-04
8.615104480374248858e-06 2.898317960357666518e-04
8.684371280425166731e-06 2.905069962634028837e-04
8.754194996483340748e-06 2.911829480781973479e-04
8.824580106241381320e-06 2.918596541886695969e-04
8.895531123393269065e-06 2.925371173470415836e-04
8.967052597923780882e-06 2.932153403494751559e-04
9.039149116400301275e-06 2.938943260363120996e-04
9.111825302266932518e-06 2.945740772923153726e-04
9.185085816141000232e-06 2.952545970469130508e-04
9.258935356111932353e-06 2.959358882744437917e-04
9.333378658042535192e-06 2.966179539944043572e-04
9.408420495872697105e-06 2.973007972716992515e-04
9.484065681925536688e-06 2.979844212168926356e-04
9.560319067216015845e-06 2.986688289864621385e-04
9.637185541762014336e-06 2.993540237830547837e-04
9.714670034897940329e-06 3.000400088557456254e-04
9.792777515590810918e-06 3.007267875002977400e-04
9.871512992758939791e-06 3.014143630594255251e-04
9.950881515593125353e-06 3.021027389230594067e-04
1.003088817388045448e-05 3.027919185286133668e-04
1.011153809833072021e-05 3.034819053612552889e-04
1.019283646090540767e-05 3.041727029541782252e-04
1.027478847514941247e-05 3.048643148888761098e-04
1.035739939652534938e-05 3.055567447954205549e-04
1.044067452275056643e-05 3.062499963527407377e-04
1.052461919413691521e-05 3.069440732889055644e-04
1.060923879393318595e-05 3.076389793814091403e-04
1.069453874867034125e-05 3.083347184574579750e-04
1.078052452850951784e-05 3.090312943942619822e-04
1.086720164759279479e-05 3.097287111193268894e-04
1.095457566439684164e-05 3.104269726107506582e-04
1.104265218208933798e-05 3.111260828975221282e-04
1.113143684888833734e-05 3.118260460598228046e-04
1.122093535842445006e-05 3.125268662293313022e-04
1.131115345010596523e-05 3.132285475895308789e-04
1.140209690948694079e-05 3.139310943760201689e-04
1.149377156863817851e-05 3.146345108768266248e-04
1.158618330652126527e-05 3.153388014327232675e-04
1.167933804936557390e-05 3.160439704375488513e-04
1.177324177104827432e-05 3.167500223385304138e-04
1.186790049347747872e-05 3.174569616366100543e-04
1.196332028697836497e-05 3.181647928867745319e-04
1.205950727068250677e-05 3.188735206983876269e-04
1.215646761292024140e-05 3.195831497355272198e-04
1.225420753161627134e-05 3.202936847173245920e-04
1.235273329468839657e-05 3.210051304183080098e-04
1.245205122044944356e-05 3.217174916687489099e-04
1.255216767801249769e-05 3.224307733550131269e-04
1.265308908769930187e-05 3.231449804199140177e-04
1.275482192145200775e-05 3.238601178630710073e-04
1.285737270324820321e-05 3.245761907412701946e-04
1.296074800951927888e-05 3.252932041688303246e-04
1.306495446957218448e-05 3.260111633179713087e-04
1.316999876601452755e-05 3.267300734191874072e-04
1.327588763518314669e-05 3.274499397616245319e-04
1.338262786757609841e-05 3.281707676934602583e-04
1.349022630828809471e-05 3.288925626222899109e-04
1.359868985744951687e-05 3.296153300155150317e-04
1.370802547066885294e-05 3.303390754007368385e-04
1.381824015947880463e-05 3.310638043661538006e-04
1.392934099178590589e-05 3.317895225609635533e-04
1.404133509232374993e-05 3.325162356957690399e-04
1.415422964310993980e-05 3.332439495429893156e-04
1.426803188390661341e-05 3.339726699372743096e-04
1.438274911268474971e-05 3.347024027759246275e-04
1.449838868609217646e-05 3.354331540193160170e-04
1.461495801992530314e-05 3.361649296913277359e-04
1.473246458960474188e-05 3.368977358797769920e-04
1.485091593065464334e-05 3.376315787368565271e-04
1.497031963918598836e-05 3.383664644795783809e-04
1.509068337238365725e-05 3.391023993902218835e-04
1.521201484899752600e-05 3.398393898167871227e-04
1.533432184983744690e-05 3.405774421734528569e-04
1.545761221827218312e-05 3.413165629410399573e-04
1.558189386073244973e-05 3.420567586674804340e-04
1.570717474721788665e-05 3.427980359682900936e-04
1.583346291180820912e-05 3.435404015270492203e-04
1.596076645317840367e-05 3.442838620958860217e-04
1.608909353511805753e-05 3.450284244959666343e-04
1.621845238705495041e-05 3.457740956179920127e-04
1.634885130458271868e-05 3.465208824226971508e-04
1.648029864999291412e-05 3.472687919413596815e-04
1.661280285281122989e-05 3.480178312763117818e-04
1.674637241033805673e-05 3.487680076014587475e-04
1.688101588819344355e-05 3.495193281628035300e-04
1.701674192086635766e-05 3.502718002789771820e-04
1.715355921226843430e-05 3.510254313417754835e-04
1.729147653629213401e-05 3.517802288167018020e-04
1.743050273737337921e-05 3.525362002435154275e-04
1.757064673105878172e-05 3.532933532367878767e-04
1.771191750457732554e-05 3.540516954864635882e-04
1.785432411741675251e-05 3.548112347584290202e-04
1.799787570190452524e-05 3.555719788950867898e-04
1.814258146379342840e-05 3.563339358159376725e-04
1.828845068285198802e-05 3.570971135181686199e-04
1.843549271345950528e-05 3.578615200772475519e-04
1.858371698520598628e-05 3.586271636475261201e-04
1.873313300349683207e-05 3.593940524628481611e-04
1.888375035016237710e-05 3.601621948371663915e-04
1.903557868407242183e-05 3.609315991651653355e-04
1.918862774175556621e-05 3.617022739228921684e-04
1.934290733802366616e-05 3.624742276683953659e-04
1.949842736660121288e-05 3.632474690423700210e-04
1.965519780075978087e-05 3.640220067688108591e-04
1.981322869395764962e-05 3.647978496556736013e-04
1.997253018048446345e-05 3.655750065955436462e-04
2.013311247611118698e-05 3.663534865663125575e-04
2.029498587874516654e-05 3.671332986318633887e-04
2.045816076909056174e-05 3.679144519427630542e-04
2.062264761131404566e-05 3.686969557369632663e-04
2.078845695371581411e-05 3.694808193405102535e-04
2.095559942940609734e-05 3.702660521682627198e-04
2.112408575698696735e-05 3.710526637246179885e-04
2.129392674123978642e-05 3.718406636042472543e-04
2.146513327381805299e-05 3.726300614928394544e-04
2.163771633394586836e-05 3.734208671678539756e-04
2.181168698912204477e-05 3.742130904992826859e-04
2.198705639582981727e-05 3.750067414504203145e-04
2.216383580025231559e-05 3.758018300786456194e-04
2.234203653899376522e-05 3.765983665362101444e-04
2.252167003980646190e-05 3.773963610710376012e-04
2.270274782232364490e-05 3.781958240275327390e-04
2.288528149879822150e-05 3.789967658473992118e-04
2.306928277484743435e-05 3.797991970704692644e-04
2.325476345020356984e-05 3.806031283355405738e-04
2.344173541947057869e-05 3.814085703812258843e-04
2.363021067288695117e-05 3.822155340468111535e-04
2.382020129709453498e-05 3.830240302731254616e-04
2.401171947591373640e-05 3.838340701034201373e-04
2.420477749112478626e-05 3.846456646842600800e-04
2.439938772325534841e-05 3.854588252664240813e-04
2.459556265237450808e-05 3.862735632058182113e-04
2.479331485889305539e-05 3.870898899643984746e-04
2.499265702437028763e-05 3.879078171111059888e-04
2.519360193232722184e-05 3.887273563228132761e-04
2.539616246906642449e-05 3.895485193852816683e-04
2.560035162449835649e-05 3.903713181941309085e-04
2.580618249297439955e-05 3.911957647558207880e-04
2.601366827412661148e-05 3.920218711886444378e-04
2.622282227371414926e-05 3.928496497237339265e-04
2.643365790447659372e-05 3.936791127060781091e-04
2.664618868699407763e-05 3.945102725955541368e-04
2.686042825055428494e-05 3.953431419679694840e-04
2.707639033402659212e-05 3.961777335161189911e-04
2.729408878674298924e-05 3.970140600508537251e-04
2.751353756938632272e-05 3.978521345021636640e-04
2.773475075488553808e-05 3.986919699202735000e-04
2.795774252931811213e-05 3.995335794767520491e-04
2.818252719281986470e-05 4.003769764656352681e-04
2.840911916050192597e-05 4.012221743045637991e-04
2.863753296337523567e-05 4.020691865359342300e-04
2.886778324928233354e-05 4.029180268280648826e-04
2.909988478383671885e-05 4.037687089763749909e-04
2.933385245136978245e-05 4.046212469045815520e-04
2.956970125588525021e-05 4.054756546659075067e-04
2.980744632202143624e-05 4.063319464443069422e-04
3.004710289602113959e-05 4.071901365557065037e-04
3.028868634670931346e-05 4.080502394492598701e-04
3.053221216647876077e-05 4.089122697086204996e-04
3.077769597228348700e-05 4.097762420532281434e-04
3.102515350664033697e-05 4.106421713396134123e-04
3.127460063863846161e-05 4.115100725627180095e-04
3.152605336495696028e-05 4.123799608572304679e-04
3.177952781089080704e-05 4.132518514989414566e-04
3.203504023138484757e-05 4.141257599061129663e-04
3.229260701207629334e-05 4.150017016408673884e-04
3.255224467034544233e-05 4.158796924105926957e-04
3.281396985637491067e-05 4.167597480693660539e-04
3.307779935421748365e-05 4.176418846193954851e-04
3.334375008287229482e-05 4.185261182124793669e-04
3.361183909736999040e-05 4.194124651514849044e-04
3.388208358986625557e-05 4.203009418918450882e-04
3.415450089074450909e-05 4.211915650430756016e-04
3.442910846972715630e-05 4.220843513703094007e-04
3.470592393699590877e-05 4.229793177958527609e-04
3.498496504432115707e-05 4.238764814007596471e-04
3.526624968620027461e-05 4.247758594264273882e-04
3.554979590100527275e-05 4.256774692762117589e-04
3.583562187213952256e-05 4.265813285170641251e-04
3.612374592920375324e-05 4.274874548811879419e-04
3.641418654917168645e-05 4.283958662677177492e-04
3.670696235757472367e-05 4.293065807444195804e-04
3.700209212969656083e-05 4.302196165494124040e-04
3.729959479177710670e-05 4.311349920929135270e-04
3.759948942222620662e-05 4.320527259590043801e-04
3.790179525284718493e-05 4.329728369074210240e-04
3.820653167007002329e-05 4.338953438753666097e-04
3.851371821619474414e-05 4.348202659793473667e-04
3.882337459064451112e-05 4.357476225170336904e-04
3.913552065122892124e-05 4.366774329691434009e-04
3.945017641541758319e-05 4.376097170013515652e-04
3.976736206162362981e-05 4.385444944662226000e-04
4.008709793049786922e-05 4.394817854051714305e-04
4.040940452623318166e-05 4.404216100504452494e-04
4.073430251787931117e-05 4.413639888271362840e-04
4.106181274066851279e-05 4.423089423552161933e-04
4.139195619735152682e-05 4.432564914516009852e-04
4.172475405954457800e-05 4.442066571322403823e-04
4.206022766908698644e-05 4.451594606142362989e-04
4.239839853940985761e-05 4.461149233179876640e-04
4.273928835691569574e-05 4.470730668693644635e-04
4.308291898236904895e-05 4.480339131019103510e-04
4.342931245229851822e-05 4.489974840590743154e-04
4.377849098040980481e-05 4.499638019964712424e-04
4.413047695901039938e-05 4.509328893841722916e-04
4.448529296044543836e-05 4.519047689090278539e-04
4.484296173854524935e-05 4.528794634770170178e-04
4.520350623008458562e-05 4.538569962156325426e-04
4.556694955625346835e-05 4.548373904762950518e-04
4.593331502413993469e-05 4.558206698368002401e-04
4.630262612822474603e-05 4.568068581037977387e-04
4.667490655188790723e-05 4.577959793153042961e-04
4.705018016892760675e-05 4.587880577432504065e-04
4.742847104509108304e-05 4.597831178960588676e-04
4.780980343961803371e-05 4.607811845212611774e-04
4.819420180679627631e-05 4.617822826081471074e-04
4.858169079752989089e-05 4.627864373904491875e-04
4.897229526092021035e-05 4.637936743490650828e-04
4.936604024585917078e-05 4.648040192148149372e-04
4.976295100263583479e-05 4.658174979712379100e-04
5.016305298455557289e-05 4.668341368574236241e-04
5.056637184957225536e-05 4.678539623708848137e-04
5.097293346193387462e-05 4.688770012704664017e-04
5.138276389384096118e-05 4.699032805792953968e-04
5.179588942711870126e-05 4.709328275877712315e-04
5.221233655490234259e-05 4.719656698565949686e-04
5.263213198333601046e-05 4.730018352198407921e-04
5.305530263328557100e-05 4.740413517880699983e-04
5.348187564206479620e-05 4.750842479514859155e-04
5.391187836517581335e-05 4.761305523831333309e-04
5.434533837806331029e-05 4.771802940421403629e-04
5.478228347788282845e-05 4.782335021770063046e-04
5.522274168528351650e-05 4.792902063289330517e-04
5.566674124620489057e-05 4.803504363352026634e-04
5.611431063368835302e-05 4.814142223326025195e-04
5.656547854970297545e-05 4.824815947608963938e-04
5.702027392698625030e-05 4.835525843663432866e-04
5.747872593089945896e-05 4.846272222052656420e-04
5.794086396129791372e-05 4.857055396476667891e-04
5.840671765441649379e-05 4.867875683808983093e-04
5.887631688476999419e-05 4.878733404133775496e-04
5.934969176706910750e-05 4.889628880783582600e-04
5.982687265815154381e-05 4.900562440377525695e-04
6.030789015892870891e-05 4.911534412860063580e-04
6.079277511634827966e-05 4.922545131540287302e-04
6.128155862537212754e-05 4.933594933131772720e-04
6.177427203097063401e-05 4.944684157792967032e-04
6.227094693013266586e-05 4.955813149168173792e-04
6.277161517389183377e-05 4.966982254429082181e-04
6.327630886936914966e-05 4.978191824316901279e-04
6.378506038183185875e-05 4.989442213185068956e-04
6.429790233676911757e-05 5.000733779042586345e-04
6.481486762198421952e-05 5.012066883597938874e-04
6.533598938970346299e-05 5.023441892303651558e-04
6.586130105870239377e-05 5.034859174401473117e-04
6.639083631644870356e-05 5.046319102968204124e-04
6.692462912126269251e-05 5.057822054962156149e-04
6.746271370449492995e-05 5.069368411270306967e-04
6.800512457272139789e-05 5.080958556756091102e-04
6.855189650995644249e-05 5.092592880307891855e-04
6.910306457988331678e-05 5.104271774888220715e-04
6.965866412810292434e-05 5.115995637583602585e-04
7.021873078440023556e-05 5.127764869655172244e-04
7.078330046502944698e-05 5.139579876589989637e-04
7.135240937501707067e-05 5.151441068153115189e-04
7.192609401048372607e-05 5.163348858440405028e-04
7.250439116098459367e-05 5.175303665932096597e-04
7.308733791186869313e-05 5.187305913547134769e-04
7.367497164665714852e-05 5.199356028698307866e-04
7.426733004944048133e-05 5.211454443348193574e-04
7.486445110729525638e-05 5.223601594065862717e-04
7.546637311272001312e-05 5.235797922084464489e-04
7.607313466609114615e-05 5.248043873359625917e-04
7.668477467813817944e-05 5.260339898628689417e-04
7.730133237243898986e-05 5.272686453470832885e-04
7.792284728793530532e-05 5.285083998368075592e-04
7.854935928146797601e-05 5.297532998767134080e-04
7.918090853033333339e-05 5.310033925142247343e-04
7.981753553485948494e-05 5.322587253058869367e-04
8.045928112100353402e-05 5.335193463238325530e-04
8.110618644296980616e-05 5.347853041623425261e-04
8.175829298584872935e-05 5.360566479445015792e-04
8.241564256827757463e-05 5.373334273289559395e-04
8.307827734512206750e-05 5.386156925167672306e-04
8.374623981017960211e-05 5.399034942583693644e-04
8.441957279890458671e-05 5.411968838606308167e-04
8.509831949115498524e-05 5.424959131940171927e-04
8.578252341396180338e-05 5.438006346998660060e-04
8.647222844432027214e-05 5.451111013977659762e-04
8.716747881200354227e-05 5.464273668930478894e-04
8.786831910239916040e-05 5.477494853843880001e-04
8.857479425936806954e-05 5.490775116715242979e-04
8.928694958812713673e-05 5.504115011630905186e-04
9.000483075815427273e-05 5.517515098845660569e-04
9.072848380611717384e-05 5.530975944863465504e-04
9.145795513882568571e-05 5.544498122519363279e-04
9.219329153620754529e-05 5.558082211062640235e-04
9.293454015430867993e-05 5.571728796241249334e-04
9.368174852831699304e-05 5.585438470387518511e-04
9.443496457561086955e-05 5.599211832505139467e-04
9.519423659883196752e-05 5.613049488357496532e-04
9.595961328898260751e-05 5.626952050557349708e-04
9.673114372854873567e-05 5.640920138657861023e-04
9.750887739464709158e-05 5.654954379245041201e-04
9.829286416219824786e-05 5.669055406031598202e-04
9.908315430712518281e-05 5.683223859952219077e-04
9.987979850957687093e-05 5.697460389260325256e-04
1.006828478571789785e-04 5.711765649626330535e-04
1.014923538483097128e-04 5.726140304237390928e-04
1.023083683954022747e-04 5.740585023898703851e-04
1.031309438282741725e-04 5.755100487136381553e-04
1.039601328974826380e-04 5.769687380301913998e-04
1.047959887777079877e-04 5.784346397678252630e-04
1.056385650711632489e-04 5.799078241587554043e-04
1.064879158110318126e-04 5.813883622500582490e-04
1.073440954649320826e-04 5.828763259147843852e-04
1.082071589384110189e-04 5.843717878632438082e-04
1.090771615784648000e-04 5.858748216544702736e-04
1.099541591770880801e-04 5.873855017078618342e-04
1.108382079748521684e-04 5.889039033150085100e-04
1.117293646645110583e-04 5.904301026517028627e-04
1.126276863946378280e-04 5.919641767901422580e-04
1.135332307732889049e-04 5.935062037113231388e-04
1.144460558716986606e-04 5.950562623176303481e-04
1.153662202280034154e-04 5.966144324456291960e-04
1.162937828509950542e-04 5.981807948790564787e-04
1.172288032239058003e-04 5.997554313620218330e-04
1.181713413082222894e-04 6.013384246124180155e-04
1.191214575475310589e-04 6.029298583355457465e-04
1.200792128713946380e-04 6.045298172379551770e-04
1.210446686992586060e-04 6.061383870415116767e-04
1.220178869443908510e-04 6.077556544976856195e-04
1.229989300178516609e-04 6.093817074020720179e-04
1.239878608324960693e-04 6.110166346091460820e-04
1.249847428070084969e-04 6.126605260472537231e-04
1.259896398699692551e-04 6.143134727338470883e-04
1.270026164639549173e-04 6.159755667909664256e-04
1.280237375496703759e-04 6.176469014609729411e-04
1.290530686101148895e-04 6.193275711225367701e-04
1.300906756547814958e-04 6.210176713068871071e-04
1.311366252238895197e-04 6.227172987143252559e-04
1.321909843926526715e-04 6.244265512310103556e-04
1.332538207755797240e-04 6.261455279460175676e-04
1.343252025308108331e-04 6.278743291686775035e-04
1.354051983644884453e-04 6.296130564462012330e-04
1.364938775351628986e-04 6.313618125815940139e-04
1.375913098582345613e-04 6.331207016518644679e-04
1.386975657104305574e-04 6.348898290265387418e-04
1.398127160343179745e-04 6.366693013864748851e-04
1.409368323428534207e-04 6.384592267429958735e-04
1.420699867239687113e-04 6.402597144573344504e-04
1.432122518451942592e-04 6.420708752604081066e-04
1.443637009583188411e-04 6.438928212729186709e-04
1.455244079040871464e-04 6.457256660257925567e-04
1.466944471169352748e-04 6.475695244809584125e-04
1.478738936297635022e-04 6.494245130524777887e-04
1.490628230787489461e-04 6.512907496280290372e-04
1.502613117081952831e-04 6.531683535907529007e-04
1.514694363754225006e-04 6.550574458414686833e-04
1.526872745556957073e-04 6.569581488212630598e-04
1.539149043471929200e-04 6.588705865344634529e-04
1.551524044760143218e-04 6.607948845720022649e-04
1.563998543012301448e-04 6.627311701351759751e-04
1.576573338199701321e-04 6.646795720598113561e-04
1.589249236725536840e-04 6.666402208408432530e-04
1.602027051476607165e-04 6.686132486573108640e-04
1.614907601875453997e-04 6.705987893977868354e-04
1.627891713932902830e-04 6.725969786862387358e-04
1.640980220301038696e-04 6.746079539083380894e-04
1.654173960326600678e-04 6.766318542382226053e-04
1.667473780104804422e-04 6.786688206657170248e-04
1.680880532533609434e-04 6.807189960240313427e-04
1.694395077368406782e-04 6.827825250179344512e-04
1.708018281277159716e-04 6.848595542524193612e-04
1.721751017895972562e-04 6.869502322618652049e-04
1.735594167885127429e-04 6.890547095397118495e-04
1.749548618985552451e-04 6.911731385686487473e-04
1.763615266075752963e-04 6.933056738513355879e-04
1.777795011229199411e-04 6.954524719416597381e-04
1.792088763772172789e-04 6.976136914765455410e-04
1.806497440342083333e-04 6.997894932083206787e-04
1.821021964946250269e-04 7.019800400376582450e-04
1.835663269021158071e-04 7.041854970470959405e-04
1.850422291492187868e-04 7.064060315351564567e-04
1.865299978833825359e-04 7.086418130510636296e-04
1.880297285130364752e-04 7.108930134300885150e-04
1.895415172137086769e-04 7.131598068295150845e-04
1.910654609341937279e-04 7.154423697652548177e-04
1.926016574027700060e-04 7.177408811491134411e-04
1.941502051334660162e-04 7.200555223267280291e-04
1.957112034323792832e-04 7.223864771161858525e-04
1.972847524040437087e-04 7.247339318473375487e-04
1.988709529578496470e-04 7.270980754018195776e-04
2.004699068145148302e-04 7.294790992538048276e-04
2.020817165126072810e-04 7.318771975114840827e-04
2.037064854151216767e-04 7.342925669593084901e-04
2.053443177161074287e-04 7.367254071009957410e-04
2.069953184473505129e-04 7.391759202033232725e-04
2.086595934851091837e-04 7.416443113407183594e-04
2.103372495569030853e-04 7.441307884406682957e-04
2.120283942483583352e-04 7.466355623299631350e-04
2.137331360101065467e-04 7.491588467817864938e-04
2.154515841647392535e-04 7.517008585636769701e-04
2.171838489138192831e-04 7.542618174863719924e-04
2.189300413449467460e-04 7.568419464535588222e-04
2.206902734388841954e-04 7.594414715125456100e-04
2.224646580767370547e-04 7.620606219058759234e-04
2.242533090471925095e-04 7.646996301239026867e-04
2.260563410538171376e-04 7.673587319583445154e-04
2.278738697224115669e-04 7.700381665568421189e-04
2.297060116084267164e-04 7.727381764785399253e-04
2.315528842044376628e-04 7.754590077507083224e-04
2.334146059476781949e-04 7.782009099264348148e-04
2.352912962276364629e-04 7.809641361434000329e-04
2.371830753937101508e-04 7.837489431837677597e-04
2.390900647629259955e-04 7.865555915352077324e-04
2.410123866277183685e-04 7.893843454530782150e-04
2.429501642637722043e-04 7.922354730237898086e-04
2.449035219379285151e-04 7.951092462293814006e-04
2.468725849161528701e-04 7.980059410133223457e-04
2.488574794715694961e-04 8.009258373475867422e-04
2.508583328925582077e-04 8.038692193010029460e-04
2.528752734909175829e-04 8.068363751089260285e-04
2.549084306100936228e-04 8.098275972442497668e-04
2.569579346334731405e-04 8.128431824897911244e-04
2.590239169927468620e-04 8.158834320120783405e-04
2.611065101763367135e-04 8.189486514365675648e-04
2.632058477378924422e-04 8.220391509243280426e-04
2.653220643048565430e-04 8.251552452502132007e-04
2.674552955870965676e-04 8.282972538825684799e-04
2.696056783856096953e-04 8.314655010644962999e-04
2.717733506012943090e-04 8.346603158967112225e-04
2.739584512437939941e-04 8.378820324220350802e-04
2.761611204404117951e-04 8.411309897115488727e-04
2.783814994450958661e-04 8.444075319524475126e-04
2.806197306474991727e-04 8.477120085376430633e-04
2.828759575821094500e-04 8.510447741571354431e-04
2.851503249374546210e-04 8.544061888912100108e-04
2.874429785653814535e-04 8.577966183054866424e-04
2.897540654904077247e-04 8.612164335478721252e-04
2.920837339191522872e-04 8.646660114474566351e-04
2.944321332498385339e-04 8.681457346153905082e-04
2.967994140818752224e-04 8.716559915477958441e-04
2.991857282255134631e-04 8.751971767307528379e-04
3.015912287115835055e-04 8.787696907474060529e-04
3.040160698013073099e-04 8.823739403872474458e-04
3.064604069961915128e-04 8.860103387576124655e-04
3.089243970479996475e-04 8.896793053974534106e-04
3.114081979688033486e-04 8.933812663934269068e-04
3.139119690411170944e-04 8.971166544983640283e-04
3.164358708281115001e-04 9.008859092521653454e-04
3.189800651839106902e-04 9.046894771051820468e-04
3.215447152639715287e-04 9.085278115441414691e-04
3.241299855355458449e-04 9.124013732206652776e-04
3.267360417882289071e-04 9.163106300824628084e-04
3.293630511445901337e-04 9.202560575072324216e-04
3.320111820708909734e-04 9.242381384393582536e-04
3.346806043878883838e-04 9.282573635294512652e-04
3.373714892817240700e-04 9.323142312768100456e-04
3.400840093149044710e-04 9.364092481748700035e-04
3.428183384373651517e-04 9.405429288597011179e-04
3.455746519976270257e-04 9.447157962616352378e-04
3.483531267540408336e-04 9.489283817600977422e-04
3.511539408861215003e-04 9.531812253417091532e-04
3.539772740059762769e-04 9.574748757617453912e-04
3.568233071698218950e-04 9.618098907090297462e-04
3.596922228895955585e-04 9.661868369743370141e-04
3.625842051446597739e-04 9.706062906224028220e-04
3.654994393935988490e-04 9.750688371676121931e-04
3.684381125861145427e-04 9.795750717534639548e-04
3.714004131750136000e-04 9.841255993359001100e-04
3.743865311282927578e-04 9.887210348705883188e-04
3.773966579413219787e-04 9.933620035042626563e-04
3.804309866491229863e-04 9.980491407702088424e-04
3.834897118387510170e-04 1.002783092788011362e-03
3.865730296617710593e-04 1.007564516467640862e-03
3.896811378468380683e-04 1.012394079718018005e-03
3.928142357123768193e-04 1.017272461660137474e-03
3.959725241793624279e-04 1.022200352844881369e-03
3.991562057842078281e-04 1.027178455475625867e-03
4.023654846917499662e-04 1.032207483635769283e-03
4.056005667083434937e-04 1.037288163521292135e-03
4.088616592950590316e-04 1.042421233678486039e-03
4.121489715809857884e-04 1.047607445246969381e-03
4.154627143766448762e-04 1.052847562208128994e-03
4.188031001875071433e-04 1.058142361639119022e-03
4.221703432276207278e-04 1.063492633972557911e-03
4.255646594333490924e-04 1.068899183262068172e-03
4.289862664772169359e-04 1.074362827453799419e-03
4.324353837818715736e-04 1.079884398664100785e-03
4.359122325341525744e-04 1.085464743463476073e-03
4.394170356992768657e-04 1.091104723167004870e-03
4.429500180351369208e-04 1.096805214131374266e-03
4.465114061067133292e-04 1.102567108058705257e-03
4.501014283006059247e-04 1.108391312307339949e-03
4.537203148396784297e-04 1.114278750209766935e-03
4.573682977978227944e-04 1.120230361397873704e-03
4.610456111148421494e-04 1.126247102135712139e-03
4.647524906114512298e-04 1.132329945659973783e-03
4.684891740044017550e-04 1.138479882528373264e-03
4.722559009217254977e-04 1.144697920976145682e-03
4.760529129181015492e-04 1.150985087280868933e-03
4.798804534903455560e-04 1.157342426135829321e-03
4.837387680930275990e-04 1.163771001032164881e-03
4.876281041542102545e-04 1.170271894649993483e-03
4.915487110913171944e-04 1.176846209258790039e-03
4.955008403271279329e-04 1.183495067127238133e-03
4.994847453058995877e-04 1.190219610942816909e-03
5.035006815096219977e-04 1.197021004241380837e-03
5.075489064744005598e-04 1.203900431846998634e-03
5.116296798069714475e-04 1.210859100322325211e-03
5.157432632013505104e-04 1.217898238429787009e-03
5.198899204556131463e-04 1.225019097603881509e-03
5.240699174888146855e-04 1.232222952434881662e-03
5.282835223580408792e-04 1.239511101164255356e-03
5.325310052755991182e-04 1.246884866192122555e-03
5.368126386263462595e-04 1.254345594597073427e-03
5.411286969851557748e-04 1.261894658668690069e-03
5.454794571345271447e-04 1.269533456453116396e-03
5.498651980823348988e-04 1.277263412312028105e-03
5.542862010797206624e-04 1.285085977495395437e-03
5.587427496391302690e-04 1.293002630728389783e-03
5.632351295524927947e-04 1.301014878812841802e-03
5.677636289095509478e-04 1.309124257243669126e-03
5.723285381163343557e-04 1.317332330840655487e-03
5.769301499137822553e-04 1.325640694396050751e-03
5.815687593965185136e-04 1.334050973338401884e-03
5.862446640317723646e-04 1.342564824413099286e-03
5.909581636784580917e-04 1.351183936380089944e-03
5.957095606064027014e-04 1.359910030729257662e-03
6.004991595157301585e-04 1.368744862413956952e-03
6.053272675564021774e-04 1.377690220603239226e-03
6.101941943479127555e-04 1.386747929453279338e-03
6.151002519991475041e-04 1.395919848898579058e-03
6.200457551283958518e-04 1.405207875463495865e-03
6.250310208835283725e-04 1.414613943094695549e-03
6.300563689623345752e-04 1.424140024015124479e-03
6.351221216330235403e-04 1.433788129600133002e-03
6.402286037548929332e-04 1.443560311276396134e-03
6.453761427991601060e-04 1.453458661444294439e-03
6.505650688699625515e-04 1.463485314424429464e-03
6.557957147255278176e-04 1.473642447429014462e-03
6.610684157995101728e-04 1.483932281558833846e-03
6.663835102225057309e-04 1.494357082826570449e-03
6.717413388437326995e-04 1.504919163207241737e-03
6.771422452528911727e-04 1.515620881716577429e-03
6.825865758021972636e-04 1.526464645518169679e-03
6.880746796285917930e-04 1.537452911060243222e-03
6.936069086761334013e-04 1.548588185242956439e-03
6.991836177185657827e-04 1.559873026617140598e-03
7.048051643820698849e-04 1.571310046615427905e-03
7.104719091681982544e-04 1.582901910816746300e-03
7.161842154769905520e-04 1.594651340245220768e-03
7.219424496302821650e-04 1.606561112704502255e-03
7.277469808951933386e-04 1.618634064148623351e-03
7.335981815078103201e-04 1.630873090090506150e-03
7.394964266970567796e-04 1.643281147049283249e-03
7.454420947087542085e-04 1.655861254037609099e-03
7.514355668298820269e-04 1.668616494090250637e-03
7.574772274130268847e-04 1.681550015835195540e-03
7.635674639010306972e-04 1.694665035108636631e-03
7.697066668518377395e-04 1.707964836615191804e-03
7.758952299635374404e-04 1.721452775634785184e-03
7.821335500996165349e-04 1.735132279777685735e-03
7.884220273144058313e-04 1.749006850789184327e-03
7.947610648787363377e-04 1.763080066405522343e-03
8.011510693058008451e-04 1.777355582262706360e-03
8.075924503772200988e-04 1.791837133859853874e-03
8.140856211693263530e-04 1.806528538578903217e-03
8.206309980796492373e-04 1.821433697762427171e-03
8.272290008536218242e-04 1.836556598851460864e-03
8.338800526114941054e-04 1.851901317585287910e-03
8.405845798754719815e-04 1.867472020265219853e-03
8.473430125970666952e-04 1.883272966084413710e-03
8.541557841846668516e-04 1.899308509525938961e-03
8.610233315313345435e-04 1.915583102831309222e-03
8.679460950428183157e-04 1.932101298541814838e-03
8.749245186658006438e-04 1.948867752115071572e-03
8.819590499163646380e-04 1.965887224619284473e-03
8.890501399086940667e-04 1.983164585507801465e-03
8.961982433840016060e-04 2.000704815476674753e-03
9.034038187396894320e-04 2.018513009407985666e-03
9.106673280587497489e-04 2.036594379401865038e-03
9.179892371393936481e-04 2.054954257900161192e-03
9.253700155249233728e-04 2.073598100904914046e-03
9.328101365338447313e-04 2.092531491294831111e-03
9.403100772902163017e-04 2.111760142243129020e-03
9.478703187542516888e-04 2.131289900740248201e-03
9.554913457531600878e-04 2.151126751224989499e-03
9.631736470122376258e-04 2.171276819327896956e-03
9.709177151862102362e-04 2.191746375730721334e-03
9.787240468908228654e-04 2.212541840146028862e-03
9.865931427346919230e-04 2.233669785421194421e-03
9.945255073514052552e-04 2.255136941771057439e-03
1.002521649431884279e-03 2.276950201143857020e-03
1.010582081757007301e-03 2.299116621725121393e-03
1.018707321230488379e-03 2.321643432584380613e-03
1.026897888912032229e-03 2.344538038469849879e-03
1.035154310050744562e-03 2.367808024756322752e-03
1.043477114118817163e-03 2.391461162551790712e-03
1.051866834845482501e-03 2.415505413968517100e-03
1.060324010251237651e-03 2.439948937564460907e-03
1.068849182682352073e-03 2.464800093961338773e-03
1.077442898845644252e-03 2.490067451645625735e-03
1.086105709843541555e-03 2.515759792959295239e-03
1.094838171209423046e-03 2.541886120287206556e-03
1.103640842943240299e-03 2.568455662448379008e-03
1.112514289547436586e-03 2.595477881298781462e-03
1.121459080063142745e-03 2.622962478553359650e-03
1.130475788106669911e-03 2.650919402835591118e-03
1.139564991906296277e-03 2.679358856963019384e-03
1.148727274339343338e-03 2.708291305477636066e-03
1.157963222969561135e-03 2.737727482430435139e-03
1.167273430084804714e-03 2.767678399429592245e-03
1.176658492735016331e-03 2.798155353962484843e-03
1.186119012770515133e-03 2.829169938001863983e-03
1.195655596880589337e-03 2.860734046907134186e-03
1.205268856632407161e-03 2.892859888632108231e-03
1.214959408510232416e-03 2.925559993250993925e-03
1.224727873954960375e-03 2.958847222815084652e-03
1.234574879403970002e-03 2.992734781552898720e-03
1.244501056331291915e-03 3.027236226427275356e-03
1.254507041288111359e-03 3.062365478063471674e-03
1.264593475943584511e-03 3.098136832062750763e-03
1.274761007125988941e-03 3.134564970716881283e-03
1.285010286864204541e-03 3.171664975139369680e-03
1.295341972429523173e-03 3.209452337830081409e-03
1.305756726377804407e-03 3.247942975690659533e-03
1.316255216591961496e-03 3.287153243508814798e-03
1.326838116324792136e-03 3.327099947930474595e-03
1.337506104242149442e-03 3.367800361939551033e-03
1.348259864466470719e-03 3.409272239866060691e-03
1.359100086620644490e-03 3.451533832944146500e-03
1.370027465872235978e-03 3.494603905442624295e-03
1.381042702978068845e-03 3.538501751391690507e-03
1.392146504329158652e-03 3.583247211930450527e-03
1.403339581996019278e-03 3.628860693301141135e-03
1.414622653774323668e-03 3.675363185517030191e-03
1.425996443230934715e-03 3.722776281732268280e-03
1.437461679750308245e-03 3.771122198343311409e-03
1.449019098581262903e-03 3.820423795852808009e-03
1.460669440884137084e-03 3.870704600528439895e-03
1.472413453778315161e-03 3.921988826890590238e-03
1.484251890390137938e-03 3.974301401064382622e-03
1.496185509901202994e-03 4.027667985033340885e-03
1.508215077597043841e-03 4.082115001833655499e-03
1.520341364916214357e-03 4.137669661729889703e-03
1.532565149499754862e-03 4.194359989414972630e-03
1.544887215241061949e-03 4.252214852279369295e-03
1.557308352336160768e-03 4.311263989796457544e-03
1.569829357334373478e-03 4.371538044073490850e-03
1.582451033189407946e-03 4.433068591619921534e-03
1.595174189310845196e-03 4.495888176387371690e-03
1.607999641616047982e-03 4.560030344138175928e-03
1.620928212582483513e-03 4.625529678202459222e-03
1.633960731300464469e-03 4.692421836686284931e-03
1.647098033526324347e-03 4.760743591197102997e-03
1.660340961736008706e-03 4.830532867155344287e-03
1.673690365179101615e-03 4.901828785765241503e-03
1.687147099933290111e-03 4.974671707720951241e-03
1.700712028959256708e-03 5.049103278728464886e-03
1.714386022156027482e-03 5.125166476927629777e-03
1.728169956416753623e-03 5.202905662302897277e-03
1.742064715684945534e-03 5.282366628176190029e-03
1.756071191011159471e-03 5.363596654879951471e-03
1.770190280610135650e-03 5.446644565713715073e-03
1.784422889918405811e-03 5.531560785291827695e-03
1.798769931652354414e-03 5.618397400399230066e-03
1.813232325866748424e-03 5.707208223472107211e-03
1.827811000013741978e-03 5.798048858832690819e-03
1.842506889002347480e-03 5.890976771810453247e-03
1.857320935258396748e-03 5.986051360892103573e-03
1.872254088784973142e-03 6.083334033044236755e-03
1.887307307223334190e-03 6.182888282370410139e-03
1.902481555914327079e-03 6.284779772263137006e-03
1.917777807960285765e-03 6.389076421225924410e-03
1.933197044287446320e-03 6.495848492548274983e-03
1.948740253708844319e-03 6.605168688026612916e-03
1.964408432987728523e-03 6.717112245935170575e-03
1.980202586901483059e-03 6.831757043461800065e-03
1.996123728306056343e-03 6.949183703835829298e-03
2.012172878200923012e-03 7.069475708388112470e-03
2.028351065794553251e-03 7.192719513796215838e-03
2.044659328570415987e-03 7.319004674782810839e-03
2.061098712353512039e-03 7.448423972550185373e-03
2.077670271377435492e-03 7.581073549249703683e-03
2.094375068351990617e-03 7.717053048803053372e-03
2.111214174531334409e-03 7.856465764409337887e-03
2.128188669782675544e-03 7.999418793092247584e-03
2.145299642655528870e-03 8.146023197661930726e-03
2.162548190451511580e-03 8.296394176487994696e-03
2.179935419294726576e-03 8.450651241503723266e-03
2.197462444202686639e-03 8.608918404886083120e-03
2.215130389157821469e-03 8.771324374882767672e-03
2.232940387179557611e-03 8.938002761285795267e-03
2.250893580396973008e-03 9.109092291080698664e-03
2.268991120122048309e-03 9.284737034833127206e-03
2.287234166923492792e-03 9.465086644407649796e-03
2.305623890701171807e-03 9.650296602650995995e-03
2.324161470761126631e-03 9.840528485709654216e-03
2.342848095891209709e-03 1.003595023869420164e-02
2.361684964437314477e-03 1.023673646544547879e-02
2.380673284380223614e-03 1.044306873320602173e-02
2.399814273413077882e-03 1.065513589304963558e-02
2.419109159019458642e-03 1.087313441697598110e-02
2.438559178552113064e-03 1.109726875263434241e-02
2.458165579312299957e-03 1.132775169670192060e-02
2.477929618629774386e-03 1.156480478800785833e-02
2.497852563943425870e-03 1.180865872156365570e-02
2.517935692882544967e-03 1.205955378473656282e-02
2.538180293348769444e-03 1.231774031688197442e-02
2.558587663598668824e-03 1.258347919383706430e-02
2.579159112326999403e-03 1.285704233877024358e-02
2.599895958750631907e-03 1.313871326097893616e-02
2.620799532693143547e-03 1.342878762433463019e-02
2.641871174670108301e-03 1.372757384718718832e-02
2.663112235975055066e-03 1.403539373566134452e-02
2.684524078766127066e-03 1.435258315240973623e-02
2.706108076153435158e-03 1.467949272302602158e-02
2.727865612287105456e-03 1.501648858247199569e-02
2.749798082446057272e-03 1.536395316403470906e-02
2.771906893127469747e-03 1.572228603350149523e-02
2.794193462136981831e-03 1.609190477142916423e-02
2.816659218679615651e-03 1.647324590658241772e-02
2.839305603451419777e-03 1.686676590383311830e-02
2.862134068731874478e-03 1.727294221004408228e-02
2.885146078477013407e-03 1.769227436171012108e-02
2.908343108413308578e-03 1.812528515839897936e-02
2.931726646132307330e-03 1.857252190632455863e-02
2.955298191186020874e-03 1.903455773669662093e-02
2.979059255183102127e-03 1.951199300382958773e-02
3.003011361885775127e-03 2.000545676835395470e-02
3.027156047307551136e-03 2.051560837126971057e-02
3.051494859811736213e-03 2.104313910500077781e-02
3.076029360210714211e-03 2.158877398806974615e-02
3.100761121866053762e-03 2.215327365050592801e-02
3.125691730789396331e-03 2.273743633763177299e-02
3.150822785744169120e-03 2.334210004045442557e-02
3.176155898348109827e-03 2.396814476151114953e-02
3.201692693176611069e-03 2.461649492569473879e-02
3.227434807866913936e-03 2.528812194632033133e-02
3.253383893223122953e-03 2.598404695748452245e-02
3.279541613322062808e-03 2.670534372463301276e-02
3.305909645620005912e-03 2.745314174618193950e-02
3.332489681060226989e-03 2.822862956005452173e-02
3.359283424181461024e-03 2.903305827008947904e-02
3.386292593227199950e-03 2.986774530847437908e-02
3.413518920255886185e-03 3.073407845165132546e-02
3.440964151251986111e-03 3.163352010855167290e-02
3.468630046237950425e-03 3.256761190155032376e-02
3.496518379387094765e-03 3.353797956219546628e-02
3.524630939137366782e-03 3.454633816558511095e-02
3.552969528306037378e-03 3.559449772923903993e-02
3.581535964205315691e-03 3.668436920446679905e-02
3.610332078758879144e-03 3.781797089058064332e-02
3.639359718619369303e-03 3.899743530486608073e-02
3.668620745286804100e-03 4.022501654401084564e-02
3.698117035227958035e-03 4.150309817575179028e-02
3.727850479996684761e-03 4.283420170282795092e-02
3.757822986355241045e-03 4.422099564497333768e-02
3.788036476396547479e-03 4.566630528866826022e-02
3.818492887667457054e-03 4.717312315872783379e-02
3.849194173293008642e-03 4.874462027057881869e-02
3.880142302101663183e-03 5.038415822730832327e-02
3.911339258751584183e-03 5.209530223129745646e-02
