2.497382406435652939e-25 9.768325619515944397e-18
1.592405960127358361e-24 3.089015920155193588e-17
1.015365822756892167e-23 9.768326876420302874e-17
6.474277161963938908e-23 3.089016721595150065e-16
4.128193389070159467e-22 9.768331986641967382e-16
2.632259977636328568e-21 3.089019980025807047e-15
1.678407946733001633e-20 9.768352763373603653e-15
1.070203270037972128e-19 3.089033227893325649e-14
6.823937180644061677e-19 9.768437235752100315e-14
4.351147109064984495e-18 3.089087090016611440e-13
1.915297948882004416e-17 7.759322488683919743e-13
8.060281057525431301e-17 1.949163039787816667e-12
3.231548868885900942e-16 4.896382250613372468e-12
4.345363206717196250e-16 6.163781780305984805e-12
1.185699981296668146e-15 1.229732179640797847e-11
3.167099671296256822e-15 2.454290871984140256e-11
8.312293945536222779e-15 4.898397135859626299e-11
2.151611673377367987e-14 9.773430848120292535e-11
5.516190296262407946e-14 1.950308160666369755e-10
7.219962673568143336e-14 2.455395918119563429e-10
1.345996703506809824e-13 3.892770603306517574e-10
2.502777173064534741e-13 6.169465998965407740e-10
3.411676113431318569e-13 7.768626451909397954e-10
4.161104603351930561e-13 9.006720410829545173e-10
5.668224300832851639e-13 1.192414995932578561e-09
1.051017683769589897e-12 1.890432911212288601e-09
1.946696275912857264e-12 3.094630240399093478e-09
3.604197434436283020e-12 4.906521065391501087e-09
4.678350727597027810e-12 5.964785761620009416e-09
6.363945126095426008e-12 7.510858710852283575e-09
8.659328086403540721e-12 9.798092857573101657e-09
1.177437263656969924e-11 1.233578754396143564e-08
1.601314678573479096e-11 1.553407705195085344e-08
2.068158225216417963e-11 1.881943995759334440e-08
2.812629084553211013e-11 2.462793118627416045e-08
3.823985723652250255e-11 3.101071367919697201e-08
4.915490723856361436e-11 3.744047090307774978e-08
6.683712298751739095e-11 4.918310976261355027e-08
9.088989403667837668e-11 6.194746997419662658e-08
1.198094057756214983e-10 7.622496704508910767e-08
1.235276287134856064e-10 8.111821537560480725e-08
1.679810496150610554e-10 1.052041443179145334e-07
2.145827771029579730e-10 1.264403182978826954e-07
2.389577941400671919e-10 1.370814666799720085e-07
2.718434103460653354e-10 1.558050328926489486e-07
3.695913600236930604e-10 2.029070399259184632e-07
4.805596579248377059e-10 2.471473550088626382e-07
6.228436556804378813e-10 3.112918511513913844e-07
6.449051117784316288e-10 3.195404339442749206e-07
6.519284217721749412e-10 3.221516175955882510e-07
6.901021772675798839e-10 3.362246542759246589e-07
7.517420508597271333e-10 3.585491157042282318e-07
7.842145311837404764e-10 3.701260768930860222e-07
8.123077711587138292e-10 3.800461204279264704e-07
8.948523203792971162e-10 4.248355205313744057e-07
1.780367769825735293e-09 1.571243743291283042e-06
2.831798589477310162e-09 2.360915204371286954e-06
4.352717025416528164e-09 3.331634749736530039e-06
6.442936706730940560e-09 4.497300351158025239e-06
9.210451352971400048e-09 5.875749191388290656e-06
1.726412223638507203e-08 9.359364509061765243e-06
2.961440629244172500e-08 1.399035730184682620e-05
4.760234259406434222e-08 2.000744564924680080e-05
7.280858902572716169e-08 2.762541866450402925e-05
1.069774052811704485e-07 3.692082460755834189e-05
1.786399553702715184e-07 5.352425790188030335e-05
3.179080611873818725e-07 7.810458603098302793e-05
4.169532575344421554e-07 9.195064971249766836e-05
4.437988271458211392e-07 9.546604737380116803e-05
8.192319285407806845e-07 1.258634192745901824e-04
1.354052999588277886e-06 1.513643684055162675e-04
1.364939799463368001e-06 1.518591308212375614e-04
1.375914130928105055e-06 1.523549568119336641e-04
1.386976697750288105e-06 1.528518444535617278e-04
1.398128209356120552e-06 1.533497918169296221e-04
1.409369380875703637e-06 1.538487969679448665e-04
1.420700933188898835e-06 1.543488579678650274e-04
1.432123592971554462e-06 1.548499728735487917e-04
1.443638092742107736e-06 1.553521397377076105e-04
1.455245170908559952e-06 1.558553566091589685e-04
1.466945571815828801e-06 1.563596215330797352e-04
1.478740045793482700e-06 1.568649325512608435e-04
1.490629349203859041e-06 1.573712877023625387e-04
1.502614244490566989e-06 1.578786850221705748e-04
1.514695500227382672e-06 1.583871225438531708e-04
1.526873891167537392e-06 1.588965982982185358e-04
1.539150198293399923e-06 1.594071103139733426e-04
1.551525208866560714e-06 1.599186566179818523e-04
1.563999716478318874e-06 1.604312352355257972e-04
1.576574521100571058e-06 1.609448441905647251e-04
1.589250429137115193e-06 1.614594815059974277e-04
1.602028253475363117e-06 1.619751452039234227e-04
1.614908813538469520e-06 1.624918333059056832e-04
1.627892935337881237e-06 1.630095438332335026e-04
1.640981451526306029e-06 1.635282748071862540e-04
1.654175201451112293e-06 1.640480242492975557e-04
1.667475031208153556e-06 1.645687901816199794e-04
1.680881793696027083e-06 1.650905706269904360e-04
1.694396348670769751e-06 1.656133636092959401e-04
1.708019562800992912e-06 1.661371671537399989e-04
1.721752309723460032e-06 1.666619792871092717e-04
1.735595470099111996e-06 1.671877980380410695e-04
1.749549931669543447e-06 1.677146214372908549e-04
1.763616589313930607e-06 1.682424475180005008e-04
1.777796345106420294e-06 1.687712743159669015e-04
1.792090108373976981e-06 1.693010998699108005e-04
1.806498795754698686e-06 1.698319222217463506e-04
1.821023331256597458e-06 1.703637394168505920e-04
1.835664646316856529e-06 1.708965495043337710e-04
1.850423679861559907e-06 1.714303505373095777e-04
1.865301378365906245e-06 1.719651405731659525e-04
1.880298695914904691e-06 1.725009176738360279e-04
1.895416594264557765e-06 1.730376799060696132e-04
1.910656042903538277e-06 1.735754253417046242e-04
1.926018019115361333e-06 1.741141520579390825e-04
1.941503508041054398e-06 1.746538581376030604e-04
1.957113502742337059e-06 1.751945416694311683e-04
1.972849004265298634e-06 1.757362007483350146e-04
1.988711021704599456e-06 1.762788334756759635e-04
2.004700572268179533e-06 1.768224379595380834e-04
2.020818681342490671e-06 1.773670123150013114e-04
2.037066382558254607e-06 1.779125546644146180e-04
2.053444717856746729e-06 1.784590631376694702e-04
2.069954737556613839e-06 1.790065358724735652e-04
2.086597500421232761e-06 1.795549710146242392e-04
2.103374073726602993e-06 1.801043667182823638e-04
2.120285533329792051e-06 1.806547211462464057e-04
2.137332963737928847e-06 1.812060324702261058e-04
2.154517458177750171e-06 1.817582988711168371e-04
2.171840118665708342e-06 1.823115185392734736e-04
2.189302056078641705e-06 1.828656896747847484e-04
2.206904390225014764e-06 1.834208104877473663e-04
2.224648249916727513e-06 1.839768791985402262e-04
2.242534773041507109e-06 1.845338940380987513e-04
2.260565106635876799e-06 1.850918532481891920e-04
2.278740406958714796e-06 1.856507550816827938e-04
2.297061839565402702e-06 1.862105978028301813e-04
2.315530579382573196e-06 1.867713796875355265e-04
2.334147810783452348e-06 1.873330990236307702e-04
2.352914727663815180e-06 1.878957541111499251e-04
2.371832533518546431e-06 1.884593432626030269e-04
2.390902441518820931e-06 1.890238648032503287e-04
2.410125674589900611e-06 1.895893170713764417e-04
2.429503465489559169e-06 1.901556984185640692e-04
2.449037056887136919e-06 1.907230072099679844e-04
2.468727701443234318e-06 1.912912418245890352e-04
2.488576661890037787e-06 1.918604006555473364e-04
2.508585211112301995e-06 1.924304821103565999e-04
2.528754632228975455e-06 1.930014846111969737e-04
2.549086218675483850e-06 1.935734065951888580e-04
2.569581274286681239e-06 1.941462465146660962e-04
2.590241113380456865e-06 1.947200028374490859e-04
2.611067060842024676e-06 1.952946740471178623e-04
2.632060452208884119e-06 1.958702586432850730e-04
2.653222633756467450e-06 1.964467551418686822e-04
2.674554962584473993e-06 1.970241620753646202e-04
2.696058806703899387e-06 1.976024779931194605e-04
2.717735545124761939e-06 1.981817014616024458e-04
2.739586567944539645e-06 1.987618310646780296e-04
2.761613276437313624e-06 1.993428654038777669e-04
2.783817083143629003e-06 1.999248030986722322e-04
2.806199411961080854e-06 2.005076427867429371e-04
2.828761698235625188e-06 2.010913831242536253e-04
2.851505388853625610e-06 2.016760227861220001e-04
2.874431942334641113e-06 2.022615604662907757e-04
2.897542828924957999e-06 2.028479948779990253e-04
2.920839530691876083e-06 2.034353247540528523e-04
2.944323541618747480e-06 2.040235488470965497e-04
2.967996367700789166e-06 2.046126659298826741e-04
2.991859527041654893e-06 2.052026747955431783e-04
3.015914549950793579e-06 2.057935742578592415e-04
3.040162979041582740e-06 2.063853631515315615e-04
3.064606369330255156e-06 2.069780403324502933e-04
3.089246288335618369e-06 2.075716046779649347e-04
3.114084316179580973e-06 2.081660550871540483e-04
3.139122045688479782e-06 2.087613904810946047e-04
3.164361082495225649e-06 2.093576098031314336e-04
3.189803045142274294e-06 2.099547120191466211e-04
3.215449565185416221e-06 2.105526961178281749e-04
3.241302287298407727e-06 2.111515611109394215e-04
3.267362869378443873e-06 2.117513060335874276e-04
3.293632982652472977e-06 2.123519299444918279e-04
3.320114311784373384e-06 2.129534319262534905e-04
3.346808554982984897e-06 2.135558110856225857e-04
3.373717424111016039e-06 2.141590665537671705e-04
3.400842644794821638e-06 2.147631974865413652e-04
3.428185956535064296e-06 2.153682030647531521e-04
3.455749112818267357e-06 2.159740824944326608e-04
3.483533881229262340e-06 2.165808350070999935e-04
3.511542043564539739e-06 2.171884598600327791e-04
3.539775395946519271e-06 2.177969563365342689e-04
3.568235748938725180e-06 2.184063237462006740e-04
3.596924927661899209e-06 2.190165614251889093e-04
3.625844771911041920e-06 2.196276687364840112e-04
3.654997136273397181e-06 2.202396450701668009e-04
3.684383890247381521e-06 2.208524898436811938e-04
3.714006918362473177e-06 2.214662025021016725e-04
3.743868120300068869e-06 2.220807825184005697e-04
3.773969411015299419e-06 2.226962293937157303e-04
3.804312720859839368e-06 2.233125426576176864e-04
3.834899995705693215e-06 2.239297218683771026e-04
3.865733197069987087e-06 2.245477666132323843e-04
3.896814302240752287e-06 2.251666765086569877e-04
3.928145304403727817e-06 2.257864512006268923e-04
3.959728212770181463e-06 2.264070903648885075e-04
3.991565052705757062e-06 2.270285937072259556e-04
4.023657865860355138e-06 2.276509609637291406e-04
4.056008710299068957e-06 2.282741919010614377e-04
4.088619660634154798e-06 2.288982863167275997e-04
4.121492808158083887e-06 2.295232440393422328e-04
4.154630260977643810e-06 2.301490649288974043e-04
4.188034144149136825e-06 2.307757488770317150e-04
4.221706599814652221e-06 2.314032958072983137e-04
4.255649787339442354e-06 2.320317056754341858e-04
4.289865883450393901e-06 2.326609784696286563e-04
4.324357082375621427e-06 2.332911142107928139e-04
4.359125595985183280e-06 2.339221129528290164e-04
4.394173653932916406e-06 2.345539747829003692e-04
4.429503503799433303e-06 2.351866998217008546e-04
4.465117411236246364e-06 2.358202882237253519e-04
4.501017660111061989e-06 2.364547401775406068e-04
4.537206552654245278e-06 2.370900559060556587e-04
4.573686409606457033e-06 2.377262356667934331e-04
4.610459570367479137e-06 2.383632797521620362e-04
4.647528393146237645e-06 2.390011884897270250e-04
4.684895255112030347e-06 2.396399622424835697e-04
4.722562552546970682e-06 2.402796014091295091e-04
4.760532700999658146e-06 2.409201064243382453e-04
4.798808135440083677e-06 2.415614777590328291e-04
4.837391310415787802e-06 2.422037159206600471e-04
4.876284700209252067e-06 2.428468214534650494e-04
4.915490798996584728e-06 2.434907949387668730e-04
4.955012121007462594e-06 2.441356369952339916e-04
4.994851200686362901e-06 2.447813482791607871e-04
5.035010592855104704e-06 2.454279294847447530e-04
5.075492872876669278e-06 2.460753813443638605e-04
5.116300636820367310e-06 2.467237046288549545e-04
5.157436501628315604e-06 2.473729001477927730e-04
5.198903105283256328e-06 2.480229687497694543e-04
5.240703106977734056e-06 2.486739113226752373e-04
5.282839187284618751e-06 2.493257287939790526e-04
5.325314048329009406e-06 2.499784221310111742e-04
5.368130413961514959e-06 2.506319923412452747e-04
5.411291029932938749e-06 2.512864404725823238e-04
5.454798664070348713e-06 2.519417676136349741e-04
5.498656106454583301e-06 2.525979748940129777e-04
5.542866169599168556e-06 2.532550634846091986e-04
5.587431688630685308e-06 2.539130345978869805e-04
5.632355521470578017e-06 2.545718894881679483e-04
5.677640549018430686e-06 2.552316294519215985e-04
5.723289675336717445e-06 2.558922558280553772e-04
5.769305827837030375e-06 2.565537699982058432e-04
5.815691957467813343e-06 2.572161733870309140e-04
5.862451038903603567e-06 2.578794674625035769e-04
5.909586070735786820e-06 2.585436537362065202e-04
5.957100075664901018e-06 2.592087337636277957e-04
6.004996100694472929e-06 2.598747091444578356e-04
6.053277217326418513e-06 2.605415815228881503e-04
6.101946521758013658e-06 2.612093525879104054e-04
6.151007135080447169e-06 2.618780240736178844e-04
6.200462203478975506e-06 2.625475977595073305e-04
6.250314898434683487e-06 2.632180754707829024e-04
6.300568416927861134e-06 2.638894590786611065e-04
6.351225981643026308e-06 2.645617505006776261e-04
6.402290841175589729e-06 2.652349517009951804e-04
6.453766270240176809e-06 2.659090646907131183e-04
6.505655569880645229e-06 2.665840915281788561e-04
6.557962067681760171e-06 2.672600343193004525e-04
6.610689117982592408e-06 2.679368952178611896e-04
6.663840102091629946e-06 2.686146764258356186e-04
6.717418428503616763e-06 2.692933801937077184e-04
6.771427533118131355e-06 2.699730088207901932e-04
6.825870879459927960e-06 2.706535646555459926e-04
6.880751958901043842e-06 2.713350500959118921e-04
6.936074290884701437e-06 2.720174675896233738e-04
6.991841423151001132e-06 2.727008196345420557e-04
7.048056931964431773e-06 2.733851087789844220e-04
7.104724422343220928e-06 2.740703376220532091e-04
7.161847528290502883e-06 2.747565088139708521e-04
7.219429913027374679e-06 2.754436250564139071e-04
7.277475269227809682e-06 2.761316891028514848e-04
7.335987319255459204e-06 2.768207037588842263e-04
7.394969815402372639e-06 2.775106718825864774e-04
7.454426540129615810e-06 2.782015963848502517e-04
7.514361306309838334e-06 2.788934802297319041e-04
7.574777957471787469e-06 2.795863264348009730e-04
7.635680368046790468e-06 2.802801380714909740e-04
7.697072443617210518e-06 2.809749182654540422e-04
7.758958121166916076e-06 2.816706701969163879e-04
7.821341369333740734e-06 2.823673971010378183e-04
7.884226188663996288e-06 2.830651022682726141e-04
7.947616611869017000e-06 2.837637890447339837e-04
8.011516704083773997e-06 2.844634608325611203e-04
8.075930563127564914e-06 2.851641210902883185e-04
8.140862319766800778e-06 2.858657733332177768e-04
8.206316137979908788e-06 2.865684211337951115e-04
8.272296215224354371e-06 2.872720681219872551e-04
8.338806782705829944e-06 2.879767179856638245e-04
8.405852105649590063e-06 2.886823744709815249e-04
8.473436483573966828e-06 2.893890413827716977e-04
8.541564250566107913e-06 2.900967225849302540e-04
8.610239775559894843e-06 2.908054220008123784e-04
8.679467462616133032e-06 2.915151436136288049e-04
8.749251751204976279e-06 2.922258914668461583e-04
8.819597116490614542e-06 2.929376696645915245e-04
8.890508069618262255e-06 2.936504823720585927e-04
8.961989158003457349e-06 2.943643338159191098e-04
9.034044965623674363e-06 2.950792282847365579e-04
9.106680113312290621e-06 2.957951701293844399e-04
9.179899259054915625e-06 2.965121637634678706e-04
9.253707098288097225e-06 2.972302136637485848e-04
9.328108364200433356e-06 2.979493243705740643e-04
9.403107828036104607e-06 2.986695004883110015e-04
9.478710299400851320e-06 2.993907466857818000e-04
9.554920626570400304e-06 3.001130676967056813e-04
9.631743696801381836e-06 3.008364683201439132e-04
9.709184436644743708e-06 3.015609534209489403e-04
9.787247812261674185e-06 3.022865279302171465e-04
9.865938829742086400e-06 3.030131968457477985e-04
9.945262535425643832e-06 3.037409652325039392e-04
1.002522401622538789e-05 3.044698382230796798e-04
1.010582839995392520e-05 3.051998210181704717e-04
1.018708085565230003e-05 3.059309188870492345e-04
1.026898659392146197e-05 3.066631371680463860e-04
1.035155086725640353e-05 3.073964812690343725e-04
1.043477897038302171e-05 3.081309566679178908e-04
1.051867624059762576e-05 3.088665689131282299e-04
1.060324805810925203e-05 3.096033236241228174e-04
1.068849984638465704e-05 3.103412264918898071e-04
1.077443707249611771e-05 3.110802832794574372e-04
1.086106524747204882e-05 3.118204998224092975e-04
1.094838992665039526e-05 3.125618820294043666e-04
1.103641671003489581e-05 3.133044358827021458e-04
1.112515124265421666e-05 3.140481674386940260e-04
1.121459921492392074e-05 3.147930828284390466e-04
1.130476636301143898e-05 3.155391882582069723e-04
1.139565846920386560e-05 3.162864900100245138e-04
1.148728136227881620e-05 3.170349944422301688e-04
1.157964091787819967e-05 3.177847079900329654e-04
1.167274305888499546e-05 3.185356371660776021e-04
1.176659375580311729e-05 3.192877885610163652e-04
1.186119902714025341e-05 3.200411688440858151e-04
1.195656493979385620e-05 3.207957847636913888e-04
1.205269760944019787e-05 3.215516431479968260e-04
1.214960320092653151e-05 3.223087509055207515e-04
1.224728792866648266e-05 3.230671150257399793e-04
1.234575805703851737e-05 3.238267425796985638e-04
1.244501990078771527e-05 3.245876407206247098e-04
1.254507982543068189e-05 3.253498166845535393e-04
1.264594424766379813e-05 3.261132777909570664e-04
1.274761963577470047e-05 3.268780314433818710e-04
1.285011251005705261e-05 3.276440851300923564e-04
1.295342944322874094e-05 3.284114464247230047e-04
1.305757706085331575e-05 3.291801229869370298e-04
1.316256204176491885e-05 3.299501225630919695e-04
1.326839111849657228e-05 3.307214529869142755e-04
1.337507107771191771e-05 3.314941221801804097e-04
1.348260876064045591e-05 3.322681381534058542e-04
1.359101106351623522e-05 3.330435090065428502e-04
1.370028493802013157e-05 3.338202429296847494e-04
1.381043739172562999e-05 3.345983482037801784e-04
1.392147548854819935e-05 3.353778332013539242e-04
1.403340634919832623e-05 3.361587063872369281e-04
1.414623715163810799e-05 3.369409763193048440e-04
1.425997513154160509e-05 3.377246516492253244e-04
1.437462758275885246e-05 3.385097411232130052e-04
1.449020185778355550e-05 3.392962535827950604e-04
1.460670536822466897e-05 3.400841979655838589e-04
1.472414558528161967e-05 3.408735833060605718e-04
1.484253004022347810e-05 3.416644187363671275e-04
1.496186632487191124e-05 3.424567134871067870e-04
1.508216209208800790e-05 3.432504768881562110e-04
1.520342505626309038e-05 3.440457183694852795e-04
1.532566299381338327e-05 3.448424474619879703e-04
1.544888374367876013e-05 3.456406737983227237e-04
1.557309520782536257e-05 3.464404071137628370e-04
1.569830535175242248e-05 3.472416572470572119e-04
1.582452220500303814e-05 3.480444341413017830e-04
1.595175386167908211e-05 3.488487478448203767e-04
1.608000848096031052e-05 3.496546085120583115e-04
1.620929428762754818e-05 3.504620264044847793e-04
1.633961957259017324e-05 3.512710118915072068e-04
1.647099269341778291e-05 3.520815754513969480e-04
1.660342207487613823e-05 3.528937276722258717e-04
1.673691620946746948e-05 3.537074792528141715e-04
1.687148365797504044e-05 3.545228410036910228e-04
1.700713305001218839e-05 3.553398238480659195e-04
1.714387308457569067e-05 3.561584388228123169e-04
1.728171253060362743e-05 3.569786970794631455e-04
1.742066022753774708e-05 3.578006098852198782e-04
1.756072508589027028e-05 3.586241886239724397e-04
1.770191608781536947e-05 3.594494447973333178e-04
1.784424228768516151e-05 3.602763900256831684e-04
1.798771281267030466e-05 3.611050360492309486e-04
1.813233686332540339e-05 3.619353947290857585e-04
1.827812371417892619e-05 3.627674780483434828e-04
1.842508271432803614e-05 3.636012981131863352e-04
1.857322328803812759e-05 3.644368671539967666e-04
1.872255493534714016e-05 3.652741975264841689e-04
1.887308723267485999e-05 3.661133017128276237e-04
1.902482983343695768e-05 3.669541923228318786e-04
1.917779246866411851e-05 3.677968820950980149e-04
1.933198494762605505e-05 3.686413838982098893e-04
1.948741715846052732e-05 3.694877107319343465e-04
1.964409906880751642e-05 3.703358757284381272e-04
1.980204072644837184e-05 3.711858921535184379e-04
1.996125225995021716e-05 3.720377734078517888e-04
2.012174387931545160e-05 3.728915330282564391e-04
2.028352587663647931e-05 3.737471846889725145e-04
2.044660862675578864e-05 3.746047422029579539e-04
2.061100258793120840e-05 3.754642195232009904e-04
2.077671830250663938e-05 3.763256307440503590e-04
2.094376639758806458e-05 3.771889901025614962e-04
2.111215758572508545e-05 3.780543119798611710e-04
2.128190266559791985e-05 3.789216109025300054e-04
2.145301252270983113e-05 3.797909015440007158e-04
2.162549813008529334e-05 3.806621987259777126e-04
2.179937054897359102e-05 3.815355174198724764e-04
2.197464092955822625e-05 3.824108727482596407e-04
2.215132051167193299e-05 3.832882799863508564e-04
2.232942062551745814e-05 3.841677545634875220e-04
2.250895269239419039e-05 3.850493120646551965e-04
2.268992822543054559e-05 3.859329682320151436e-04
2.287235883032231860e-05 3.868187389664580478e-04
2.305625620607695418e-05 3.877066403291773000e-04
2.324163214576372005e-05 3.885966885432631541e-04
2.342849853727005645e-05 3.894888999953175380e-04
2.361686736406387875e-05 3.903832912370907649e-04
2.380675070596207683e-05 3.912798789871402543e-04
2.399816073990519450e-05 3.921786801325094192e-04
2.419110974073826852e-05 3.930797117304311644e-04
2.438561008199806779e-05 3.939829910100524184e-04
2.458167423670649555e-05 3.948885353741823554e-04
2.477931477817056459e-05 3.957963624010633311e-04
2.497854438078865740e-05 3.967064898461664297e-04
2.517937582086329833e-05 3.976189356440094544e-04
2.538182197742052244e-05 3.985337179100013178e-04
2.558589583303574281e-05 3.994508549423091462e-04
2.579161047466636356e-05 4.003703652237517851e-04
2.599897909449094897e-05 4.012922674237184568e-04
2.620801499075530098e-05 4.022165804001124646e-04
2.641873156862520450e-05 4.031433232013224345e-04
2.663114234104607778e-05 4.040725150682192529e-04
2.684526092960957182e-05 4.050041754361802184e-04
2.706110106542707140e-05 4.059383239371407853e-04
2.727867659001028406e-05 4.068749804016736304e-04
2.749800145615884596e-05 4.078141648610971544e-04
2.771908972885507667e-05 4.087558975496108186e-04
2.794195558616603870e-05 4.097001989064613810e-04
2.816661332015262418e-05 4.106470895781374293e-04
2.839307733778618671e-05 4.115965904205944894e-04
2.862136216187241721e-05 4.125487225015107623e-04
2.885148243198261257e-05 4.135035071025727304e-04
2.908345290539258456e-05 4.144609657217938328e-04
2.931728845802891763e-05 4.154211200758630091e-04
2.955300408542303970e-05 4.163839921025273426e-04
2.979061490367280782e-05 4.173496039630064159e-04
3.003013615041187306e-05 4.183179780444400597e-04
3.027158318578689899e-05 4.192891369623710134e-04
3.051497149344251192e-05 4.202631035632602738e-04
3.076031668151432171e-05 4.212399009270390363e-04
3.100763448362980294e-05 4.222195523696943543e-04
3.125694075991725351e-05 4.232020814458919869e-04
3.150825149802296600e-05 4.241875119516359469e-04
3.176158281413635095e-05 4.251758679269636645e-04
3.201695095402358818e-05 4.261671736586796952e-04
3.227437229406938235e-05 4.271614536831286205e-04
3.253386334232710774e-05 4.281587327890049748e-04
3.279544073957754512e-05 4.291590360202042096e-04
3.305912126039594684e-05 4.301623886787111161e-04
3.332492181422780928e-05 4.311688163275330800e-04
3.359285944647325797e-05 4.321783447936710125e-04
3.386295133958008608e-05 4.331910001711335948e-04
3.413521481414572386e-05 4.342068088239936442e-04
3.440966733002789543e-05 4.352257973894888238e-04
3.468632648746439629e-05 4.362479927811652321e-04
3.496521002820162581e-05 4.372734221920659341e-04
3.524633583663251164e-05 4.383021130979644847e-04
3.552972194094328390e-05 4.393340932606460509e-04
3.581538651426962770e-05 4.403693907312321168e-04
3.610334787586213948e-05 4.414080338535568524e-04
3.639362449226103978e-05 4.424500512675880962e-04
3.668623497848047435e-05 4.434954719128994592e-04
3.698119809920226816e-05 4.445443250321919754e-04
3.727853276997917300e-05 4.455966401748647594e-04
3.757825805844806937e-05 4.466524472006398738e-04
3.788039318555253996e-05 4.477117762832369613e-04
3.818495752677568883e-05 4.487746579141025207e-04
3.849197061338252188e-05 4.498411229061913329e-04
3.880145213367246470e-05 4.509112023978049705e-04
3.911342193424203789e-05 4.519849278564845715e-04
3.942790002125748009e-05 4.530623310829596118e-04
3.974490656173779954e-05 4.541434442151558214e-04
4.006446188484803084e-05 4.552282997322605628e-04
4.038658648320283889e-05 4.563169304588463775e-04
4.071130101418084306e-05 4.574093695690579576e-04
4.103862630124914627e-05 4.585056505908569058e-04
4.136858333529888236e-05 4.596058074103311682e-04
4.170119327599126663e-05 4.607098742760671337e-04
4.203647745311446131e-05 4.618178858035849421e-04
4.237445736795159473e-05 4.629298769798413388e-04
4.271515469465940576e-05 4.640458831677972016e-04
4.305859128165835355e-05 4.651659401110526675e-04
4.340478915303357620e-05 4.662900839385528953e-04
4.375377050994739609e-05 4.674183511693604529e-04
4.410555773206297902e-05 4.685507787175022427e-04
4.446017337897945190e-05 4.696874038968842989e-04
4.481764019167877740e-05 4.708282644262848631e-04
4.517798109398388386e-05 4.719733984344175008e-04
4.554121919402897217e-05 4.731228444650722792e-04
4.590737778574124071e-05 4.742766414823339238e-04
4.627648035033471262e-05 4.754348288758781464e-04
4.664855055781613166e-05 4.765974464663460348e-04
4.702361226850277747e-05 4.777645345108024150e-04
4.740168953455266786e-05 4.789361337082731962e-04
4.778280660150703292e-05 4.801122852053692366e-04
4.816698790984497283e-05 4.812930306019934748e-04
4.855425809655098383e-05 4.824784119571349605e-04
4.894464199669472208e-05 4.836684717947519526e-04
4.933816464502381865e-05 4.848632531097429453e-04
4.973485127756918986e-05 4.860627993740100150e-04
5.013472733326339206e-05 4.872671545426129685e-04
5.053781845557206123e-05 4.884763630600204732e-04
5.094415049413829533e-05 4.896904698664531277e-04
5.135374950644046045e-05 4.909095204043283393e-04
5.176664175946315633e-05 4.921335606247997973e-04
5.218285373138161263e-05 4.933626369944003800e-04
5.260241211325988148e-05 4.945967965017876271e-04
5.302534381076226425e-05 4.958360866645914519e-04
5.345167594587892763e-05 4.970805555363700572e-04
5.388143585866514695e-05 4.983302517136722117e-04
5.431465110899444073e-05 4.995852243432094639e-04
5.475134947832620649e-05 5.008455231291412220e-04
5.519155897148702423e-05 5.021111983404712891e-04
5.563530781846679998e-05 5.033823008185616017e-04
5.608262447622899041e-05 5.046588819847639285e-04
5.653353763053549125e-05 5.059409938481674706e-04
5.698807619778630478e-05 5.072286890134741809e-04
5.744626932687381014e-05 5.085220206889923700e-04
5.790814640105213114e-05 5.098210426947594404e-04
5.837373703982133062e-05 5.111258094707915806e-04
5.884307110082698678e-05 5.124363760854648651e-04
5.931617868177486042e-05 5.137527982440281927e-04
5.979309012236094415e-05 5.150751322972516423e-04
6.027383600621728007e-05 5.164034352502128470e-04
6.075844716287303753e-05 5.177377647712226886e-04
6.124695466973173875e-05 5.190781792008942151e-04
6.173938985406415120e-05 5.204247375613558655e-04
6.223578429501714477e-05 5.217774995656120378e-04
6.273616982563904243e-05 5.231365256270560952e-04
6.324057853492077313e-05 5.245018768691322346e-04
6.374904276985391793e-05 5.258736151351579239e-04
6.426159513750496490e-05 5.272518029983010559e-04
6.477826850710630146e-05 5.286365037717199490e-04
6.529909601216420155e-05 5.300277815188682556e-04
6.582411105258349597e-05 5.314257010639656439e-04
6.635334729680957640e-05 5.328303280026396764e-04
6.688683868398747560e-05 5.342417287127420276e-04
6.742461942613820001e-05 5.356599703653386075e-04
6.796672401035291097e-05 5.370851209358822650e-04
6.851318720100437192e-05 5.385172492155667701e-04
6.906404404197639328e-05 5.399564248228693386e-04
6.961932985891122099e-05 5.414027182152790973e-04
7.017908026147470584e-05 5.428562007012238504e-04
7.074333114564016183e-05 5.443169444521901582e-04
7.131211869599010027e-05 5.457850225150450785e-04
7.188547938803686963e-05 5.472605088245632550e-04
7.246344999056160494e-05 5.487434782161601131e-04
7.304606756797231328e-05 5.502340064388387512e-04
7.363336948268070243e-05 5.517321701683523729e-04
7.422539339749813214e-05 5.532380470205857260e-04
7.482217727805087781e-05 5.547517155651614067e-04
7.542375939521492323e-05 5.562732553392747128e-04
7.603017832757007937e-05 5.578027468617608418e-04
7.664147296387407949e-05 5.593402716473974690e-04
7.725768250555642034e-05 5.608859122214526803e-04
7.787884646923211199e-05 5.624397521344734908e-04
7.850500468923619012e-05 5.640018759773300161e-04
7.913619732017794734e-05 5.655723693965123734e-04
7.977246483951608942e-05 5.671513191096875725e-04
8.041384805015453223e-05 5.687388129215239889e-04
8.106038808305878482e-05 5.703349397397824419e-04
8.171212639989403016e-05 5.719397895916876473e-04
8.236910479568369727e-05 5.735534536405759252e-04
8.303136540148981230e-05 5.751760242028308712e-04
8.369895068711484391e-05 5.768075947651118713e-04
8.437190346382498866e-05 5.784482600018777364e-04
8.505026688709598089e-05 5.800981157932142383e-04
8.573408445938032892e-05 5.817572592429721620e-04
8.642340003289711639e-05 5.834257886972176073e-04
8.711825781244427358e-05 5.851038037630062506e-04
8.781870235823307494e-05 5.867914053274808075e-04
8.852477858874610952e-05 5.884886955773077416e-04
8.923653178361761319e-05 5.901957780184494259e-04
8.995400758653726017e-05 5.919127574962868270e-04
9.067725200817718361e-05 5.936397402160923861e-04
9.140631142914245569e-05 5.953768337638689267e-04
9.214123260294569109e-05 5.971241471275483010e-04
9.288206265900509641e-05 5.988817907185762287e-04
9.362884910566679215e-05 6.006498763938696679e-04
9.438163983325162409e-05 6.024285174781697028e-04
9.514048311712593555e-05 6.042178287867916832e-04
9.590542762079783199e-05 6.060179266487807472e-04
9.667652239903769100e-05 6.078289289304829182e-04
9.745381690102394780e-05 6.096509550595360059e-04
9.823736097351433243e-05 6.114841260492942954e-04
9.902720486404209771e-05 6.133285645236904960e-04
9.982339922413890508e-05 6.151843947425486092e-04
1.006259951125826064e-04 6.170517426273531376e-04
1.014350439986716566e-04 6.189307357874839583e-04
1.022505977655259669e-04 6.208215035469301975e-04
1.030727087134135898e-04 6.227241769714879837e-04
1.039014295631052539e-04 6.246388888964557419e-04
1.047368134592549879e-04 6.265657739548353760e-04
1.055789139738081333e-04 6.285049686060486650e-04
1.064277851094370871e-04 6.304566111651835076e-04
1.072834813030039582e-04 6.324208418327744623e-04
1.081460574290521188e-04 6.343978027251377487e-04
1.090155688033248065e-04 6.363876379052602755e-04
1.098920711863127014e-04 6.383904934142676331e-04
1.107756207868292996e-04 6.404065173034711577e-04
1.116662742656161160e-04 6.424358596670132595e-04
1.125640887389759538e-04 6.444786726751212036e-04
1.134691217824356380e-04 6.465351106079831158e-04
1.143814314344384150e-04 6.486053298902577039e-04
1.153010762000655168e-04 6.506894891262302721e-04
1.162281150547885580e-04 6.527877491356344356e-04
1.171626074482511108e-04 6.549002729901464738e-04
1.181046133080813156e-04 6.570272260505680443e-04
1.190541930437349709e-04 6.591687760047176391e-04
1.200114075503691714e-04 6.613250929060377229e-04
1.209763182127479559e-04 6.634963492129382617e-04
1.219489869091784764e-04 6.656827198288921450e-04
1.229294760154792598e-04 6.678843821432930202e-04
1.239178484089802762e-04 6.701015160731027499e-04
1.249141674725549791e-04 6.723343041052894705e-04
1.259184970986853040e-04 6.745829313400945231e-04
1.269309016935588552e-04 6.768475855351240283e-04
1.279514461811990383e-04 6.791284571502981737e-04
1.289801960076288577e-04 6.814257393936735008e-04
1.300172171450672391e-04 6.837396282681502263e-04
1.310625760961606169e-04 6.860703226190965811e-04
1.321163398982470199e-04 6.884180241828962397e-04
1.331785761276552311e-04 6.907829376364511484e-04
1.342493529040386148e-04 6.931652706476534127e-04
1.353287388947427977e-04 6.955652339268480382e-04
1.364168033192101866e-04 6.979830412793149291e-04
1.375136159534182307e-04 7.004189096587831558e-04
1.386192471343543038e-04 7.028730592220080661e-04
1.397337677645263648e-04 7.053457133844318397e-04
1.408572493165093694e-04 7.078370988769494944e-04
1.419897638375294130e-04 7.103474458038101617e-04
1.431313839540835698e-04 7.128769877016772651e-04
1.442821828765973547e-04 7.154259615998687441e-04
1.454422344041198336e-04 7.179946080818110435e-04
1.466116129290557320e-04 7.205831713477300676e-04
1.477903934419367649e-04 7.231918992786104351e-04
1.489786515362302634e-04 7.258210435014463436e-04
1.501764634131869407e-04 7.284708594558183051e-04
1.513839058867278244e-04 7.311416064618261098e-04
1.526010563883694357e-04 7.338335477894025217e-04
1.538279929721904913e-04 7.365469507290520494e-04
1.550647943198365543e-04 7.392820866640312715e-04
1.563115397455660735e-04 7.420392311440189657e-04
1.575683092013368094e-04 7.448186639603002158e-04
1.588351832819325112e-04 7.476206692225032067e-04
1.601122432301320137e-04 7.504455354369289274e-04
1.613995709419189096e-04 7.532935555865011073e-04
1.626972489717333438e-04 7.561650272123848467e-04
1.640053605377663620e-04 7.590602524973044099e-04
1.653239895272959478e-04 7.619795383506033307e-04
1.666532205020675650e-04 7.649231964950947531e-04
1.679931387037161448e-04 7.678915435557272674e-04
1.693438300592330125e-04 7.708849011501289110e-04
1.707053811864761008e-04 7.739035959810584972e-04
1.720778793997241555e-04 7.769479599308165303e-04
1.734614127152770183e-04 7.800183301576646064e-04
1.748560698570991983e-04 7.831150491942959072e-04
1.762619402625102520e-04 7.862384650484052512e-04
1.776791140879191834e-04 7.893889313054169247e-04
1.791076822146074425e-04 7.925668072334155021e-04
1.805477362545560515e-04 7.957724578903337597e-04
1.819993685563208417e-04 7.990062542334526495e-04
1.834626722109547730e-04 8.022685732312730741e-04
1.849377410579771709e-04 8.055597979778098775e-04
1.864246696913922417e-04 8.088803178093765742e-04
1.879235534657548582e-04 8.122305284239115554e-04
1.894344885022855682e-04 8.156108320029153806e-04
1.909575716950347992e-04 8.190216373360612772e-04
1.924929007170960685e-04 8.224633599485453106e-04
1.940405740268703405e-04 8.259364222312412778e-04
1.956006908743795534e-04 8.294412535737336143e-04
1.971733513076315357e-04 8.329782905002974889e-04
1.987586561790360984e-04 8.365479768088997020e-04
2.003567071518716231e-04 8.401507637132988844e-04
2.019676067068060775e-04 8.437871099883169877e-04
2.035914581484678221e-04 8.474574821183671752e-04
2.052283656120708452e-04 8.511623544493178038e-04
2.068784340700927972e-04 8.549022093437774967e-04
2.085417693390061243e-04 8.586775373398865263e-04
2.102184780860649575e-04 8.624888373137041707e-04
2.119086678361448020e-04 8.663366166452900544e-04
2.136124469786380628e-04 8.702213913885597065e-04
2.153299247744053528e-04 8.741436864450240554e-04
2.170612113627810652e-04 8.781040357415104396e-04
2.188064177686378992e-04 8.821029824119598932e-04
2.205656559095059486e-04 8.861410789834188841e-04
2.223390386027497675e-04 8.902188875663184222e-04
2.241266795728035768e-04 8.943369800491697726e-04
2.259286934584634453e-04 8.984959382977748951e-04
2.277451958202400507e-04 9.026963543590847509e-04
2.295763031477686324e-04 9.069388306698146539e-04
2.314221328672793612e-04 9.112239802699504581e-04
2.332828033491282074e-04 9.155524270212709150e-04
2.351584339153867901e-04 9.199248058310179315e-04
2.370491448474956243e-04 9.243417628808571918e-04
2.389550573939768917e-04 9.288039558612598990e-04
2.408762937782098776e-04 9.333120542114610018e-04
2.428129772062695088e-04 9.378667393651339860e-04
2.447652318748261757e-04 9.424687050019434510e-04
2.467331829791119080e-04 9.471186573051280184e-04
2.487169567209479158e-04 9.518173152252792403e-04
2.507166803168379694e-04 9.565654107504839056e-04
2.527324820061267220e-04 9.613636891830021347e-04
2.547644910592229499e-04 9.662129094226560352e-04
2.568128377858903922e-04 9.711138442571228815e-04
2.588776535436036969e-04 9.760672806593085693e-04
2.609590707459724548e-04 9.810740200920065827e-04
2.630572228712327256e-04 9.861348788200363299e-04
2.651722444708058376e-04 9.912506882300679313e-04
2.673042711779287459e-04 9.964222951583587545e-04
2.694534397163505807e-04 1.001650562226601843e-03
2.716198879091011320e-04 1.006936368186131048e-03
2.738037546873292659e-04 1.012280608270703288e-03
2.760051800992115970e-04 1.017684194558103388e-03
2.782243053189348866e-04 1.023148056340834975e-03
2.804612726557482094e-04 1.028673140506117722e-03
2.827162255630897669e-04 1.034260411925498439e-03
2.849893086477861266e-04 1.039910853854316038e-03
2.872806676793248064e-04 1.045625468341315929e-03
2.895904495992038924e-04 1.051405276648706595e-03
2.919188025303538639e-04 1.057251319682947369e-03
2.942658757866371561e-04 1.063164658436587277e-03
2.966318198824234001e-04 1.069146374441467618e-03
2.990167865422406653e-04 1.075197570233615710e-03
3.014209287105070953e-04 1.081319369830183261e-03
3.038444005613377880e-04 1.087512919218759600e-03
3.062873575084322313e-04 1.093779386859439900e-03
3.087499562150399640e-04 1.100119964200012030e-03
3.112323546040084198e-04 1.106535866204654949e-03
3.137347118679095380e-04 1.113028331896541564e-03
3.162571884792485569e-04 1.119598624914766929e-03
3.187999462007553696e-04 1.126248034086015310e-03
3.213631480957568148e-04 1.132977874011413663e-03
3.239469585386354328e-04 1.139789485669033845e-03
3.265515432253696462e-04 1.146684237032491753e-03
3.291770691841595367e-04 1.153663523706149278e-03
3.318237047861386543e-04 1.160728769577412623e-03
3.344916197561701235e-04 1.167881427486636104e-03
3.371809851837326831e-04 1.175122979915193709e-03
3.398919735338910776e-04 1.182454939692237968e-03
3.426247586583566545e-04 1.189878850720750038e-03
3.453795158066359978e-04 1.197396288723446937e-03
3.481564216372686296e-04 1.205008862009184769e-03
3.509556542291574648e-04 1.212718212260469833e-03
3.537773930929876288e-04 1.220526015342744425e-03
3.566218191827385153e-04 1.228433982136126245e-03
3.594891149072883827e-04 1.236443859390291399e-03
3.623794641421106718e-04 1.244557430603244986e-03
3.652930522410676871e-04 1.252776516924715205e-03
3.682300660482956743e-04 1.261102978084957050e-03
3.711906939101872064e-04 1.269538713349770706e-03
3.741751256874700630e-04 1.278085662502562126e-03
3.771835527673810320e-04 1.286745806854309223e-03
3.802161680759416260e-04 1.295521170282347683e-03
3.832731660903287746e-04 1.304413820298860448e-03
3.863547428513464024e-04 1.313425869150077006e-03
3.894610959759979996e-04 1.322559474947138970e-03
3.925924246701576934e-04 1.331816842829671712e-03
3.957489297413476241e-04 1.341200226163145577e-03
3.989308136116134426e-04 1.350711927771105049e-03
4.021382803305062763e-04 1.360354301203419228e-03
4.053715355881680731e-04 1.370129752041753836e-03
4.086307867285208671e-04 1.380040739243467134e-03
4.119162427625658188e-04 1.390089776525245315e-03
4.152281143817849302e-04 1.400279433787751963e-03
4.185666139716531851e-04 1.410612338582700612e-03
4.219319556252586765e-04 1.421091177623757260e-03
4.253243551570305031e-04 1.431718698342741933e-03
4.287440301165809414e-04 1.442497710492686002e-03
4.321911998026552789e-04 1.453431087799291963e-03
4.356660852771951625e-04 1.464521769662485966e-03
4.391689093795156265e-04 1.475772762909748157e-03
4.426998967405938474e-04 1.487187143602996088e-03
4.462592737974766183e-04 1.498768058900883668e-03
4.498472688077998763e-04 1.510518728978409511e-03
4.534641118644272204e-04 1.522442449005824861e-03
4.571100349102053071e-04 1.534542591188918417e-03
4.607852717528370442e-04 1.546822606872803743e-03
4.644900580798769197e-04 1.559286028711451841e-03
4.682246314738445093e-04 1.571936472905269104e-03
4.719892314274603358e-04 1.584777641509136281e-03
4.757840993590045685e-04 1.597813324813396677e-03
4.796094786277971538e-04 1.611047403800395681e-03
4.834656145498065312e-04 1.624483852679286470e-03
4.873527544133802146e-04 1.638126741501875474e-03
4.912711474951030922e-04 1.651980238862458834e-03
4.952210450757820901e-04 1.666048614684660211e-03
4.992027004565628917e-04 1.680336243098468161e-03
5.032163689751713949e-04 1.694847605410694426e-03
5.072623080222898265e-04 1.709587293172345167e-03
5.113407770580622033e-04 1.724560011346400797e-03
5.154520376287317386e-04 1.739770581579743207e-03
5.195963533834160528e-04 1.755223945583076449e-03
5.237739900910129203e-04 1.770925168622854195e-03
5.279852156572440369e-04 1.786879443129376840e-03
5.322303001418359370e-04 1.803092092425438893e-03
5.365095157758362210e-04 1.819568574580041889e-03
5.408231369790748476e-04 1.836314486391887619e-03
5.451714403777599763e-04 1.853335567507602118e-03
5.495547048222181171e-04 1.870637704679781405e-03
5.539732114047767443e-04 1.888226936170229889e-03
5.584272434777890490e-04 1.906109456303947984e-03
5.629170866718067939e-04 1.924291620179696075e-03
5.674430289138962828e-04 1.942779948543171906e-03
5.720053604461027572e-04 1.961581132829119667e-03
5.766043738440639792e-04 1.980702040378997004e-03
5.812403640357702902e-04 2.000149719841006792e-03
5.859136283204813365e-04 2.019931406759756503e-03
5.906244663877892711e-04 2.040054529362948354e-03
5.953731803368375380e-04 2.060526714552984081e-03
6.001600746956954570e-04 2.081355794111595069e-03
6.049854564408838368e-04 2.102549811126054342e-03
6.098496350170654967e-04 2.124117026645856113e-03
6.147529223568861658e-04 2.146065926579159705e-03
6.196956329009793143e-04 2.168405228838714022e-03
6.246780836181316634e-04 2.191143890747408556e-03
6.297005940256069885e-04 2.214291116714054829e-03
6.347634862096400345e-04 2.237856366190517452e-03
6.398670848460891571e-04 2.261849361921736308e-03
6.450117172212581004e-04 2.286280098500812451e-03
6.501977132528845250e-04 2.311158851241805132e-03
6.554254055112950688e-04 2.336496185383526644e-03
6.606951292407360491e-04 2.362302965638204532e-03
6.660072223808698308e-04 2.388590366099538169e-03
6.713620255884471602e-04 2.415369880525352394e-03
6.767598822591532970e-04 2.442653333010761253e-03
6.822011385496270760e-04 2.470452889068526416e-03
6.876861433996636326e-04 2.498781067134034275e-03
6.932152485545881081e-04 2.527650750513222092e-03
6.987888085878136675e-04 2.557075199792551660e-03
7.044071809235804725e-04 2.587068065731159324e-03
7.100707258598740884e-04 2.617643402656219358e-03
7.157798065915343868e-04 2.648815682383524796e-03
7.215347892335445329e-04 2.680599808686513676e-03
7.273360428445104680e-04 2.713011132337928358e-03
7.331839394503276335e-04 2.746065466749576280e-03
7.390788540680366713e-04 2.779779104236907751e-03
7.450211647298763404e-04 2.814168832936455623e-03
7.510112525075236757e-04 2.849251954405509178e-03
7.570495015365321214e-04 2.885046301934933270e-03
7.631362990409664478e-04 2.921570259607580294e-03
7.692720353582317401e-04 2.958842782136335454e-03
7.754571039641094694e-04 2.996883415517624747e-03
7.816919014979880698e-04 3.035712318537968878e-03
7.879768277882991893e-04 3.075350285173112687e-03
7.943122858781589621e-04 3.115818767921325720e-03
8.006986820512112689e-04 3.157139902114536496e-03
8.071364258576874031e-04 3.199336531253314450e-03
8.136259301406656647e-04 3.242432233414014632e-03
8.201676110625487695e-04 3.286451348778984989e-03
8.267618881317510523e-04 3.331419008343413160e-03
8.334091842295983897e-04 3.377361163855165278e-03
8.401099256374521202e-04 3.424304619047028892e-03
8.468645420640413465e-04 3.472277062223869028e-03
8.536734666730229218e-04 3.521307100270589571e-03
8.605371361107548057e-04 3.571424294150301465e-03
8.674559905343035004e-04 3.622659195965961636e-03
8.744304736396668089e-04 3.675043387662546394e-03
8.814610326902279618e-04 3.728609521451028974e-03
8.885481185454401380e-04 3.783391362040395157e-03
8.956921856897345465e-04 3.839423830767673199e-03
9.028936922616714791e-04 3.896743051721978518e-03
9.101531000833168765e-04 3.955386399963244787e-03
9.174708746898594790e-04 4.015392551942280515e-03
9.248474853594642253e-04 4.076801538234563378e-03
9.322834051433647167e-04 4.139654798706661996e-03
9.397791108962040736e-04 4.203995240240910800e-03
9.473350833066104121e-04 4.269867297151367855e-03
9.549518069280243980e-04 4.337316994430549973e-03
9.626297702097742163e-04 4.406392013976670810e-03
9.703694655283948102e-04 4.477141763957490604e-03
9.781713892192088478e-04 4.549617451477451502e-03
9.860360416081522840e-04 4.623872158723764392e-03
9.939639270438609987e-04 4.699960922777949961e-03
1.001955553930014174e-03 4.777940819289974023e-03
1.010011434757934409e-03 4.857871050223960124e-03
1.018132086139457481e-03 4.939813035897125913e-03
1.026318028840059486e-03 5.023830511546520383e-03
1.034569787812253091e-03 5.109989628672572878e-03
1.042887892229253308e-03 5.198359061423556832e-03
1.051272875518907603e-03 5.289010118300938729e-03
1.059725275397911367e-03 5.382016859483151200e-03
1.068245633906285321e-03 5.477456220083107459e-03
1.076834497442138517e-03 5.575408139674904034e-03
1.085492416796706924e-03 5.675955698445566897e-03
1.094219947189672840e-03 5.779185260350152079e-03
1.103017648304775071e-03 5.885186623672670515e-03
1.111886084325697114e-03 5.994053179419814997e-03
1.120825823972248494e-03 6.105882078002899255e-03
1.129837440536836683e-03 6.220774404691531249e-03
1.138921511921227401e-03 6.338835364354030583e-03
1.148078620673610890e-03 6.460174476033212800e-03
1.157309354025956149e-03 6.584905777941031310e-03
1.166614303931669825e-03 6.713148043494624080e-03
1.175994067103558038e-03 6.845025009056721760e-03
1.185449245052088959e-03 6.980665614087035176e-03
1.194980444123973492e-03 7.120204254459082047e-03
1.204588275541044768e-03 7.263781049746073984e-03
1.214273355439455301e-03 7.411542125334864145e-03
1.224036304909190956e-03 7.563639910283800200e-03
1.233877750033896513e-03 7.720233451903661150e-03
1.243798321931030180e-03 7.881488748107101303e-03
1.253798656792334040e-03 8.047579098644152759e-03
1.263879395924631709e-03 8.218685476418848695e-03
1.274041185790956250e-03 8.394996920164723986e-03
1.284284678052001819e-03 8.576710949846763285e-03
1.294610529607921612e-03 8.764034006253626496e-03
1.305019402640447603e-03 8.957181916347114331e-03
1.315511964655358308e-03 9.156380386047928421e-03
1.326088888525284821e-03 9.361865522257104347e-03
1.336750852532856857e-03 9.573884386041378938e-03
1.347498540414207016e-03 9.792695579051706456e-03
1.358332641402813529e-03 1.001856986539375466e-02
1.369253850273701887e-03 1.025179083133296448e-02
1.380262867387993834e-03 1.049265558539173686e-02
1.391360398737829986e-03 1.074147550158722521e-02
1.402547155991637658e-03 1.099857700876204908e-02
1.413823856539769917e-03 1.126430242918332117e-02
1.425191223540513705e-03 1.153901086982498173e-02
1.436649985966458563e-03 1.182307917000766095e-02
1.448200878651252415e-03 1.211690290935278635e-02
1.459844642336720778e-03 1.242089748031060398e-02
1.471582023720370211e-03 1.273549922985329173e-02
1.483413775503274060e-03 1.306116667528162134e-02
1.495340656438338099e-03 1.339838179948167271e-02
1.507363431378964296e-03 1.374765143139004483e-02
1.519482871328095780e-03 1.410950871788294904e-02
1.531699753487661018e-03 1.448451469380134318e-02
1.544014861308415885e-03 1.487325995736522334e-02
1.556428984540180393e-03 1.527636645881622762e-02
1.568942919282491745e-03 1.569448941076792212e-02
1.581557468035650746e-03 1.612831932943716712e-02
1.594273439752188657e-03 1.657858421668871596e-02
1.607091649888743460e-03 1.704605189364906750e-02
1.620012920458349399e-03 1.753153249754640236e-02
1.633038080083159356e-03 1.803588115441399214e-02
1.646167964047577257e-03 1.856000084136524841e-02
1.659403414351826554e-03 1.910484545331858630e-02
1.672745279765945657e-03 1.967142309032718361e-02
1.686194415884214454e-03 2.026079958306519976e-02
1.699751685180030114e-03 2.087410227555058784e-02
1.713417957061211163e-03 2.151252408585378056e-02
1.727194107925750623e-03 2.217732786737473122e-02
1.741081021218023224e-03 2.286985109527346280e-02
1.755079587485430196e-03 2.359151090483928292e-02
1.769190704435519160e-03 2.434380951099462259e-02
1.783415276993547023e-03 2.512834004077591638e-02
1.797754217360512333e-03 2.594679281353899983e-02
1.812208445071654926e-03 2.680096210683410862e-02
1.826778887055419175e-03 2.769275344940144018e-02
1.841466477692904483e-03 2.862419148660848983e-02
1.856272158877780680e-03 2.959742846789762544e-02
1.871196880076691094e-03 3.061475341050272359e-02
1.886241598390142214e-03 3.167860199885683126e-02
1.901407278613875818e-03 3.279156728481023853e-02
1.916694893300747646e-03 3.395641126006861132e-02
1.932105422823090493e-03 3.517607737920382116e-02
1.947639855435585356e-03 3.645370411926870252e-02
1.963299187338639340e-03 3.779263967053708706e-02
1.979084422742261647e-03 3.919645786228445616e-02
1.994996573930475376e-03 4.066897543793501768e-02
2.011036661326223284e-03 4.221427080542939497e-02
2.027205713556811534e-03 4.383670440146028580e-02
2.043504767519872985e-03 4.554094082242171604e-02
2.059934868449855242e-03 4.733197289067771207e-02
2.076497069985062515e-03 4.921514784228865624e-02
2.093192434235214856e-03 5.119619584181932248e-02
2.110022031849562510e-03 5.328126105155005232e-02
2.126986942085545406e-03 5.547693550659030942e-02
2.144088252878000381e-03 5.779029607432292770e-02
2.161327060908934793e-03 6.022894480668883332e-02
2.178704471677853517e-03 6.280105302737042094e-02
2.196221599572649712e-03 6.551540953344939244e-02
2.213879567941073705e-03 6.838147333306174303e-02
2.231679509162763902e-03 7.140943138751278119e-02
2.249622564721875332e-03 7.461026187891824091e-02
2.267709885280273265e-03 7.799580358338159547e-02
2.285942630751326612e-03 8.157883199588272793e-02
2.304321970374292438e-03 8.537314292734091148e-02
2.322849082789290708e-03 8.939364437780661365e-02
2.341525156112899200e-03 9.365645758368434937e-02
2.360351388014339524e-03 9.817902824263291528e-02
2.379328985792283739e-03 1.029802490389823966e-01
2.398459166452271158e-03 1.080805947269458112e-01
2.417743156784761798e-03 1.135022711806819712e-01
2.437182193443804788e-03 1.192693799917585451e-01
2.456777523026342121e-03 1.254081003885847978e-01
2.476530402152152949e-03 1.319468904720023372e-01
2.496442097544434528e-03 1.389167100101192376e-01
2.516513886111041050e-03 1.463512673178271051e-01
2.536747055026368665e-03 1.542872930669998977e-01
2.557142901813897092e-03 1.627648442377718774e-01
2.577702734429402134e-03 1.718276418358518909e-01
2.598427871344823926e-03 1.815234464729678088e-01
2.619319641632832096e-03 1.919044764458600338e-01
2.640379385052047962e-03 2.030278735635281107e-01
2.661608452132963216e-03 2.149562226743630955e-01
2.683008204264551201e-03 2.277581316475033590e-01
2.704580013781559926e-03 2.415088794818727180e-01
2.726325264052531939e-03 2.562911412698649083e-01
2.748245349568509410e-03 2.721957999514895699e-01
2.770341676032463899e-03 2.893228561836200807e-01
2.792615660449440391e-03 3.077824492461521677e-01
2.815068731217422980e-03 3.276960037460739938e-01
2.837702328218948220e-03 3.491975190005667251e-01
2.860517902913431876e-03 3.724350204272481313e-01
2.883516918430253755e-03 3.975721950974339114e-01
2.906700849662587158e-03 4.247902368797767947e-01
2.930071183361971244e-03 4.542899303915436948e-01
2.953629418233670503e-03 4.862940073704415944e-01
2.977377065032772805e-03 5.210498141847632603e-01
3.001315646661077176e-03 5.588323351358546187e-01
3.025446698264753955e-03 5.999476231186302577e-01
3.049771767332785585e-03 6.447366972644030803e-01
3.074292413796215345e-03 6.935799765982259002e-01
3.099010210128178445e-03 7.469023297413248663e-01
3.123926741444739766e-03 8.051788335647189765e-01
3.149043605606552561e-03 8.689413487939861014e-01
3.174362413321312523e-03 9.387860382848501883e-01
3.199884788247068807e-03 1.015381974521500030e+00
3.225612367096332596e-03 1.099481007416322154e+00
3.251546799741044779e-03 1.191929092410112467e+00
3.277689749318378476e-03 1.293679313021809829e+00
3.304042892337383762e-03 1.405806872386153650e+00
3.330607918786515804e-03 1.529526376156925327e+00
3.357386532242003906e-03 1.666211785907700804e+00
3.384380449977095716e-03 1.817419489598134374e+00
3.411591403072192219e-03 1.984915015931097315e+00
3.439021136525843587e-03 2.170704015098189998e+00
3.466671409366673968e-03 2.377068242647028207e+00
3.494543994766171908e-03 2.606607419834454653e+00
3.522640680152404509e-03 2.862288007524147915e+00
3.550963267324645789e-03 3.147500127143520565e+00
3.579513572568911433e-03 3.466124098403668974e+00
3.608293426774451980e-03 3.822608347949066676e+00
3.637304675551154137e-03 4.222060786322710868e+00
3.666549179347899663e-03 4.670356165504574442e+00
3.696028813571875307e-03 5.174262431694261366e+00
3.725745468708829052e-03 5.741589697583235896e+00
3.755701050444322075e-03 6.381366199367855430e+00
3.785897479785924405e-03 7.104046506279781070e+00
3.816336693186414119e-03 7.921758351830574085e+00
3.847020642667945377e-03 8.848595802797522225e+00
3.877951295947249053e-03 9.900968132254501342e+00
3.909130636561803512e-03 1.109801578919179477e+01
3.940560663997044917e-03 1.246210735036199857e+01
3.972243393814589747e-03 1.401943441398619861e+01
4.004180857781478205e-03 1.580072519341518422e+01
4.036375104000487074e-03 1.784210227277975847e+01
