2.497382406435652939e-25 9.768325619515944397e-18
1.592405960127358361e-24 3.089015920155193588e-17
1.015365822756892167e-23 9.768326876420302874e-17
6.474277161963938908e-23 3.089016721595150065e-16
4.128193389070159467e-22 9.768331986641967382e-16
2.632259977636328568e-21 3.089019980025807047e-15
1.678407946733001633e-20 9.768352763373603653e-15
1.070203270037972128e-19 3.089033227893325649e-14
6.823937180644061677e-19 9.768437235752100315e-14
4.351147109064984495e-18 3.089087090016611440e-13
1.915297948882004416e-17 7.759322488683919743e-13
8.060281057525431301e-17 1.949163039787816667e-12
3.231548868885900942e-16 4.896382250613372468e-12
4.345363206717196250e-16 6.163781780305984805e-12
1.185699981296668146e-15 1.229732179640797847e-11
3.167099671296256822e-15 2.454290871984140256e-11
8.312293945536222779e-15 4.898397135859626299e-11
2.151611673377367987e-14 9.773430848120292535e-11
5.516190296262407946e-14 1.950308160666369755e-10
7.219962673568143336e-14 2.455395918119563429e-10
1.345996703506809824e-13 3.892770603306517574e-10
2.502777173064534741e-13 6.169465998965407740e-10
3.411676113431318569e-13 7.768626451909397954e-10
4.161104603351930561e-13 9.006720410829545173e-10
5.668224300832851639e-13 1.192414995932578561e-09
1.051017683769589897e-12 1.890432911212288601e-09
1.946696275912857264e-12 3.094630240399093478e-09
3.604197434436283020e-12 4.906521065391501087e-09
4.678350727597027810e-12 5.964785761620009416e-09
6.363945126095426008e-12 7.510858710852283575e-09
8.659328086403540721e-12 9.798092857573101657e-09
1.177437263656969924e-11 1.233578754396143564e-08
1.601314678573479096e-11 1.553407705195085344e-08
2.068158225216417963e-11 1.881943995759334440e-08
2.812629084553211013e-11 2.462793118627416045e-08
3.823985723652250255e-11 3.101071367919697201e-08
4.915490723856361436e-11 3.744047090307774978e-08
6.683712298751739095e-11 4.918310976261355027e-08
9.088989403667837668e-11 6.194746997419662658e-08
1.198094057756214983e-10 7.622496704508910767e-08
1.235276287134856064e-10 8.111821537560480725e-08
1.679810496150610554e-10 1.052041443179145334e-07
2.145827771029579730e-10 1.264403182978826954e-07
2.389577941400671919e-10 1.370814666799720085e-07
2.718434103460653354e-10 1.558050328926489486e-07
3.695913600236930604e-10 2.029070399259184632e-07
4.805596579248377059e-10 2.471473550088626382e-07
6.228436556804378813e-10 3.112918511513913844e-07
6.449051117784316288e-10 3.195404339442749206e-07
6.519284217721749412e-10 3.221516175955882510e-07
6.901021772675798839e-10 3.362246542759246589e-07
7.517420508597271333e-10 3.585491157042282318e-07
7.842145311837404764e-10 3.701260768930860222e-07
8.123077711587138292e-10 3.800461204279264704e-07
8.948523203792971162e-10 4.248355205313744057e-07
1.780367769825735293e-09 1.571243743291283042e-06
2.831798589477310162e-09 2.360915204371286954e-06
4.352717025416528164e-09 3.331634749736530039e-06
6.442936706730940560e-09 4.497300351158025239e-06
9.210451352971400048e-09 5.875749191388290656e-06
1.726412223638507203e-08 9.359364509061765243e-06
2.961440629244172500e-08 1.399035730184682620e-05
4.760234259406434222e-08 2.000744564924680080e-05
7.280858902572716169e-08 2.762541866450402925e-05
1.069774052811704485e-07 3.692082460755834189e-05
1.786399553702715184e-07 5.352425790188030335e-05
3.179080611873818725e-07 7.810458603098302793e-05
4.169532575344421554e-07 9.195064971249766836e-05
4.437988271458211392e-07 9.546604737380116803e-05
8.192319285407806845e-07 1.258634192745901824e-04
1.335013159006890308e-06 1.504110454146778849e-04
1.345746875557970020e-06 1.509148019731529648e-04
1.356566892884605031e-06 1.514195222102660454e-04
1.367473904858654903e-06 1.519252036163792842e-04
1.378468610930818344e-06 1.524318436809909462e-04
1.389551716175487627e-06 1.529394398930201970e-04
1.400723931335965326e-06 1.534479897410924920e-04
1.411985972870041889e-06 1.539574907138250735e-04
1.423338562995941244e-06 1.544679403001131192e-04
1.434782429738636775e-06 1.549793359894157004e-04
1.446318306976536390e-06 1.554916752720422821e-04
1.457946934488546632e-06 1.560049556394395493e-04
1.469669058001514152e-06 1.565191745844780424e-04
1.481485429238046224e-06 1.570343296017393355e-04
1.493396805964718139e-06 1.575504181878032686e-04
1.505403952040669820e-06 1.580674378415353155e-04
1.517507637466587191e-06 1.585853860643738971e-04
1.529708638434084626e-06 1.591042603606183188e-04
1.542007737375479354e-06 1.596240582377160295e-04
1.554405723013967577e-06 1.601447772065506671e-04
1.566903390414204614e-06 1.606664147817296975e-04
1.579501541033291419e-06 1.611889684818721888e-04
1.592200982772170632e-06 1.617124358298966942e-04
1.605002530027435561e-06 1.622368143533090262e-04
1.617907003743556538e-06 1.627621015844899768e-04
1.630915231465528044e-06 1.632882950609830107e-04
1.644028047391935745e-06 1.638153923257820125e-04
1.657246292428454453e-06 1.643433909276186271e-04
1.670570814241773218e-06 1.648722884212499532e-04
1.684002467313954714e-06 1.654020823677456397e-04
1.697542112997232566e-06 1.659327703347752536e-04
1.711190619569248261e-06 1.664643498968951599e-04
1.724948862288732990e-06 1.669968186358354828e-04
1.738817723451635851e-06 1.675301741407867688e-04
1.752798092447704386e-06 1.680644140086862430e-04
1.766890865817520813e-06 1.685995358445044725e-04
1.781096947309994812e-06 1.691355372615309177e-04
1.795417247940319847e-06 1.696724158816600807e-04
1.809852686048396206e-06 1.702101693356766505e-04
1.824404187357720330e-06 1.707487952635410001e-04
1.839072685034752718e-06 1.712882913146739528e-04
1.853859119748760170e-06 1.718286551482414389e-04
1.868764439732137661e-06 1.723698844334388284e-04
1.883789600841218953e-06 1.729119768497748284e-04
1.898935566617573620e-06 1.734549300873551656e-04
1.914203308349797036e-06 1.739987418471656438e-04
1.929593805135798858e-06 1.745434098413554188e-04
1.945108043945590180e-06 1.750889317935190809e-04
1.960747019684577233e-06 1.756353054389790354e-04
1.976511735257362016e-06 1.761825285250670156e-04
1.992403201632058359e-06 1.767305988114055686e-04
2.008422437905123400e-06 1.772795140701887285e-04
2.024570471366710412e-06 1.778292720864624722e-04
2.040848337566547215e-06 1.783798706584047145e-04
2.057257080380346522e-06 1.789313075976048969e-04
2.073797752076744414e-06 1.794835807293427361e-04
2.090471413384785146e-06 1.800366878928672432e-04
2.107279133561940013e-06 1.805906269416743877e-04
2.124221990462679748e-06 1.811453957437848437e-04
2.141301070607596645e-06 1.817009921820211653e-04
2.158517469253077257e-06 1.822574141542840690e-04
2.175872290461545140e-06 1.828146595738289594e-04
2.193366647172258410e-06 1.833727263695409640e-04
2.211001661272683281e-06 1.839316124862102936e-04
2.228778463670437655e-06 1.844913158848064910e-04
2.246698194365815776e-06 1.850518345427525177e-04
2.264762002524893527e-06 1.856131664541979726e-04
2.282971046553224955e-06 1.861753096302920670e-04
2.301326494170125365e-06 1.867382620994557593e-04
2.319829522483560046e-06 1.873020219076535105e-04
2.338481318065626342e-06 1.878665871186645242e-04
2.357283077028649395e-06 1.884319558143530385e-04
2.376236005101886485e-06 1.889981260949386986e-04
2.395341317708848012e-06 1.895650960792654664e-04
2.414600240045240618e-06 1.901328639050710171e-04
2.434014007157540080e-06 1.907014277292545107e-04
2.453583864022188470e-06 1.912707857281446063e-04
2.473311065625435478e-06 1.918409360977661488e-04
2.493196877043820097e-06 1.924118770541071810e-04
2.513242573525293505e-06 1.929836068333843561e-04
2.533449440571004337e-06 1.935561236923085131e-04
2.553818774017731927e-06 1.941294259083492762e-04
2.574351880120988714e-06 1.947035117799992209e-04
2.595050075638786715e-06 1.952783796270375519e-04
2.615914687916080782e-06 1.958540277907927507e-04
2.636947054969889483e-06 1.964304546344053056e-04
2.658148525575098273e-06 1.970076585430890039e-04
2.679520459350955527e-06 1.975856379243927396e-04
2.701064226848264002e-06 1.981643912084605325e-04
2.722781209637271086e-06 1.987439168482920619e-04
2.744672800396266754e-06 1.993242133200016279e-04
2.766740403000893451e-06 1.999052791230774661e-04
2.788985432614177225e-06 2.004871127806397873e-04
2.811409315777276717e-06 2.010697128396986277e-04
2.834013490500967801e-06 2.016530778714109681e-04
2.856799406357858371e-06 2.022372064713374995e-04
2.879768524575351898e-06 2.028220972596984678e-04
2.902922318129347061e-06 2.034077488816294103e-04
2.926262271838704369e-06 2.039941600074360241e-04
2.949789882460460710e-06 2.045813293328487101e-04
2.973506658785816820e-06 2.051692555792763301e-04
2.997414121736891736e-06 2.057579374940598832e-04
3.021513804464260337e-06 2.063473738507249895e-04
3.045807252445266763e-06 2.069375634492348344e-04
3.070296023583141246e-06 2.075285051162414321e-04
3.094981688306899174e-06 2.081201977053375135e-04
3.119865829672052465e-06 2.087126400973072474e-04
3.144950043462132816e-06 2.093058312003765831e-04
3.170235938291020059e-06 2.098997699504634299e-04
3.195725135706104000e-06 2.104944553114270779e-04
3.221419270292273379e-06 2.110898862753172393e-04
3.247319989776735357e-06 2.116860618626228725e-04
3.273428955134685834e-06 2.122829811225201665e-04
3.299747840695821728e-06 2.128806431331206064e-04
3.326278334251715953e-06 2.134790470017181984e-04
3.353022137164051713e-06 2.140781918650366139e-04
3.379980964473729663e-06 2.146780768894758723e-04
3.407156545010849206e-06 2.152787012713585637e-04
3.434550621505577061e-06 2.158800642371757998e-04
3.462164950699903943e-06 2.164821650438328673e-04
3.490001303460307143e-06 2.170850029788946368e-04
3.518061464891306309e-06 2.176885773608302403e-04
3.546347234449945450e-06 2.182928875392579925e-04
3.574860426061185935e-06 2.188979328951898783e-04
3.603602868234233756e-06 2.195037128412754440e-04
3.632576404179795573e-06 2.201102268220459597e-04
3.661782891928283434e-06 2.207174743141578229e-04
3.691224204448970282e-06 2.213254548266363410e-04
3.720902229770094575e-06 2.219341679011186742e-04
3.750818871099940253e-06 2.225436131120970759e-04
3.780976046948885717e-06 2.231537900671618359e-04
3.811375691252437483e-06 2.237646984072438428e-04
3.842019753495248934e-06 2.243763378068574187e-04
3.872910198836136450e-06 2.249887079743428551e-04
3.904049008234102248e-06 2.256018086521085965e-04
3.935438178575376612e-06 2.262156396168738578e-04
3.967079722801463020e-06 2.268302006799107807e-04
3.998975670038240363e-06 2.274454916872868074e-04
4.031128065726073983e-06 2.280615125201067013e-04
4.063538971750996513e-06 2.286782630947551916e-04
4.096210466576925483e-06 2.292957433631389133e-04
4.129144645378960896e-06 2.299139533129289153e-04
4.162343620177737360e-06 2.305328929678029536e-04
4.195809519974873126e-06 2.311525623876881888e-04
4.229544490889494010e-06 2.317729616690036149e-04
4.263550696295858459e-06 2.323940909449028651e-04
4.297830316962101552e-06 2.330159503855171285e-04
4.332385551190072512e-06 2.336385401981981461e-04
4.367218614956320799e-06 2.342618606277619396e-04
4.402331742054192666e-06 2.348859119567315917e-04
4.437727184237087297e-06 2.355106945055817063e-04
4.473407211362853907e-06 2.361362086329822185e-04
4.509374111539361969e-06 2.367624547360426112e-04
4.545630191271224269e-06 2.373894332505571345e-04
4.582177775607720195e-06 2.380171446512491305e-04
4.619019208291887934e-06 2.386455894520170934e-04
4.656156851910831320e-06 2.392747682061802952e-04
4.693593088047227766e-06 2.399046815067250348e-04
4.731330317432054236e-06 2.405353299865515930e-04
4.769370960098546492e-06 2.411667143187211588e-04
4.807717455537386547e-06 2.417988352167039763e-04
4.846372262853147948e-06 2.424316934346273835e-04
4.885337860921992143e-06 2.430652897675247717e-04
4.924616748550636231e-06 2.436996250515852233e-04
4.964211444636601433e-06 2.443347001644036371e-04
5.004124488329738888e-06 2.449705160252312335e-04
5.044358439195066654e-06 2.456070735952274142e-04
5.084915877376907751e-06 2.462443738777120024e-04
5.125799403764354662e-06 2.468824179184178885e-04
5.167011640158061129e-06 2.475212068057452757e-04
5.208555229438367184e-06 2.481607416710158174e-04
5.250432835734791287e-06 2.488010236887284879e-04
5.292647144596871790e-06 2.494420540768156722e-04
5.335200863166391605e-06 2.500838340969005003e-04
5.378096720350977607e-06 2.507263650545552133e-04
5.421337466999109499e-06 2.513696482995601790e-04
5.464925876076518656e-06 2.520136852261640461e-04
5.508864742844021851e-06 2.526584772733456337e-04
5.553156885036770362e-06 2.533040259250753860e-04
5.597805143044954288e-06 2.539503327105796472e-04
5.642812380095950211e-06 2.545973992046049895e-04
5.688181482437929983e-06 2.552452270276842224e-04
5.733915359524960298e-06 2.558938178464033233e-04
5.780016944203576941e-06 2.565431733736700482e-04
5.826489192900863377e-06 2.571932953689833566e-04
5.873335085814046368e-06 2.578441856387050034e-04
5.920557627101606935e-06 2.584958460363311322e-04
5.968159845075934612e-06 2.591482784627667946e-04
6.016144792397529234e-06 2.598014848666011217e-04
6.064515546270762109e-06 2.604554672443840655e-04
6.113275208641213517e-06 2.611102276409045519e-04
6.162426906394598397e-06 2.617657681494712347e-04
6.211973791557281921e-06 2.624220909121930865e-04
6.261919041498423052e-06 2.630791981202632978e-04
6.312265859133730021e-06 2.637370920142439339e-04
6.363017473130852259e-06 2.643957748843530318e-04
6.414177138116447768e-06 2.650552490707527267e-04
6.465748134884879331e-06 2.657155169638396016e-04
6.517733770608616653e-06 2.663765810045373673e-04
6.570137379050314773e-06 2.670384436845904650e-04
6.622962320776612804e-06 2.677011075468606490e-04
6.676211983373630976e-06 2.683645751856249262e-04
6.729889781664221028e-06 2.690288492468756085e-04
6.783999157926944562e-06 2.696939324286232393e-04
6.838543582116830996e-06 2.703598274812002238e-04
6.893526552087892282e-06 2.710265372075682010e-04
6.948951593817439243e-06 2.716940644636268239e-04
7.004822261632201261e-06 2.723624121585247631e-04
7.061142138436250983e-06 2.730315832549733124e-04
7.117914835940777252e-06 2.737015807695628131e-04
7.175143994895696951e-06 2.743724077730804334e-04
7.232833285323127777e-06 2.750440673908316892e-04
7.290986406752750743e-06 2.757165628029632103e-04
7.349607088459047167e-06 2.763898972447897907e-04
7.408699089700451651e-06 2.770640740071221965e-04
7.468266199960430357e-06 2.777390964365989323e-04
7.528312239190499001e-06 2.784149679360205546e-04
7.588841058055179695e-06 2.790916919646865336e-04
7.649856538178953405e-06 2.797692720387351503e-04
7.711362592395166511e-06 2.804477117314861049e-04
7.773363164996969401e-06 2.811270146737867019e-04
7.835862231990248976e-06 2.818071845543599881e-04
7.898863801348606747e-06 2.824882251201571719e-04
7.962371913270387594e-06 2.831701401767125915e-04
8.026390640437766811e-06 2.838529335885015014e-04
8.090924088277927641e-06 2.845366092793021962e-04
8.155976395226334356e-06 2.852211712325603563e-04
8.221551732992126316e-06 2.859066234917571349e-04
8.287654306825648247e-06 2.865929701607816357e-04
8.354288355788115031e-06 2.872802154043046369e-04
8.421458153023463549e-06 2.879683634481588757e-04
8.489168006032386471e-06 2.886574185797199281e-04
8.557422256948556474e-06 2.893473851482935406e-04
8.626225282817091719e-06 2.900382675655042075e-04
8.695581495875242232e-06 2.907300703056896586e-04
8.765495343835341267e-06 2.914227979062979481e-04
8.835971310170031789e-06 2.921164549682889341e-04
8.907013914399783337e-06 2.928110461565397167e-04
8.978627712382724680e-06 2.935065762002543577e-04
9.050817296606807497e-06 2.942030498933771786e-04
9.123587296484302799e-06 2.949004720950112622e-04
9.196942378648694441e-06 2.955988477298400995e-04
9.270887247253932478e-06 2.962981817885545479e-04
9.345426644276107339e-06 2.969984793282835311e-04
9.420565349817548200e-06 2.976997454730300505e-04
9.496308182413360828e-06 2.984019854141107208e-04
9.572659999340431971e-06 2.991052044106011065e-04
9.649625696928922341e-06 2.998094077897847979e-04
9.727210210876260026e-06 3.005146009476076380e-04
9.805418516563659770e-06 3.012207893491376407e-04
9.884255629375191809e-06 3.019279785290282709e-04
9.963726605019391811e-06 3.026361740919881202e-04
1.004383653985350848e-05 3.033453817132551918e-04
1.012459057121029733e-05 3.040556071390766594e-04
1.020599387772747415e-05 3.047668561871929639e-04
1.028805167967983665e-05 3.054791347473287400e-04
1.037076923931399490e-05 3.061924487816880254e-04
1.045415186118587161e-05 3.069068043254555419e-04
1.053820489250085198e-05 3.076222074873037767e-04
1.062293372345668121e-05 3.083386644499048882e-04
1.070834378758916748e-05 3.090561814704494430e-04
1.079444056212058860e-05 3.097747648811704645e-04
1.088122956831095999e-05 3.104944210898734997e-04
1.096871637181210798e-05 3.112151565804732994e-04
1.105690658302455530e-05 3.119369779135350513e-04
1.114580585745735930e-05 3.126598917268246674e-04
1.123541989609073353e-05 3.133839047358621607e-04
1.132575444574169664e-05 3.141090237344841291e-04
1.141681529943257742e-05 3.148352555954111185e-04
1.150860829676250313e-05 3.155626072708226293e-04
1.160113932428192699e-05 3.162910857929380321e-04
1.169441431587006774e-05 3.170206982746049643e-04
1.178843925311548834e-05 3.177514519098943941e-04
1.188322016569967313e-05 3.184833539747027324e-04
1.197876313178367294e-05 3.192164118273611547e-04
1.207507427839794359e-05 3.199506329092520777e-04
1.217215978183520648e-05 3.206860247454329017e-04
1.227002586804657206e-05 3.214225949452677745e-04
1.236867881304076003e-05 3.221603512030662411e-04
1.246812494328660933e-05 3.228993012987297533e-04
1.256837063611876632e-05 3.236394530984063110e-04
1.266942232014663226e-05 3.243808145551530723e-04
1.277128647566667356e-05 3.251233937096057944e-04
1.287396963507793886e-05 3.258671986906585194e-04
1.297747838330100998e-05 3.266122377161495495e-04
1.308181935820026990e-05 3.273585190935570169e-04
1.318699925100956729e-05 3.281060512207020969e-04
1.329302480676134542e-05 3.288548425864623592e-04
1.339990282471915246e-05 3.296049017714916237e-04
1.350764015881370077e-05 3.303562374489507126e-04
1.361624371808239402e-05 3.311088583852462804e-04
1.372572046711236947e-05 3.318627734407788589e-04
1.383607742648716722e-05 3.326179915707003893e-04
1.394732167323689946e-05 3.333745218256810240e-04
1.405946034129213981e-05 3.341323733526854701e-04
1.417250062194139059e-05 3.348915553957590896e-04
1.428644976429222787e-05 3.356520772968240294e-04
1.440131507573622264e-05 3.364139484964845665e-04
1.451710392241750247e-05 3.371771785348435667e-04
1.463382372970517565e-05 3.379417770523289173e-04
1.475148198266949251e-05 3.387077537905294473e-04
1.487008622656182843e-05 3.394751185930428277e-04
1.498964406729859552e-05 3.402438814063332294e-04
1.511016317194894890e-05 3.410140522806000404e-04
1.523165126922652323e-05 3.417856413706581295e-04
1.535411614998499440e-05 3.425586589368281388e-04
1.547756566771775615e-05 3.433331153458393532e-04
1.560200773906152518e-05 3.441090210717435744e-04
1.572745034430402051e-05 3.448863866968402163e-04
1.585390152789574082e-05 3.456652229126140315e-04
1.598136939896582778e-05 3.464455405206842763e-04
1.610986213184211049e-05 3.472273504337666144e-04
1.623938796657530697e-05 3.480106636766462972e-04
1.636995520946743049e-05 3.487954913871652214e-04
1.650157223360448853e-05 3.495818448172209668e-04
1.663424747939340009e-05 3.503697353337787367e-04
1.676798945510331746e-05 3.511591744198964168e-04
1.690280673741120353e-05 3.519501736757630239e-04
1.703870797195185436e-05 3.527427448197508700e-04
1.717570187387234998e-05 3.535368996894805741e-04
1.731379722839090300e-05 3.543326502429009275e-04
1.745300289136029142e-05 3.551300085593817697e-04
1.759332778983575013e-05 3.559289868408224765e-04
1.773478092264741613e-05 3.567295974127731337e-04
1.787737136097748323e-05 3.575318527255721903e-04
1.802110824894184260e-05 3.583357653554976102e-04
1.816600080417654471e-05 3.591413480059340701e-04
1.831205831842889616e-05 3.599486135085551192e-04
1.845929015815328639e-05 3.607575748245201385e-04
1.860770576511191021e-05 3.615682450456887014e-04
1.875731465698019646e-05 3.623806373958493544e-04
1.890812642795720028e-05 3.631947652319655277e-04
1.906015074938085738e-05 3.640106420454378719e-04
1.921339737034816455e-05 3.648282814633823702e-04
1.936787611834043236e-05 3.656476972499268265e-04
1.952359689985342679e-05 3.664689033075235096e-04
1.968056970103274563e-05 3.672919136782795235e-04
1.983880458831415841e-05 3.681167425453049039e-04
1.999831170906915393e-05 3.689434042340786592e-04
2.015910129225571571e-05 3.697719132138331880e-04
2.032118364907423377e-05 3.706022840989566403e-04
2.048456917362881377e-05 3.714345316504149576e-04
2.064926834359375978e-05 3.722686707771918012e-04
2.081529172088555265e-05 3.731047165377489728e-04
2.098264995234016463e-05 3.739426841415052121e-04
2.115135377039577134e-05 3.747825889503361360e-04
2.132141399378108799e-05 3.756244464800931522e-04
2.149284152820907245e-05 3.764682724021435134e-04
2.166564736707637115e-05 3.773140825449317862e-04
2.183984259216826735e-05 3.781618928955601832e-04
2.201543837436933159e-05 3.790117196013929120e-04
2.219244597437983204e-05 3.798635789716810684e-04
2.237087674343782667e-05 3.807174874792084557e-04
2.255074212404712368e-05 3.815734617619622859e-04
2.273205365071108989e-05 3.824315186248238843e-04
2.291482295067227989e-05 3.832916750412843315e-04
2.309906174465815030e-05 3.841539481551829813e-04
2.328478184763263211e-05 3.850183552824686388e-04
2.347199516955384229e-05 3.858849139129867591e-04
2.366071371613785344e-05 3.867536417122891435e-04
2.385094958962855519e-05 3.876245565234697106e-04
2.404271498957384477e-05 3.884976763690248789e-04
2.423602221360783817e-05 3.893730194527397531e-04
2.443088365823962727e-05 3.902506041615997896e-04
2.462731181964818633e-05 3.911304490677294039e-04
2.482531929448371260e-05 3.920125729303570333e-04
2.502491878067549590e-05 3.928969946978070325e-04
2.522612307824614761e-05 3.937837335095190549e-04
2.542894509013251454e-05 3.946728086980963814e-04
2.563339782301305735e-05 3.955642397913813001e-04
2.583949438814201870e-05 3.964580465145603558e-04
2.604724800219018144e-05 3.973542487922976266e-04
2.625667198809243685e-05 3.982528667508990075e-04
2.646777977590219352e-05 3.991539207205060404e-04
2.668058490365259649e-05 4.000574312373195575e-04
2.689510101822472238e-05 4.009634190458564486e-04
2.711134187622274067e-05 4.018719051012352135e-04
2.732932134485603409e-05 4.027829105714958295e-04
2.754905340282862391e-05 4.036964568399516564e-04
2.777055214123543244e-05 4.046125655075726219e-04
2.799383176446606377e-05 4.055312583954044019e-04
2.821890659111565220e-05 4.064525575470205056e-04
2.844579105490307306e-05 4.073764852310079185e-04
2.867449970559660401e-05 4.083030639434905820e-04
2.890504720994693187e-05 4.092323164106845875e-04
2.913744835262776234e-05 4.101642655914939186e-04
2.937171803718390063e-05 4.110989346801394791e-04
2.960787128698698579e-05 4.120363471088268263e-04
2.984592324619897378e-05 4.129765265504527737e-04
3.008588918074323366e-05 4.139194969213482594e-04
3.032778447928359902e-05 4.148652823840623611e-04
3.057162465421119194e-05 4.158139073501849613e-04
3.081742534263916147e-05 4.167653964832099094e-04
3.106520230740558426e-05 4.177197747014397612e-04
3.131497143808417472e-05 4.186770671809311229e-04
3.156674875200338084e-05 4.196372993584829292e-04
3.182055039527348963e-05 4.206004969346682516e-04
3.207639264382201980e-05 4.215666858769079577e-04
3.233429190443759164e-05 4.225358924225908826e-04
3.259426471582192161e-05 4.235081430822369339e-04
3.285632774965055155e-05 4.244834646427083909e-04
3.312049781164191263e-05 4.254618841704641365e-04
3.338679184263503594e-05 4.264434290148654450e-04
3.365522691967602463e-05 4.274281268115263282e-04
3.392582025711308460e-05 4.284160054857137569e-04
3.419858920770053369e-05 4.294070932557982425e-04
3.447355126371151834e-05 4.304014186367529369e-04
3.475072405805989861e-05 4.313990104437063458e-04
3.503012536543089481e-05 4.323998977955436154e-04
3.531177310342099737e-05 4.334041101185650093e-04
3.559568533368705174e-05 4.344116771501933382e-04
3.588188026310440312e-05 4.354226289427393396e-04
3.617037624493460256e-05 4.364369958672214850e-04
3.646119178000233551e-05 4.374548086172412977e-04
3.675434551788176260e-05 4.384760982129170550e-04
3.704985625809265217e-05 4.395008960048746825e-04
3.734774295130580297e-05 4.405292336782989839e-04
3.764802470055844842e-05 4.415611432570432007e-04
3.795072076247926269e-05 4.425966571078021605e-04
3.825585054852321279e-05 4.436358079443439729e-04
3.856343362621645986e-05 4.446786288318091071e-04
3.887348972041113342e-05 4.457251531910697527e-04
3.918603871455033104e-05 4.467754148031572673e-04
3.950110065194316718e-05 4.478294478137534299e-04
3.981869573705005427e-05 4.488872867377516796e-04
4.013884433677857494e-05 4.499489664638848152e-04
4.046156698178933584e-05 4.510145222594234404e-04
4.078688436781279213e-05 4.520839897749445550e-04
4.111481735697633132e-05 4.531574050491730065e-04
4.144538697914205668e-05 4.542348045138951476e-04
4.177861443325559584e-05 4.553162249989482812e-04
4.211452108870533786e-05 4.564017037372839923e-04
4.245312848669302748e-05 4.574912783701105736e-04
4.279445834161497763e-05 4.585849869521115615e-04
4.313853254245474751e-05 4.596828679567455870e-04
4.348537315418677101e-05 4.607849602816267839e-04
4.383500241919130832e-05 4.618913032539864565e-04
4.418744275868093752e-05 4.630019366362203462e-04
4.454271677413824731e-05 4.641169006315190018e-04
4.490084724876538820e-05 4.652362358895871628e-04
4.526185714894502814e-05 4.663599835124481439e-04
4.562576962571315316e-05 4.674881850603413531e-04
4.599260801624376695e-05 4.686208825577076837e-04
4.636239584534540163e-05 4.697581184992702624e-04
4.673515682696977828e-05 4.708999358562078420e-04
4.711091486573258343e-05 4.720463780824246886e-04
4.748969405844630058e-05 4.731974891209183177e-04
4.787151869566565903e-05 4.743533134102462722e-04
4.825641326324521231e-05 4.755138958910935690e-04
4.864440244390972370e-05 4.766792820129440111e-04
4.903551111883694554e-05 4.778495177408548797e-04
4.942976436925317860e-05 4.790246495623387991e-04
4.982718747804180118e-05 4.802047244943538043e-04
5.022780593136450374e-05 4.813897900904031313e-04
5.063164542029579141e-05 4.825798944477473836e-04
5.103873184247049023e-05 4.837750862147314080e-04
5.144909130374438567e-05 4.849754145982262585e-04
5.186275011986858998e-05 4.861809293711898258e-04
5.227973481817691989e-05 4.873916808803478132e-04
5.270007213928717922e-05 4.886077200539969568e-04
5.312378903881601435e-05 4.898290984099325489e-04
5.355091268910734258e-05 4.910558680635038978e-04
5.398147048097518675e-05 4.922880817357970723e-04
5.441549002545987949e-05 4.935257927619495942e-04
5.485299915559899907e-05 4.947690550996012519e-04
5.529402592821210165e-05 4.960179233374766451e-04
5.573859862569995483e-05 4.972724527041097594e-04
5.618674575785836722e-05 4.985326990767087289e-04
5.663849606370633625e-05 4.997987189901631705e-04
5.709387851332917152e-05 5.010705696461994043e-04
5.755292230973618040e-05 5.023483089226832331e-04
5.801565689073353915e-05 5.036319953830752701e-04
5.848211193081201089e-05 5.049216882860398971e-04
5.895231734304990338e-05 5.062174475952117576e-04
5.942630328103146989e-05 5.075193339891220616e-04
5.990410014078046856e-05 5.088274088712886048e-04
6.038573856270953083e-05 5.101417343804706944e-04
6.087124943358507458e-05 5.114623734010940786e-04
6.136066388850789754e-05 5.127893895738471798e-04
6.185401331291004055e-05 5.141228473064528596e-04
6.235132934456727005e-05 5.154628117846204874e-04
6.285264387562809470e-05 5.168093489831767934e-04
6.335798905465902468e-05 5.181625256773843974e-04
6.386739728870595174e-05 5.195224094544482292e-04
6.438090124537267317e-05 5.208890687252142873e-04
6.489853385491559752e-05 5.222625727360646376e-04
6.542032831235562132e-05 5.236429915810110382e-04
6.594631807960689234e-05 5.250303962139928277e-04
6.647653688762254049e-05 5.264248584613815708e-04
6.701101873855795936e-05 5.278264510346967987e-04
6.754979790795119098e-05 5.292352475435360953e-04
6.809290894692103730e-05 5.306513225087250603e-04
6.864038668438277643e-05 5.320747513756911599e-04
6.919226622928159197e-05 5.335056105280633083e-04
6.974858297284423057e-05 5.349439773015039019e-04
7.030937259084835903e-05 5.363899299977785114e-04
7.087467104591066457e-05 5.378435478990650732e-04
7.144451458979283087e-05 5.393049112825078944e-04
7.201893976572648767e-05 5.407741014350233005e-04
7.259798341075667308e-05 5.422512006683597461e-04
7.318168265810398490e-05 5.437362923344167239e-04
7.377007493954597644e-05 5.452294608408301711e-04
7.436319798781766146e-05 5.467307916668272998e-04
7.496108983903116882e-05 5.482403713793558390e-04
7.556378883511500764e-05 5.497582876494965789e-04
7.617133362627287517e-05 5.512846292691578071e-04
7.678376317346200745e-05 5.528194861680647571e-04
7.740111675089208913e-05 5.543629494310469948e-04
7.802343394854362472e-05 5.559151113156261294e-04
7.865075467470676064e-05 5.574760652699144734e-04
7.928311915854067992e-05 5.590459059508305064e-04
7.992056795265314959e-05 5.606247292426323357e-04
8.056314193570153525e-05 5.622126322757825968e-04
8.121088231501396822e-05 5.638097134461465300e-04
8.186383062923199350e-05 5.654160724345306047e-04
8.252202875097449514e-05 5.670318102265698226e-04
8.318551888952257383e-05 5.686570291329692307e-04
8.385434359352684044e-05 5.702918328101100505e-04
8.452854575373574294e-05 5.719363262810205333e-04
8.520816860574603833e-05 5.735906159567266118e-04
8.589325573277566670e-05 5.752548096579879850e-04
8.658385106845822821e-05 5.769290166374225646e-04
8.727999889966091935e-05 5.786133476020343530e-04
8.798174386932428883e-05 5.803079147361468130e-04
8.868913097932515474e-05 5.820128317247554982e-04
8.940220559336258812e-05 5.837282137773035229e-04
9.012101343986675958e-05 5.854541776518898443e-04
9.084560061493188242e-05 5.871908416799243458e-04
9.157601358527192386e-05 5.889383257912291772e-04
9.231229919120056190e-05 5.906967515396046751e-04
9.305450464963513000e-05 5.924662421288642020e-04
9.380267755712415681e-05 5.942469224393489603e-04
9.455686589290016779e-05 5.960389190549342762e-04
9.531711802195620372e-05 5.978423602905341824e-04
9.608348269814753339e-05 5.996573762201179610e-04
9.685600906731814028e-05 6.014840987052486217e-04
9.763474667045213241e-05 6.033226614241504705e-04
9.841974544685121358e-05 6.051731999013238751e-04
9.921105573733686098e-05 6.070358515377128651e-04
1.000087282874786727e-04 6.089107556414392278e-04
1.008128142508488037e-04 6.107980534591151344e-04
1.016233651923018403e-04 6.126978882077463310e-04
1.024404330912822669e-04 6.146104051072387962e-04
1.032640703451574531e-04 6.165357514135217688e-04
1.040943297725777718e-04 6.184740764522984185e-04
1.049312646168640403e-04 6.204255316534399919e-04
1.057749285494215101e-04 6.223902705860364423e-04
1.066253756731822764e-04 6.243684489941175300e-04
1.074826605260744138e-04 6.263602248330567539e-04
1.083468380845197204e-04 6.283657583066786043e-04
1.092179637669587306e-04 6.303852119050748840e-04
1.100960934374053122e-04 6.324187504431574196e-04
1.109812834090288027e-04 6.344665410999520425e-04
1.118735904477651753e-04 6.365287534586561722e-04
1.127730717759576809e-04 6.386055595474770261e-04
1.136797850760259244e-04 6.406971338812599958e-04
1.145937884941655683e-04 6.428036535039387397e-04
1.155151406440767557e-04 6.449252980318088361e-04
1.164439006107230521e-04 6.470622496976548114e-04
1.173801279541205293e-04 6.492146933957445307e-04
1.183238827131569349e-04 6.513828167277092721e-04
1.192752254094423989e-04 6.535668100493334477e-04
1.202342170511902817e-04 6.557668665182701242e-04
1.212009191371296525e-04 6.579831821427047870e-04
1.221753936604490752e-04 6.602159558309867544e-04
1.231577031127718759e-04 6.624653894422538299e-04
1.241479104881642356e-04 6.647316878380665631e-04
1.251460792871744525e-04 6.670150589350835619e-04
1.261522735209052602e-04 6.693157137587880468e-04
1.271665577151188063e-04 6.716338664983072812e-04
1.281889969143743208e-04 6.739697345623292144e-04
1.292196566861998272e-04 6.763235386361616565e-04
1.302586031252965439e-04 6.786955027399414666e-04
1.313059028577774905e-04 6.810858542880366892e-04
1.323616230454403560e-04 6.834948241496545396e-04
1.334258313900737872e-04 6.859226467106921020e-04
1.344985961377999709e-04 6.883695599368581464e-04
1.355799860834505546e-04 6.908358054380873145e-04
1.366700705749784286e-04 6.933216285342859225e-04
1.377689195179051770e-04 6.958272783224374617e-04
1.388766033798033591e-04 6.983530077450933850e-04
1.399931931948164131e-04 7.008990736602936297e-04
1.411187605682133082e-04 7.034657369129358523e-04
1.422533776809806823e-04 7.060532624076402107e-04
1.433971172944518437e-04 7.086619191831361507e-04
1.445500527549723640e-04 7.112919804882117435e-04
1.457122579986042956e-04 7.139437238592601619e-04
1.468838075558673067e-04 7.166174311994611334e-04
1.480647765565180343e-04 7.193133888596390038e-04
1.492552407343685763e-04 7.220318877208338395e-04
1.504552764321422272e-04 7.247732232786253601e-04
1.516649606063703306e-04 7.275376957292588147e-04
1.528843708323267823e-04 7.303256100576093401e-04
1.541135853090028370e-04 7.331372761270286021e-04
1.553526828641221943e-04 7.359730087711242440e-04
1.566017429591954680e-04 7.388331278875150772e-04
1.578608456946167761e-04 7.417179585336101510e-04
1.591300718147999050e-04 7.446278310244653720e-04
1.604095027133564319e-04 7.475630810327576776e-04
1.616992204383156434e-04 7.505240496909420340e-04
1.629993076973854365e-04 7.535110836956341934e-04
1.643098478632572387e-04 7.565245354142810085e-04
1.656309249789518565e-04 7.595647629941664446e-04
1.669626237632093157e-04 7.626321304738226765e-04
1.683050296159217980e-04 7.657270078968931096e-04
1.696582286236096213e-04 7.688497714285167121e-04
1.710223075649428914e-04 7.720008034742974114e-04
1.723973539163055737e-04 7.751804928019118959e-04
1.737834558574059406e-04 7.783892346654390894e-04
1.751807022769304157e-04 7.816274309324606302e-04
1.765891827782449855e-04 7.848954902140209324e-04
1.780089876851407942e-04 7.881938279975044025e-04
1.794402080476264116e-04 7.915228667825086311e-04
1.808829356477670216e-04 7.948830362197952014e-04
1.823372630055696876e-04 7.982747732533862018e-04
1.838032833849173543e-04 8.016985222658933952e-04
1.852810907995491711e-04 8.051547352271660237e-04
1.867707800190896317e-04 8.086438718463305388e-04
1.882724465751259887e-04 8.121663997273212464e-04
1.897861867673342933e-04 8.157227945279878429e-04
1.913120976696554179e-04 8.193135401228721082e-04
1.928502771365200570e-04 8.229391287697478650e-04
1.944008238091239269e-04 8.266000612800259014e-04
1.959638371217537324e-04 8.302968471931205683e-04
1.975394173081628998e-04 8.340300049548837616e-04
1.991276654080007598e-04 8.378000621002176362e-04
2.007286832732910350e-04 8.416075554399668826e-04
2.023425735749639681e-04 8.454530312522088534e-04
2.039694398094402485e-04 8.493370454780626438e-04
2.056093863052677929e-04 8.532601639221260893e-04
2.072625182298129260e-04 8.572229624576758805e-04
2.089289415960040913e-04 8.612260272367500569e-04
2.106087632691303405e-04 8.652699549052439605e-04
2.123020909736948194e-04 8.693553528231661234e-04
2.140090333003220034e-04 8.734828392901707516e-04
2.157296997127227203e-04 8.776530437765355051e-04
2.174642005547132483e-04 8.818666071597133782e-04
2.192126470572913885e-04 8.861241819666156733e-04
2.209751513457700273e-04 8.904264326217905395e-04
2.227518264469666165e-04 8.947740357016431209e-04
2.245427862964527455e-04 8.991676801948785902e-04
2.263481457458597391e-04 9.036080677693297250e-04
2.281680205702441044e-04 9.080959130453509533e-04
2.300025274755123901e-04 9.126319438759531019e-04
2.318517841059043510e-04 9.172169016338762790e-04
2.337159090515386693e-04 9.218515415057914946e-04
2.355950218560171148e-04 9.265366327938234650e-04
2.374892430240908576e-04 9.312729592246064532e-04
2.393986940293885526e-04 9.360613192660883607e-04
2.413234973222051934e-04 9.409025264522900443e-04
2.432637763373563444e-04 9.457974097162621767e-04
2.452196555020926807e-04 9.507468137314517218e-04
2.471912602440794996e-04 9.557515992617401836e-04
2.491787169994407413e-04 9.608126435203830475e-04
2.511821532208659215e-04 9.659308405381114874e-04
2.532016973857850154e-04 9.711071015406724880e-04
2.552374790046066052e-04 9.763423553360553366e-04
2.572896286290234655e-04 9.816375487117071953e-04
2.593582778603847178e-04 9.869936468420179108e-04
2.614435593581344473e-04 9.924116337063676636e-04
2.635456068483203046e-04 9.978925125180664046e-04
2.656645551321682439e-04 1.003437306164479438e-03
2.678005400947274092e-04 1.009047057658684363e-03
2.699536987135843545e-04 1.014722830602997426e-03
2.721241690676463290e-04 1.020465709664716445e-03
2.743120903459976361e-04 1.026276801064446124e-03
2.765176028568243523e-04 1.032157233077383258e-03
2.787408480364127715e-04 1.038108156547943054e-03
2.809819684582192442e-04 1.044130745418133570e-03
2.832411078420126035e-04 1.050226197270083756e-03
2.855184110630921068e-04 1.056395733883168982e-03
2.878140241615769336e-04 1.062640601806152550e-03
2.901280943517719037e-04 1.068962072944822615e-03
2.924607700316084386e-04 1.075361445165583154e-03
2.948122007921598450e-04 1.081840042915488799e-03
2.971825374272361246e-04 1.088399217859240941e-03
2.995719319430531057e-04 1.095040349533647284e-03
3.019805375679806680e-04 1.101764846020104535e-03
3.044085087623684327e-04 1.108574144635647183e-03
3.068560012284521723e-04 1.115469712643158036e-03
3.093231719203381200e-04 1.122453047981318390e-03
3.118101790540682688e-04 1.129525680014936001e-03
3.143171821177667691e-04 1.136689170306279251e-03
3.168443418818666659e-04 1.143945113408083216e-03
3.193918204094215829e-04 1.151295137678923480e-03
3.219597810664972582e-04 1.158740906121649835e-03
3.245483885326484611e-04 1.166284117245635146e-03
3.271578088114799341e-04 1.173926505953588103e-03
3.297882092412906564e-04 1.181669844453725471e-03
3.324397585058067950e-04 1.189515943198118497e-03
3.351126266449980847e-04 1.197466651848064787e-03
3.378069850659824627e-04 1.205523860267350422e-03
3.405230065540183607e-04 1.213689499544331465e-03
3.432608652835841129e-04 1.221965543043752964e-03
3.460207368295493578e-04 1.230354007489305092e-03
3.488027981784329063e-04 1.238856954077910627e-03
3.516072277397533623e-04 1.247476489626797190e-03
3.544342053574700579e-04 1.256214767754449714e-03
3.572839123215154947e-04 1.265073990096557497e-03
3.601565313794224911e-04 1.274056407558138470e-03
3.630522467480428893e-04 1.283164321603040689e-03
3.659712441253607515e-04 1.292400085582090866e-03
3.689137107024019957e-04 1.301766106101187289e-03
3.718798351752365672e-04 1.311264844430691523e-03
3.748698077570817135e-04 1.320898817957534641e-03
3.778838201904988247e-04 1.330670601681476720e-03
3.809220657596894787e-04 1.340582829757057002e-03
3.839847393028912332e-04 1.350638197082786648e-03
3.870720372248707790e-04 1.360839460939227731e-03
3.901841575095212847e-04 1.371189442677646364e-03
3.933212997325571036e-04 1.381691029461015654e-03
3.964836650743129424e-04 1.392347176059160682e-03
3.996714563326457048e-04 1.403160906699987961e-03
4.028848779359375993e-04 1.414135316978743992e-03
4.061241359562088051e-04 1.425273575827369415e-03
4.093894381223303733e-04 1.436578927546063381e-03
4.126809938333464152e-04 1.448054693899280751e-03
4.159990141719029219e-04 1.459704276278483200e-03
4.193437119177823480e-04 1.471531157933998876e-03
4.227153015615513318e-04 1.483538906278525490e-03
4.261139993183143417e-04 1.495731175264827968e-03
4.295400231415791585e-04 1.508111707840351350e-03
4.329935927372347351e-04 1.520684338481534045e-03
4.364749295776388857e-04 1.533452995810750084e-03
4.399842569158232859e-04 1.546421705298905947e-03
4.435217997998086819e-04 1.559594592056859786e-03
4.470877850870378441e-04 1.572975883718937765e-03
4.506824414589230120e-04 1.586569913421981629e-03
4.543059994355104340e-04 1.600381122883491256e-03
4.579586913902647643e-04 1.614414065582577777e-03
4.616407515649696876e-04 1.628673410047577243e-03
4.653524160847499736e-04 1.643163943254377602e-03
4.690939229732139326e-04 1.657890574139645953e-03
4.728655121677159462e-04 1.672858337233319552e-03
4.766674255347459581e-04 1.688072396414956079e-03
4.804999068854382818e-04 1.703538048798649467e-03
4.843632019912075845e-04 1.719260728751510542e-03
4.882575585995082537e-04 1.735246012050850302e-03
4.921832264497247355e-04 1.751499620185490531e-03
4.961404572891847664e-04 1.768027424806783206e-03
5.001295048893047166e-04 1.784835452335248492e-03
5.041506250618635722e-04 1.801929888728929716e-03
5.082040756754059932e-04 1.819317084419852168e-03
5.122901166717816002e-04 1.837003559425301469e-03
5.164090100828134990e-04 1.854996008640819212e-03
5.205610200471016795e-04 1.873301307322246386e-03
5.247464128269628070e-04 1.891926516764383826e-03
5.289654568255030458e-04 1.910878890184218625e-03
5.332184226038335631e-04 1.930165878817005241e-03
5.375055828984188480e-04 1.949795138233859949e-03
5.418272126385678200e-04 1.969774534889938856e-03
5.461835889640647996e-04 1.990112152912654805e-03
5.505749912429402319e-04 2.010816301139839099e-03
5.550017010893891880e-04 2.031895520418216475e-03
5.594640023818288604e-04 2.053358591172982882e-03
5.639621812811037270e-04 2.075214541259857385e-03
5.684965262488368655e-04 2.097472654111433819e-03
5.730673280659274180e-04 2.120142477190260603e-03
5.776748798511996278e-04 2.143233830761611877e-03
5.823194770801994350e-04 2.166756816999564506e-03
5.870014176041425365e-04 2.190721829440617826e-03
5.917210016690160760e-04 2.215139562799753933e-03
5.964785319348306055e-04 2.240021023164580523e-03
6.012743134950328337e-04 2.265377538583913421e-03
6.061086538960678855e-04 2.291220770067955645e-03
6.109818631571034336e-04 2.317562723018078141e-03
6.158942537899104964e-04 2.344415759104993141e-03
6.208461408189022051e-04 2.371792608615184029e-03
6.258378418013397539e-04 2.399706383286250976e-03
6.308696768476938256e-04 2.428170589652971743e-03
6.359419686421743934e-04 2.457199142926890564e-03
6.410550424634235862e-04 2.486806381433390341e-03
6.462092262053735709e-04 2.517007081631422900e-03
6.514048503982772546e-04 2.547816473742303689e-03
6.566422482299021611e-04 2.579250258015270553e-03
6.619217555668983205e-04 2.611324621659007195e-03
6.672437109763372466e-04 2.644056256469674154e-03
6.726084557474210253e-04 2.677462377187703191e-03
6.780163339133732240e-04 2.711560740617069854e-03
6.834676922734975266e-04 2.746369665542734012e-03
6.889628804154191658e-04 2.781908053483487207e-03
6.945022507375037298e-04 2.818195410319696958e-03
7.000861584714534536e-04 2.855251868837179342e-03
7.057149617050910775e-04 2.893098212230911861e-03
7.113890214053214056e-04 2.931755898614277038e-03
7.171087014412805402e-04 2.971247086582219470e-03
7.228743686076702975e-04 3.011594661879079139e-03
7.286863926482778061e-04 3.052822265224663153e-03
7.345451462796903684e-04 3.094954321355026378e-03
7.404510052151951809e-04 3.138016069337314085e-03
7.464043481888734495e-04 3.182033594221442795e-03
7.524055569798889041e-04 3.227033860094651561e-03
7.584550164369679992e-04 3.273044744608647437e-03
7.645531145030835113e-04 3.320095075052883517e-03
7.707002422403305816e-04 3.368214666051591935e-03
7.768967938550051799e-04 3.417434358966272082e-03
7.831431667228848804e-04 3.467786063090582283e-03
7.894397614147090217e-04 3.519302798728318922e-03
7.957869817218712633e-04 3.572018742251472680e-03
8.021852346823107665e-04 3.625969273239963361e-03
8.086349306066164221e-04 3.681191023810943125e-03
8.151364831043393525e-04 3.737721930251458602e-03
8.216903091105146658e-04 3.795601287074904656e-03
8.282968289124036272e-04 3.854869803628670037e-03
8.349564661764417211e-04 3.915569663387996266e-03
8.416696479754113593e-04 3.977744586077882477e-03
8.484368048158242746e-04 4.041439892775123763e-03
8.552583706655356079e-04 4.106702574149722826e-03
8.621347829815693064e-04 4.173581362015129671e-03
8.690664827381727221e-04 4.242126804366968575e-03
8.760539144550971583e-04 4.312391344100345927e-03
8.830975262261000266e-04 4.384429401607445667e-03
8.901977697476858541e-04 4.458297461469365279e-03
8.973551003480692264e-04 4.534054163468923329e-03
9.045699770163763637e-04 4.611760398165415907e-03
9.118428624320782825e-04 4.691479407286685416e-03
9.191742229946599880e-04 4.773276889210000679e-03
9.265645288535345877e-04 4.857221109819969199e-03
9.340142539381899667e-04 4.943383019049626438e-03
9.415238759885809260e-04 5.031836373430253334e-03
9.490938765857691696e-04 5.122657864995931731e-03
9.567247411828007321e-04 5.215927256910741355e-03
9.644169591358433971e-04 5.311727526210263325e-03
9.721710237355652437e-04 5.410145014073789761e-03
9.799874322387687377e-04 5.511269584070919297e-03
9.878666859002812380e-04 5.615194788854681665e-03
9.958092900050946519e-04 5.722018045804341813e-03
1.003815753900774623e-03 5.831840822154175930e-03
1.011886591030121147e-03 5.944768830179358865e-03
1.020022318964095140e-03 6.060912233048720843e-03
1.028223459435011070e-03 6.180385861994331861e-03
1.036490538369990019e-03 6.303309445491492649e-03
1.044824085924693979e-03 6.429807851190095895e-03
1.053224636517317977e-03 6.560011341387596284e-03
1.061692728862864959e-03 6.694055842888877589e-03
1.070228906007691504e-03 6.832083232155525786e-03
1.078833715364330235e-03 6.974241636709647627e-03
1.087507708746599964e-03 7.120685753824769829e-03
1.096251442404988204e-03 7.271577187607434350e-03
1.105065477062324884e-03 7.427084805652032530e-03
1.113950377949740351e-03 7.587385116533893088e-03
1.122906714842910030e-03 7.752662669495967787e-03
1.131935062098598328e-03 7.923110477781816416e-03
1.141035998691487894e-03 8.098930467171135822e-03
1.150210108251308993e-03 8.280333951387641375e-03
1.159457979100268765e-03 8.467542136170267547e-03
1.168780204290773873e-03 8.660786653929511414e-03
1.178177381643469301e-03 8.860310131053275584e-03
1.187650113785571407e-03 9.066366790078439486e-03
1.197199008189514741e-03 9.279223089110576195e-03
1.206824677211908734e-03 9.499158401052663903e-03
1.216527738132804027e-03 9.726465735396641263e-03
1.226308813195282768e-03 9.961452505541978919e-03
1.236168529645359200e-03 1.020444134483015561e-02
1.246107519772204431e-03 1.045577097473123808e-02
1.256126420948695376e-03 1.071579712888307001e-02
1.266225875672284196e-03 1.098489353697242737e-02
1.276406531606207083e-03 1.126345297276069510e-02
1.286669041621014194e-03 1.155188837089432541e-02
1.297014063836437634e-03 1.185063401751032183e-02
1.307442261663597713e-03 1.216014682004614225e-02
1.317954303847540531e-03 1.248090766209832003e-02
1.328550864510132275e-03 1.281342284964746142e-02
1.339232623193283749e-03 1.315822565548084751e-02
1.350000264902531189e-03 1.351587796920415349e-02
1.360854480150960107e-03 1.388697206084345097e-02
1.371795965003493869e-03 1.427213246670305628e-02
1.382825421121526175e-03 1.467201800686840710e-02
1.393943555807919139e-03 1.508732394453337657e-02
1.405151082052363051e-03 1.551878429819383148e-02
1.416448718577093934e-03 1.596717431868929782e-02
1.427837189882991869e-03 1.643331314410431329e-02
1.439317226296037318e-03 1.691806664666375970e-02
1.450889564014146496e-03 1.742235048698653754e-02
1.462554945154384903e-03 1.794713339240734326e-02
1.474314117800551872e-03 1.849344067754876350e-02
1.486167836051162806e-03 1.906235802694154768e-02
1.498116860067803292e-03 1.965503556125759721e-02
1.510161956123877436e-03 2.027269221066336363e-02
1.522303896653749971e-03 2.091662042093080792e-02
1.534543460302276304e-03 2.158819122028146631e-02
1.546881431974743253e-03 2.228885967751152025e-02
1.559318602887197923e-03 2.302017078477092832e-02
1.571855770617190326e-03 2.378376580148026595e-02
1.584493739154920833e-03 2.458138909929358934e-02
1.597233318954793769e-03 2.541489555178633175e-02
1.610075326987399488e-03 2.628625851670734342e-02
1.623020586791898466e-03 2.719757846321849137e-02
1.636069928528837347e-03 2.815109230161114834e-02
1.649224189033384781e-03 2.914918347857856779e-02
1.662484211868992499e-03 3.019439290730552977e-02
1.675850847381500034e-03 3.128943080847531449e-02
1.689324952753660332e-03 3.243718954585459585e-02
1.702907392060110537e-03 3.364075754850645583e-02
1.716599036322786001e-03 3.490343442096278948e-02
1.730400763566772087e-03 3.622874735299401461e-02
1.744313458876617417e-03 3.762046895205148345e-02
1.758338014453090115e-03 3.908263663415428163e-02
1.772475329670392900e-03 4.061957372311672532e-02
1.786726311133840029e-03 4.223591242371944887e-02
1.801091872737991791e-03 4.393661885190597999e-02
1.815572935725268643e-03 4.572702032457768434e-02
1.830170428745025264e-03 4.761283513326702854e-02
1.844885287913102748e-03 4.960020505021435488e-02
1.859718456871863263e-03 5.169573084243432592e-02
1.874670886850698069e-03 5.390651109959858356e-02
1.889743536727037316e-03 5.624018471540341568e-02
1.904937373087835142e-03 5.870497739995104297e-02
1.920253370291557854e-03 6.130975264310557782e-02
1.935692510530669531e-03 6.406406759636640302e-02
1.951255783894611162e-03 6.697823439417421865e-02
1.966944188433304534e-03 7.006338749555381107e-02
1.982758730221148569e-03 7.333155769439606009e-02
1.998700423421539106e-03 7.679575352253403819e-02
2.014770290351907810e-03 8.047005085520855805e-02
2.030969361549274117e-03 8.436969162477236939e-02
2.047298675836343399e-03 8.851119265714828266e-02
2.063759280388117751e-03 9.291246576820011427e-02
2.080352230799051901e-03 9.759295039583713860e-02
2.097078591150747760e-03 1.025737602005692278e-01
2.113939434080186735e-03 1.078778452448274638e-01
2.130935840848525390e-03 1.135301715628040942e-01
2.148068901410429745e-03 1.195579201610055403e-01
2.165339714483972920e-03 1.259907077492695149e-01
2.182749387621096566e-03 1.328608317970563779e-01
2.200299037278629147e-03 1.402035428456081811e-01
2.217989788889894887e-03 1.480573473891944880e-01
2.235822776936876102e-03 1.564643450749287346e-01
2.253799145022970969e-03 1.654706044688099009e-01
2.271920045946329830e-03 1.751265822049407062e-01
2.290186641773777829e-03 1.854875909862223615e-01
2.308600103915345574e-03 1.966143226509473596e-01
2.327161613199383965e-03 2.085734333751562419e-01
2.345872359948292241e-03 2.214381990627395103e-01
2.364733544054843217e-03 2.352892501039729467e-01
2.383746375059142553e-03 2.502153959818127493e-01
2.402912072226189109e-03 2.663145517013234542e-01
2.422231864624062835e-03 2.836947797430495743e-01
2.441706991202748436e-03 3.024754632334750171e-01
2.461338700873577472e-03 3.227886283291849234e-01
2.481128252589331375e-03 3.447804364777318220e-01
2.501076915424970282e-03 3.686128703085294056e-01
2.521185968659014984e-03 3.944656404934815952e-01
2.541456701855591537e-03 4.225383450842826183e-01
2.561890414947117726e-03 4.530529176819206305e-01
2.582488418317680813e-03 4.862564064427472577e-01
2.603252032887059305e-03 5.224241325153164972e-01
2.624182590195436003e-03 5.618632842005448769e-01
2.645281432488789768e-03 6.049170121331322036e-01
2.666549912804961654e-03 6.519691013314043992e-01
2.687989395060436625e-03 7.034493083382064027e-01
2.709601254137802666e-03 7.598394662135284916e-01
2.731386875973920280e-03 8.216804772439834093e-01
2.753347657648803209e-03 8.895803333868149698e-01
2.775485007475201292e-03 9.642233282463724686e-01
2.797800345088930548e-03 1.046380652484243612e+00
2.820295101539898024e-03 1.136922597827280335e+00
2.842970719383879942e-03 1.236832634270576659e+00
2.865828652775030162e-03 1.347223671891975227e+00
2.888870367559124176e-03 1.469356874375445710e+00
2.912097341367576343e-03 1.604663457667135251e+00
2.935511063712188760e-03 1.754769986326000231e+00
2.959113036080673800e-03 1.921527774715112713e+00
2.982904772032943415e-03 2.107047113415543294e+00
3.006887797298164310e-03 2.313737177046549576e+00
3.031063649872611527e-03 2.544352632824761429e+00
3.055433880118293543e-03 2.802048165547830649e+00
3.080000050862371878e-03 3.090442371429776180e+00
3.104763737497388647e-03 3.413692759175245506e+00
3.129726528082282973e-03 3.776583942736049693e+00
3.154890023444245715e-03 4.184631529763255031e+00
3.180255837281369125e-03 4.644204719445220064e+00
3.205825596266133077e-03 5.162671243764375362e+00
3.231600940149722666e-03 5.748569042728580492e+00
3.257583521867173700e-03 6.411809988588046849e+00
3.283775007643389022e-03 7.163922106009591673e+00
3.310177077099980131e-03 8.018338124086636043e+00
3.336791423362980933e-03 8.990739903831318713e+00
3.363619753171428854e-03 1.009947038908141970e+01
3.390663786986804640e-03 1.136602732726249521e+01
3.417925259103378986e-03 1.281565622228449186e+01
3.445405917759419151e-03 1.447806397057865091e+01
3.473107525249305438e-03 1.638827958986766831e+01
3.501031858036543661e-03 1.858769462872499645e+01
3.529180706867680959e-03 2.112532356144636481e+01
3.557555876887155341e-03 2.405933413297852042e+01
3.586159187753049440e-03 2.745890974146474406e+01
3.614992473753784498e-03 3.140652119646759388e+01
3.644057583925752828e-03 3.600070442386876124e+01
3.673356382171881832e-03 4.135946500523007074e+01
3.702890747381182898e-03 4.762446126296102022e+01
3.732662573549226648e-03 5.496615677627082874e+01
3.762673769899612611e-03 6.359018313098385988e+01
3.792926261006387793e-03 7.374521748761483764e+01
3.823421986917490030e-03 8.573276127062268870e+01
3.854162903279142842e-03 9.991931127394050804e+01
3.885150981461277242e-03 1.167515497552126646e+02
3.916388208683951877e-03 1.367753548917888224e+02
3.947876588144777141e-03 1.606596595053268857e+02
3.979618139147398335e-03 1.892264804147733344e+02
