2.497382406435652939e-25 9.768325619515944397e-18
1.592405960127358361e-24 3.089015920155193588e-17
1.015365822756892167e-23 9.768326876420302874e-17
6.474277161963938908e-23 3.089016721595150065e-16
4.128193389070159467e-22 9.768331986641967382e-16
2.632259977636328568e-21 3.089019980025807047e-15
1.678407946733001633e-20 9.768352763373603653e-15
1.070203270037972128e-19 3.089033227893325649e-14
6.823937180644061677e-19 9.768437235752100315e-14
4.351147109064984495e-18 3.089087090016611440e-13
1.915297948882004416e-17 7.759322488683919743e-13
8.060281057525431301e-17 1.949163039787816667e-12
3.231548868885900942e-16 4.896382250613372468e-12
4.345363206717196250e-16 6.163781780305984805e-12
1.185699981296668146e-15 1.229732179640797847e-11
3.167099671296256822e-15 2.454290871984140256e-11
8.312293945536222779e-15 4.898397135859626299e-11
2.151611673377367987e-14 9.773430848120292535e-11
5.516190296262407946e-14 1.950308160666369755e-10
7.219962673568143336e-14 2.455395918119563429e-10
1.345996703506809824e-13 3.892770603306517574e-10
2.502777173064534741e-13 6.169465998965407740e-10
3.411676113431318569e-13 7.768626451909397954e-10
4.161104603351930561e-13 9.006720410829545173e-10
5.668224300832851639e-13 1.192414995932578561e-09
1.051017683769589897e-12 1.890432911212288601e-09
1.946696275912857264e-12 3.094630240399093478e-09
3.604197434436283020e-12 4.906521065391501087e-09
4.678350727597027810e-12 5.964785761620009416e-09
6.363945126095426008e-12 7.510858710852283575e-09
8.659328086403540721e-12 9.798092857573101657e-09
1.177437263656969924e-11 1.233578754396143564e-08
1.601314678573479096e-11 1.553407705195085344e-08
2.068158225216417963e-11 1.881943995759334440e-08
2.812629084553211013e-11 2.462793118627416045e-08
3.823985723652250255e-11 3.101071367919697201e-08
4.915490723856361436e-11 3.744047090307774978e-08
6.683712298751739095e-11 4.918310976261355027e-08
9.088989403667837668e-11 6.194746997419662658e-08
1.198094057756214983e-10 7.622496704508910767e-08
1.235276287134856064e-10 8.111821537560480725e-08
1.679810496150610554e-10 1.052041443179145334e-07
2.145827771029579730e-10 1.264403182978826954e-07
2.389577941400671919e-10 1.370814666799720085e-07
2.718434103460653354e-10 1.558050328926489486e-07
3.695913600236930604e-10 2.029070399259184632e-07
4.805596579248377059e-10 2.471473550088626382e-07
6.228436556804378813e-10 3.112918511513913844e-07
6.449051117784316288e-10 3.195404339442749206e-07
6.519284217721749412e-10 3.221516175955882510e-07
6.901021772675798839e-10 3.362246542759246589e-07
7.517420508597271333e-10 3.585491157042282318e-07
7.842145311837404764e-10 3.701260768930860222e-07
8.123077711587138292e-10 3.800461204279264704e-07
8.948523203792971162e-10 4.248355205313744057e-07
1.780367769825735293e-09 1.571243743291283042e-06
2.831798589477310162e-09 2.360915204371286954e-06
4.352717025416528164e-09 3.331634749736530039e-06
6.442936706730940560e-09 4.497300351158025239e-06
9.210451352971400048e-09 5.875749191388290656e-06
1.726412223638507203e-08 9.359364509061765243e-06
2.961440629244172500e-08 1.399035730184682620e-05
4.760234259406434222e-08 2.000744564924680080e-05
7.280858902572716169e-08 2.762541866450402925e-05
1.069774052811704485e-07 3.692082460755834189e-05
1.786399553702715184e-07 5.352425790188030335e-05
3.179080611873818725e-07 7.810458603098302793e-05
4.169532575344421554e-07 9.195064971249766836e-05
4.437988271458211392e-07 9.546604737380116803e-05
8.192319285407806845e-07 1.258634192745901824e-04
1.341442270322806164e-06 1.508185978598518945e-04
1.352227677943801455e-06 1.512784518557563408e-04
1.363099801944714417e-06 1.517393487267285025e-04
1.374059339538929260e-06 1.522012912667040896e-04
1.385106993545535531e-06 1.526642822784193625e-04
1.396243472434399586e-06 1.531283245734190194e-04
1.407469490371596893e-06 1.535934209720641924e-04
1.418785767265211957e-06 1.540595743035404436e-04
1.430193028811502029e-06 1.545267874058656524e-04
1.441692006541439036e-06 1.549950631258979576e-04
1.453283437867617834e-06 1.554644043193436720e-04
1.464968066131546911e-06 1.559348138507652239e-04
1.476746640651319393e-06 1.564062945935890722e-04
1.488619916769662693e-06 1.568788494301135664e-04
1.500588655902379255e-06 1.573524812515167263e-04
1.512653625587175260e-06 1.578271929578644000e-04
1.524815599532880856e-06 1.583029874581177727e-04
1.537075357669067026e-06 1.587798676701413891e-04
1.549433686196062665e-06 1.592578365207110685e-04
1.561891377635370409e-06 1.597368969455214671e-04
1.574449230880490728e-06 1.602170518891940737e-04
1.587108051248155348e-06 1.606983043052849622e-04
1.599868650529968310e-06 1.611806571562924347e-04
1.612731847044466946e-06 1.616641134136649637e-04
1.625698465689598317e-06 1.621486760578087815e-04
1.638769337995619817e-06 1.626343480780957401e-04
1.651945302178422643e-06 1.631211324728706847e-04
1.665227203193287050e-06 1.636090322494596387e-04
1.678615892789066413e-06 1.640980504241770408e-04
1.692112229562809416e-06 1.645881900223336060e-04
1.705717079014820796e-06 1.650794540782438331e-04
1.719431313604163809e-06 1.655718456352337300e-04
1.733255812804611419e-06 1.660653677456482946e-04
1.747191463161043651e-06 1.665600234708591312e-04
1.761239158346301509e-06 1.670558158812719858e-04
1.775399799218496584e-06 1.675527480563342544e-04
1.789674293878782302e-06 1.680508230845424906e-04
1.804063557729588502e-06 1.685500440634498873e-04
1.818568513533325471e-06 1.690504140996737026e-04
1.833190091471557673e-06 1.695519363089027147e-04
1.847929229204657520e-06 1.700546138159045935e-04
1.862786871931934764e-06 1.705584497545333011e-04
1.877763972452249958e-06 1.710634472677365178e-04
1.892861491225117726e-06 1.715696095075628258e-04
1.908080396432298118e-06 1.720769396351691082e-04
1.923421664039886254e-06 1.725854408208277592e-04
1.938886277860897885e-06 1.730951162439340566e-04
1.954475229618360647e-06 1.736059690930132364e-04
1.970189519008913319e-06 1.741180025657277025e-04
1.986030153766911812e-06 1.746312198688843996e-04
2.001998149729055673e-06 1.751456242184416161e-04
2.018094530899532958e-06 1.756612188395163300e-04
2.034320329515685619e-06 1.761780069663912017e-04
2.050676586114207669e-06 1.766959918425216216e-04
2.067164349597872742e-06 1.772151767205427844e-04
2.083784677302796558e-06 1.777355648622765464e-04
2.100538635066246565e-06 1.782571595387384461e-04
2.117427297294988612e-06 1.787799640301447244e-04
2.134451747034188410e-06 1.793039816259189650e-04
2.151613076036866549e-06 1.798292156246992775e-04
2.168912384833909577e-06 1.803556693343447484e-04
2.186350782804647330e-06 1.808833460719425697e-04
2.203929388247992684e-06 1.814122491638144898e-04
2.221649328454159839e-06 1.819423819455237253e-04
2.239511739776953917e-06 1.824737477618817104e-04
2.257517767706643332e-06 1.830063499669544393e-04
2.275668566943419984e-06 1.835401919240692964e-04
2.293965301471447733e-06 1.840752770058216164e-04
2.312409144633505480e-06 1.846116085940811889e-04
2.331001279206235035e-06 1.851491900799987367e-04
2.349742897475987832e-06 1.856880248640123670e-04
2.368635201315286172e-06 1.862281163558540220e-04
2.387679402259897718e-06 1.867694679745558490e-04
2.406876721586528739e-06 1.873120831484565698e-04
2.426228390391141628e-06 1.878559653152077152e-04
2.445735649667906841e-06 1.884011179217798856e-04
2.465399750388782915e-06 1.889475444244691487e-04
2.485221953583739379e-06 1.894952482889028934e-04
2.505203530421628073e-06 1.900442329900463084e-04
2.525345762291696942e-06 1.905945020122081553e-04
2.545649940885767051e-06 1.911460588490472470e-04
2.566117368281064789e-06 1.916989070035778953e-04
2.586749357023723641e-06 1.922530499881764169e-04
2.607547230212954707e-06 1.928084913245867160e-04
2.628512321585896103e-06 1.933652345439262486e-04
2.649645975603142962e-06 1.939232831866919576e-04
2.670949547534966074e-06 1.944826408027659380e-04
2.692424403548221695e-06 1.950433109514212646e-04
2.714071920793965678e-06 1.956052972013276028e-04
2.735893487495763427e-06 1.961686031305569548e-04
2.757890503038718994e-06 1.967332323265891616e-04
2.780064378059211864e-06 1.972991883863176770e-04
2.802416534535362195e-06 1.978664749160548796e-04
2.824948405878216874e-06 1.984350955315374401e-04
2.847661437023675890e-06 1.990050538579321213e-04
2.870557084525150535e-06 1.995763535298408200e-04
2.893636816646973354e-06 2.001489981913059609e-04
2.916902113458550936e-06 2.007229914958158631e-04
2.940354466929283700e-06 2.012983371063099174e-04
2.963995381024241228e-06 2.018750386951836820e-04
2.987826371800609671e-06 2.024530999442940597e-04
3.011848967504914194e-06 2.030325245449644475e-04
3.036064708671023228e-06 2.036133161979896702e-04
3.060475148218939192e-06 2.041954786136410756e-04
3.085081851554390508e-06 2.047790155116711158e-04
3.109886396669210939e-06 2.053639306213187951e-04
3.134890374242538000e-06 2.059502276813137626e-04
3.160095387742824101e-06 2.065379104398819233e-04
3.185503053530656606e-06 2.071269826547492599e-04
3.211115000962419843e-06 2.077174480931472805e-04
3.236932872494780430e-06 2.083093105318171393e-04
3.262958323790014972e-06 2.089025737570142708e-04
3.289193023822187342e-06 2.094972415645130522e-04
3.315638654984175096e-06 2.100933177596111135e-04
3.342296913195560727e-06 2.106908061571338090e-04
3.369169508011387724e-06 2.112897105814385277e-04
3.396258162731792476e-06 2.118900348664187587e-04
3.423564614512516655e-06 2.124917828555089160e-04
3.451090614476308145e-06 2.130949584016877539e-04
3.478837927825215588e-06 2.136995653674830830e-04
3.506808333953796032e-06 2.143056076249755379e-04
3.535003626563214925e-06 2.149130890558026701e-04
3.563425613776280816e-06 2.155220135511628241e-04
3.592076118253393997e-06 2.161323850118191216e-04
3.620956977309432397e-06 2.167442073481033922e-04
3.650070043031575976e-06 2.173574844799196692e-04
3.679417182398076418e-06 2.179722203367480936e-04
3.709000277397988202e-06 2.185884188576487351e-04
3.738821225151853010e-06 2.192060839912648724e-04
3.768881938033361186e-06 2.198252196958267336e-04
3.799184343791988552e-06 2.204458299391549652e-04
3.829730385676622143e-06 2.210679186986642378e-04
3.860522022560179500e-06 2.216914899613661185e-04
3.891561229065220695e-06 2.223165477238730830e-04
3.922849995690585261e-06 2.229430959924013072e-04
3.954390328939038785e-06 2.235711387827738926e-04
3.986184251445941451e-06 2.242006801204242546e-04
4.018233802108968595e-06 2.248317240403989957e-04
4.050541036218847696e-06 2.254642745873610494e-04
4.083108025591171949e-06 2.260983358155926350e-04
4.115936858699256542e-06 2.267339117889980761e-04
4.149029640808074885e-06 2.273710065811068368e-04
4.182388494109258728e-06 2.280096242750760693e-04
4.216015557857200260e-06 2.286497689636935956e-04
4.249912988506233327e-06 2.292914447493804282e-04
4.284082959848921729e-06 2.299346557441934536e-04
4.318527663155469832e-06 2.305794060698279256e-04
4.353249307314234316e-06 2.312256998576200679e-04
4.388250118973390445e-06 2.318735412485493778e-04
4.423532342683711321e-06 2.325229343932411197e-04
4.459098241042512667e-06 2.331738834519686023e-04
4.494950094838749570e-06 2.338263925946554821e-04
4.531090203199283823e-06 2.344804660008778508e-04
4.567520883736316788e-06 2.351361078598664307e-04
4.604244472696018265e-06 2.357933223705087973e-04
4.641263325108348836e-06 2.364521137413511684e-04
4.678579814938078213e-06 2.371124861906005179e-04
4.716196335237028398e-06 2.377744439461264736e-04
4.754115298297535728e-06 2.384379912454630789e-04
4.792339135807151277e-06 2.391031323358107710e-04
4.830870299004573692e-06 2.397698714740377913e-04
4.869711258836848341e-06 2.404382129266822174e-04
4.908864506117826854e-06 2.411081609699532917e-04
4.948332551687893816e-06 2.417797198897329934e-04
4.988117926574991966e-06 2.424528939815778544e-04
5.028223182156925570e-06 2.431276875507200439e-04
5.068650890324978385e-06 2.438041049120688315e-04
5.109403643648847069e-06 2.444821503902119700e-04
5.150484055542896807e-06 2.451618283194169964e-04
5.191894760433760332e-06 2.458431430436321531e-04
5.233638413929271871e-06 2.465260989164881232e-04
5.275717692988774978e-06 2.472107003012983823e-04
5.318135296094786464e-06 2.478969515710608795e-04
5.360893943426052006e-06 2.485848571084585249e-04
5.403996377031979878e-06 2.492744213058604367e-04
5.447445361008491762e-06 2.499656485653227000e-04
5.491243681675274565e-06 2.506585432985892342e-04
5.535394147754467942e-06 2.513531099270922809e-04
5.579899590550778229e-06 2.520493528819534338e-04
5.624762864133048431e-06 2.527472766039842353e-04
5.669986845517288482e-06 2.534468855436865014e-04
5.715574434851170039e-06 2.541481841612531893e-04
5.761528555600007807e-06 2.548511769265686139e-04
5.807852154734241816e-06 2.555558683192090449e-04
5.854548202918417245e-06 2.562622628284431394e-04
5.901619694701693988e-06 2.569703649532318885e-04
5.949069648709877501e-06 2.576801792022293219e-04
5.996901107839003939e-06 2.583917100937826159e-04
6.045117139450470294e-06 2.591049621559321481e-04
6.093720835567746782e-06 2.598199399264114430e-04
6.142715313074656248e-06 2.605366479526476597e-04
6.192103713915265470e-06 2.612550907917614838e-04
6.241889205295362955e-06 2.619752730105667478e-04
6.292074979885573207e-06 2.626971991855709190e-04
6.342664256026098143e-06 2.634208739029742863e-04
6.393660277933096668e-06 2.641463017586703939e-04
6.445066315906747308e-06 2.648734873582456076e-04
6.496885666540952396e-06 2.656024353169785185e-04
6.549121652934749019e-06 2.663331502598402685e-04
6.601777624905416582e-06 2.670656368214936825e-04
6.654856959203296221e-06 2.677998996462926181e-04
6.708363059728331388e-06 2.685359433882823993e-04
6.762299357748362642e-06 2.692737727111985699e-04
6.816669312119160547e-06 2.700133922884664591e-04
6.871476409506245820e-06 2.707548068032010740e-04
6.926724164608478068e-06 2.714980209482055810e-04
6.982416120383452112e-06 2.722430394259715771e-04
7.038555848274703555e-06 2.729898669486778432e-04
7.095146948440732096e-06 2.737385082381895308e-04
7.152193049985884079e-06 2.744889680260579451e-04
7.209697811193077328e-06 2.752412510535189732e-04
7.267664919758397944e-06 2.759953620714925416e-04
7.326098093027597823e-06 2.767513058405820744e-04
7.385001078234471756e-06 2.775090871310730836e-04
7.444377652741164913e-06 2.782687107229323020e-04
7.504231624280409012e-06 2.790301814058065988e-04
7.564566831199713454e-06 2.797935039790224376e-04
7.625387142707502083e-06 2.805586832515839248e-04
7.686696459121248950e-06 2.813257240421725386e-04
7.748498712117596972e-06 2.820946311791457735e-04
7.810797864984482376e-06 2.828654095005355687e-04
7.873597912875314038e-06 2.836380638540474943e-04
7.936902883065153518e-06 2.844125990970596679e-04
8.000716835208999118e-06 2.851890200966211274e-04
8.065043861602107908e-06 2.859673317294507476e-04
8.129888087442445501e-06 2.867475388819361553e-04
8.195253671095209351e-06 2.875296464501316701e-04
8.261144804359518779e-06 2.883136593397580324e-04
8.327565712737219181e-06 2.890995824662002359e-04
8.394520655703851256e-06 2.898874207545065512e-04
8.462013926981820826e-06 2.906771791393867915e-04
8.530049854815730282e-06 2.914688625652112823e-04
8.598632802249956368e-06 2.922624759860089640e-04
8.667767167408442098e-06 2.930580243654666876e-04
8.737457383776741791e-06 2.938555126769266121e-04
8.807707920486331066e-06 2.946549459033860423e-04
8.878523282601210603e-06 2.954563290374947180e-04
8.949908011406801980e-06 2.962596670815543262e-04
9.021866684701183007e-06 2.970649650475164411e-04
9.094403917088652410e-06 2.978722279569807896e-04
9.167524360275649254e-06 2.986814608411947087e-04
9.241232703369076261e-06 2.994926687410502729e-04
9.315533673176984642e-06 3.003058567070839686e-04
9.390432034511715333e-06 3.011210297994742547e-04
9.465932590495454272e-06 3.019381930880407497e-04
9.542040182868244072e-06 3.027573516522422798e-04
9.618759692298482579e-06 3.035785105811754153e-04
9.696096038695910024e-06 3.044016749735729528e-04
9.774054181527125400e-06 3.052268499378023975e-04
9.852639120133608374e-06 3.060540405918646075e-04
9.931855894052353444e-06 3.068832520633918968e-04
1.001170958333900285e-05 3.077144894896470051e-04
1.009220530889366963e-05 3.085477580175213091e-04
1.017334823278930693e-05 3.093830628035335213e-04
1.025514355860273690e-05 3.102204090138279552e-04
1.033759653174838171e-05 3.110598018241733870e-04
1.042071243981459999e-05 3.119012464199617004e-04
1.050449661290281342e-05 3.127447479962057724e-04
1.058895442396930312e-05 3.135903117575390936e-04
1.067409128916974377e-05 3.144379429182139253e-04
1.075991266820658360e-05 3.152876467020997273e-04
1.084642406467912315e-05 3.161394283426822364e-04
1.093363102643647048e-05 3.169932930830620570e-04
1.102153914593333572e-05 3.178492461759533597e-04
1.111015406058861903e-05 3.187072928836827976e-04
1.119948145314698186e-05 3.195674384781880964e-04
1.128952705204323209e-05 3.204296882410171332e-04
1.138029663176971099e-05 3.212940474633269061e-04
1.147179601324659231e-05 3.221605214458821251e-04
1.156403106419514768e-05 3.230291154990543988e-04
1.165700769951407830e-05 3.238998349428214756e-04
1.175073188165878064e-05 3.247726851067655627e-04
1.184520962102374971e-05 3.256476713300735979e-04
1.194044697632800610e-05 3.265247989615353516e-04
1.203645005500360292e-05 3.274040733595431018e-04
1.213322501358734295e-05 3.282854998920910379e-04
1.223077805811552988e-05 3.291690839367743932e-04
1.232911544452199755e-05 3.300548308807886317e-04
1.242824347903926139e-05 3.309427461209295566e-04
1.252816851860294951e-05 3.318328350635920093e-04
1.262889697125946613e-05 3.327251031247702487e-04
1.273043529657689068e-05 3.336195557300568131e-04
1.283279000605928187e-05 3.345161983146430077e-04
1.293596766356419553e-05 3.354150363233179832e-04
1.303997488572365321e-05 3.363160752104692782e-04
1.314481834236843960e-05 3.372193204400821681e-04
1.325050475695582196e-05 3.381247774857400992e-04
1.335704090700074245e-05 3.390324518306246887e-04
1.346443362451041548e-05 3.399423489675157785e-04
1.357268979642247920e-05 3.408544743987918153e-04
1.368181636504664864e-05 3.417688336364307715e-04
1.379182032850988236e-05 3.426854322020092786e-04
1.390270874120520998e-05 3.436042756267046862e-04
1.401448871424406975e-05 3.445253694512943584e-04
1.412716741591237147e-05 3.454487192261577327e-04
1.424075207213018799e-05 3.463743305112765920e-04
1.435524996691509924e-05 3.473022088762352808e-04
1.447066844284936809e-05 3.482323599002233616e-04
1.458701490155074845e-05 3.491647891720353440e-04
1.470429680414719297e-05 3.500995022900731243e-04
1.482252167175529791e-05 3.510365048623465814e-04
1.494169708596260883e-05 3.519758025064753117e-04
1.506183068931384793e-05 3.529174008496909062e-04
1.518293018580099041e-05 3.538613055288376006e-04
1.530500334135734557e-05 3.548075221903755822e-04
1.542805798435551559e-05 3.557560564903815867e-04
1.555210200610948791e-05 3.567069140945524209e-04
1.567714336138065434e-05 3.576601006782064275e-04
1.580319006888792317e-05 3.586156219262861405e-04
1.593025021182199687e-05 3.595734835333611046e-04
1.605833193836368172e-05 3.605336912036302601e-04
1.618744346220646313e-05 3.614962506509254670e-04
1.631759306308321441e-05 3.624611675987139442e-04
1.644878908729715427e-05 3.634284477801015220e-04
1.658103994825712088e-05 3.643980969378367079e-04
1.671435412701706067e-05 3.653701208243134517e-04
1.684874017281995560e-05 3.663445252015748855e-04
1.698420670364604666e-05 3.673213158413180944e-04
1.712076240676547876e-05 3.683004985248969896e-04
1.725841603929544854e-05 3.692820790433272958e-04
1.739717642876172625e-05 3.702660631972905627e-04
1.753705247366480572e-05 3.712524567971392606e-04
1.767805314405053023e-05 3.722412656629007382e-04
1.782018748208530234e-05 3.732324956242829140e-04
1.796346460263600672e-05 3.742261525206793185e-04
1.810789369385446627e-05 3.752222422011737557e-04
1.825348401776670263e-05 3.762207705245471882e-04
1.840024491086690952e-05 3.772217433592819111e-04
1.854818578471612890e-05 3.782251665835689248e-04
1.869731612654588050e-05 3.792310460853130847e-04
1.884764549986648734e-05 3.802393877621399864e-04
1.899918354508043261e-05 3.812501975214027954e-04
1.915193998010054804e-05 3.822634812801882108e-04
1.930592460097320653e-05 3.832792449653243255e-04
1.946114728250656646e-05 3.842974945133878365e-04
1.961761797890376616e-05 3.853182358707112542e-04
1.977534672440134272e-05 3.863414749933903841e-04
1.993434363391267215e-05 3.873672178472935420e-04
2.009461890367661026e-05 3.883954704080682220e-04
2.025618281191140886e-05 3.894262386611504752e-04
2.041904571947379213e-05 3.904595286017738536e-04
2.058321807052343697e-05 3.914953462349778134e-04
2.074871039319268473e-05 3.925336975756170931e-04
2.091553330026173487e-05 3.935745886483713084e-04
2.108369748983922917e-05 3.946180254877553069e-04
2.125321374604826030e-05 3.956640141381281665e-04
2.142409293971800813e-05 3.967125606537043629e-04
2.159634602908080039e-05 3.977636710985638525e-04
2.176998406047490610e-05 3.988173515466635652e-04
2.194501816905290240e-05 3.998736080818480836e-04
2.212145957949572677e-05 4.009324467978611899e-04
2.229931960673254656e-05 4.019938737983578462e-04
2.247860965666632747e-05 4.030578951969162292e-04
2.265934122690530403e-05 4.041245171170499816e-04
2.284152590750031169e-05 4.051937456922213312e-04
2.302517538168799379e-05 4.062655870658534504e-04
2.321030142664008355e-05 4.073400473913442801e-04
2.339691591421861868e-05 4.084171328320797029e-04
2.358503081173729177e-05 4.094968495614485044e-04
2.377465818272889950e-05 4.105792037628556014e-04
2.396581018771890730e-05 4.116642016297370030e-04
2.415849908500537695e-05 4.127518493655753153e-04
2.435273723144496913e-05 4.138421531839142696e-04
2.454853708324545452e-05 4.149351193083753104e-04
2.474591119676448965e-05 4.160307539726729371e-04
2.494487222931479617e-05 4.171290634206309671e-04
2.514543293997592002e-05 4.182300539062003709e-04
2.534760619041238731e-05 4.193337316934747758e-04
2.555140494569857549e-05 4.204401030567101447e-04
2.575684227515006604e-05 4.215491742803397922e-04
2.596393135316184454e-05 4.226609516589955803e-04
2.617268546005308390e-05 4.237754414975246700e-04
2.638311798291881569e-05 4.248926501110090906e-04
2.659524241648845557e-05 4.260125838247853639e-04
2.680907236399113561e-05 4.271352489744638034e-04
2.702462153802813799e-05 4.282606519059498724e-04
2.724190376145220675e-05 4.293887989754631581e-04
2.746093296825397785e-05 4.305196965495601395e-04
2.768172320445563630e-05 4.316533510051546248e-04
2.790428862901152553e-05 4.327897687295395980e-04
2.812864351471626505e-05 4.339289561204103126e-04
2.835480224912000676e-05 4.350709195858866256e-04
2.858277933545103346e-05 4.362156655445360918e-04
2.881258939354590937e-05 4.373632004253977614e-04
2.904424716078696272e-05 4.385135306680063580e-04
2.927776749304742876e-05 4.396666627224166731e-04
2.951316536564410780e-05 4.408226030492288280e-04
2.975045587429768024e-05 4.419813581196134814e-04
2.998965423610085176e-05 4.431429344153377963e-04
3.023077579049410476e-05 4.443073384287920570e-04
3.047383600024947627e-05 4.454745766630168282e-04
3.071885045246214898e-05 4.466446556317296267e-04
3.096583485954994671e-05 4.478175818593532189e-04
3.121480506026108674e-05 4.489933618810438643e-04
3.146577702068976561e-05 4.501720022427206430e-04
3.171876683530013718e-05 4.513535095010940247e-04
3.197379072795837829e-05 4.525378902236966601e-04
3.223086505297307556e-05 4.537251509889127080e-04
3.249000629614410293e-05 4.549152983860100369e-04
3.275123107581969845e-05 4.561083390151705278e-04
3.301455614396229599e-05 4.573042794875226548e-04
3.327999838722275276e-05 4.585031264251741736e-04
3.354757482802320299e-05 4.597048864612441059e-04
3.381730262564881567e-05 4.609095662398979211e-04
3.408919907734807677e-05 4.621171724163803882e-04
3.436328161944211102e-05 4.633277116570507577e-04
3.463956782844276541e-05 4.645411906394184324e-04
3.491807542217988808e-05 4.657576160521777154e-04
3.519882226093743664e-05 4.669769945952455953e-04
3.548182634859884971e-05 4.681993329797975783e-04
3.576710583380169511e-05 4.694246379283059612e-04
3.605467901110136436e-05 4.706529161745776155e-04
3.634456432214444376e-05 4.718841744637926393e-04
3.663678035685124688e-05 4.731184195525442557e-04
3.693134585460793550e-05 4.743556582088783325e-04
3.722827970546837130e-05 4.755958972123340393e-04
3.752760095136534587e-05 4.768391433539851017e-04
3.782932878733186665e-05 4.780854034364812174e-04
3.813348256273202462e-05 4.793346842740907744e-04
3.844008178250180263e-05 4.805869926927444353e-04
3.874914610840001438e-05 4.818423355300778554e-04
3.906069536026906207e-05 4.831007196354761887e-04
3.937474951730604832e-05 4.843621518701200584e-04
3.969132871934397783e-05 4.856266391070297381e-04
4.001045326814324548e-05 4.868941882311122061e-04
4.033214362869366824e-05 4.881648061392086877e-04
4.065642043052674254e-05 4.894384997401407880e-04
4.098330446903870292e-05 4.907152759547598773e-04
4.131281670682407717e-05 4.919951417159958802e-04
4.164497827501986661e-05 4.932781039689067152e-04
4.197981047466086660e-05 4.945641696707284932e-04
4.231733477804544276e-05 4.958533457909271259e-04
4.265757283011273202e-05 4.971456393112499332e-04
4.300054644983050271e-05 4.984410572257767097e-04
4.334627763159455466e-05 4.997396065409755606e-04
4.369478854663906288e-05 5.010412942757539682e-04
4.404610154445840712e-05 5.023461274615153866e-04
4.440023915424048034e-05 5.036541131422133440e-04
4.475722408631132036e-05 5.049652583744077125e-04
4.511707923359165414e-05 5.062795702273227127e-04
4.547982767306489398e-05 5.075970557829025337e-04
4.584549266725699218e-05 5.089177221358706388e-04
4.621409766572833031e-05 5.102415763937884208e-04
4.658566630657741956e-05 5.115686256771161339e-04
4.696022241795682543e-05 5.128988771192712244e-04
4.733779001960128970e-05 5.142323378666917560e-04
4.771839332436788705e-05 5.155690150788968000e-04
4.810205673978900916e-05 5.169089159285514875e-04
4.848880486963734276e-05 5.182520476015278332e-04
4.887866251550388526e-05 5.195984172969710883e-04
4.927165467838834058e-05 5.209480322273651182e-04
4.966780656030230856e-05 5.223008996185968039e-04
5.006714356588564069e-05 5.236570267100243469e-04
5.046969130403541995e-05 5.250164207545441643e-04
5.087547558954836453e-05 5.263790890186599526e-04
5.128452244477624863e-05 5.277450387825515345e-04
5.169685810129456420e-05 5.291142773401443563e-04
5.211250900158493840e-05 5.304868119991814788e-04
5.253150180073060219e-05 5.318626500812949180e-04
5.295386336812593999e-05 5.332417989220779612e-04
5.337962078919954444e-05 5.346242658711591097e-04
5.380880136715099306e-05 5.360100582922759128e-04
5.424143262470205838e-05 5.373991835633495614e-04
5.467754230586140287e-05 5.387916490765627328e-04
5.511715837770399181e-05 5.401874622384345102e-04
5.556030903216447215e-05 5.415866304698993116e-04
5.600702268784504573e-05 5.429891612063840857e-04
5.645732799183802672e-05 5.443950618978898436e-04
5.691125382156282561e-05 5.458043400090701550e-04
5.736882928661790214e-05 5.472170030193131141e-04
5.783008373064742256e-05 5.486330584228238470e-04
5.829504673322315683e-05 5.500525137287062610e-04
5.876374811174129702e-05 5.514753764610489132e-04
5.923621792333452247e-05 5.529016541590076267e-04
5.971248646679971797e-05 5.543313543768928773e-04
6.019258428454077596e-05 5.557644846842551200e-04
6.067654216452739754e-05 5.572010526659743447e-04
6.116439114226943812e-05 5.586410659223456192e-04
6.165616250280708929e-05 5.600845320691712464e-04
6.215188778271726270e-05 5.615314587378492355e-04
6.265159877213587105e-05 5.629818535754655675e-04
6.315532751679657541e-05 5.644357242448859186e-04
6.366310632008582266e-05 5.658930784248487932e-04
6.417496774511430866e-05 5.673539238100600663e-04
6.469094461680535485e-05 5.688182681112873094e-04
6.521107002399977840e-05 5.702861190554557418e-04
6.573537732157794689e-05 5.717574843857460261e-04
6.626390013259877369e-05 5.732323718616919549e-04
6.679667235045576236e-05 5.747107892592778116e-04
6.733372814105073720e-05 5.761927443710401775e-04
6.787510194498473117e-05 5.776782450061672446e-04
6.842082847976664129e-05 5.791672989906019231e-04
6.897094274203967844e-05 5.806599141671433227e-04
6.952548000982548967e-05 5.821560983955512700e-04
7.008447584478669841e-05 5.836558595526500663e-04
7.064796609450717138e-05 5.851592055324356069e-04
7.121598689479116413e-05 5.866661442461801150e-04
7.178857467198035598e-05 5.881766836225424053e-04
7.236576614529007532e-05 5.896908316076739185e-04
7.294759832916390208e-05 5.912085961653298525e-04
7.353410853564737936e-05 5.927299852769794255e-04
7.412533437678073918e-05 5.942550069419177657e-04
7.472131376701103545e-05 5.957836691773783430e-04
7.532208492562342673e-05 5.973159800186464852e-04
7.592768637919217786e-05 5.988519475191743033e-04
7.653815696405132628e-05 6.003915797506967009e-04
7.715353582878499959e-05 6.019348848033476010e-04
7.777386243673826516e-05 6.034818707857775820e-04
7.839917656854772572e-05 6.050325458252732479e-04
7.902951832469252513e-05 6.065869180678762742e-04
7.966492812806608950e-05 6.081449956785054886e-04
8.030544672656804797e-05 6.097067868410764591e-04
8.095111519571783758e-05 6.112722997586271523e-04
8.160197494128843367e-05 6.128415426534390394e-04
8.225806770196177780e-05 6.144145237671644897e-04
8.291943555200549675e-05 6.159912513609513453e-04
8.358612090397072279e-05 6.175717337155695562e-04
8.425816651141245178e-05 6.191559791315408507e-04
8.493561547163089418e-05 6.207439959292659123e-04
8.561851122843537739e-05 6.223357924491563272e-04
8.630689757493040660e-05 6.239313770517644717e-04
8.700081865632372123e-05 6.255307581179152428e-04
8.770031897275770249e-05 6.271339440488413663e-04
8.840544338216284445e-05 6.287409432663158869e-04
8.911623710313452181e-05 6.303517642127879099e-04
8.983274571783274288e-05 6.319664153515201863e-04
9.055501517490514504e-05 6.335849051667231209e-04
9.128309179243391050e-05 6.352072421636979944e-04
9.201702226090587033e-05 6.368334348689729234e-04
9.275685364620671856e-05 6.384634918304447817e-04
9.350263339263939033e-05 6.400974216175205804e-04
9.425440932596630607e-05 6.417352328212602578e-04
9.501222965647670147e-05 6.433769340545199018e-04
9.577614298207817571e-05 6.450225339520973588e-04
9.654619829141313577e-05 6.466720411708777334e-04
9.732244496700047549e-05 6.483254643899785631e-04
9.810493278840209648e-05 6.499828123109011729e-04
9.889371193541572082e-05 6.516440936576759586e-04
9.968883299129243725e-05 6.533093171770147168e-04
1.004903469459806476e-04 6.549784916384612408e-04
1.012983051993961560e-04 6.566516258345425671e-04
1.021127595647178455e-04 6.583287285809221725e-04
1.029337622717110286e-04 6.600098087165555578e-04
1.037613659700765750e-04 6.616948751038436620e-04
1.045956237328271170e-04 6.633839366287899632e-04
1.054365890596908753e-04 6.650770022011573629e-04
1.062843158805420205e-04 6.667740807546264793e-04
1.071388585588597248e-04 6.684751812469558923e-04
1.080002718952140082e-04 6.701803126601409795e-04
1.088686111307802200e-04 6.718894840005756788e-04
1.097439319508811953e-04 6.736027042992159862e-04
1.106262904885588064e-04 6.753199826117416106e-04
1.115157433281734333e-04 6.770413280187219645e-04
1.124123475090325707e-04 6.787667496257808551e-04
1.133161605290488862e-04 6.804962565637621497e-04
1.142272403484270087e-04 6.822298579888989118e-04
1.151456453933811359e-04 6.839675630829808017e-04
1.160714345598812372e-04 6.857093810535235369e-04
1.170046672174302789e-04 6.874553211339391127e-04
1.179454032128714403e-04 6.892053925837091652e-04
1.188937028742257155e-04 6.909596046885535655e-04
1.198496270145611866e-04 6.927179667606076863e-04
1.208132369358924928e-04 6.944804881385950070e-04
1.217845944331121877e-04 6.962471781880028628e-04
1.227637617979535664e-04 6.980180463012585195e-04
1.237508018229850149e-04 6.997931018979064400e-04
1.247457778056373608e-04 7.015723544247866360e-04
1.257487535522627603e-04 7.033558133562148621e-04
1.267597933822263954e-04 7.051434881941616179e-04
1.277789621320314574e-04 7.069353884684328841e-04
1.288063251594765465e-04 7.087315237368537867e-04
1.298419483478475771e-04 7.105319035854509597e-04
1.308858981101423990e-04 7.123365376286350161e-04
1.319382413933298140e-04 7.141454355093891995e-04
1.329990456826430170e-04 7.159586068994499035e-04
1.340683790059066737e-04 7.177760614994982500e-04
1.351463099379003195e-04 7.195978090393439705e-04
1.362329076047554227e-04 7.214238592781170925e-04
1.373282416883884701e-04 7.232542220044548562e-04
1.384323824309696151e-04 7.250889070366926424e-04
1.395454006394268056e-04 7.269279242230563100e-04
1.406673676899873170e-04 7.287712834418525821e-04
1.417983555327543600e-04 7.306189946016624671e-04
1.429384366963213087e-04 7.324710676415363076e-04
1.440876842924230638e-04 7.343275125311864420e-04
1.452461720206240617e-04 7.361883392711822535e-04
1.464139741730451246e-04 7.380535578931493373e-04
1.475911656391274719e-04 7.399231784599641154e-04
1.487778219104351671e-04 7.417972110659521367e-04
1.499740190854965136e-04 7.436756658370871371e-04
1.511798338746836153e-04 7.455585529311900984e-04
1.523953436051324589e-04 7.474458825381295008e-04
1.536206262257012957e-04 7.493376648800242857e-04
1.548557603119694913e-04 7.512339102114411801e-04
1.561008250712766262e-04 7.531346288196025382e-04
1.573559003478013595e-04 7.550398310245850760e-04
1.586210666276825494e-04 7.569495271795269537e-04
1.598964050441802726e-04 7.588637276708314972e-04
1.611819973828786665e-04 7.607824429183715704e-04
1.624779260869311907e-04 7.627056833756981754e-04
1.637842742623466820e-04 7.646334595302443915e-04
1.651011256833200241e-04 7.665657819035352760e-04
1.664285647976034748e-04 7.685026610513945138e-04
1.677666767319227980e-04 7.704441075641543183e-04
1.691155472974360319e-04 7.723901320668645747e-04
1.704752629952361134e-04 7.743407452195017653e-04
1.718459110218988756e-04 7.762959577171813647e-04
1.732275792750741434e-04 7.782557802903683920e-04
1.746203563591230425e-04 7.802202237050900229e-04
1.760243315907991375e-04 7.821892987631460332e-04
1.774395950049772748e-04 7.841630163023247720e-04
1.788662373604268507e-04 7.861413871966142558e-04
1.803043501456319986e-04 7.881244223564184666e-04
1.817540255846588845e-04 7.901121327287700729e-04
1.832153566430693250e-04 7.921045292975457518e-04
1.846884370338832760e-04 7.941016230836838970e-04
1.861733612235880772e-04 7.961034251453987486e-04
1.876702244381966219e-04 7.981099465783978841e-04
1.891791226693539626e-04 8.001211985160988421e-04
1.907001526804928150e-04 8.021371921298461796e-04
1.922334120130395313e-04 8.041579386291313478e-04
1.937789989926688348e-04 8.061834492618089910e-04
1.953370127356093507e-04 8.082137353143149794e-04
1.969075531550001478e-04 8.102488081118896460e-04
1.984907209672969364e-04 8.122886790187919172e-04
2.000866176987323684e-04 8.143333594385223327e-04
2.016953456918257231e-04 8.163828608140428133e-04
2.033170081119463953e-04 8.184371946279957784e-04
2.049517089539297249e-04 8.204963724029255400e-04
2.065995530487454903e-04 8.225604057014993713e-04
2.082606460702214526e-04 8.246293061267292264e-04
2.099350945418195652e-04 8.267030853221907487e-04
2.116230058434671250e-04 8.287817549722485688e-04
2.133244882184432724e-04 8.308653268022746620e-04
2.150396507803196196e-04 8.329538125788721282e-04
2.167686035199585591e-04 8.350472241100969110e-04
2.185114573125664593e-04 8.371455732456806013e-04
2.202683239248035376e-04 8.392488718772524820e-04
2.220393160219520353e-04 8.413571319385605967e-04
2.238245471751401487e-04 8.434703654056968300e-04
2.256241318686265124e-04 8.455885842973173260e-04
2.274381855071410611e-04 8.477118006748670265e-04
2.292668244232859019e-04 8.498400266428001977e-04
2.311101658849959808e-04 8.519732743488059442e-04
2.329683281030581871e-04 8.541115559840275432e-04
2.348414302386935318e-04 8.562548837832864405e-04
2.367295924111978184e-04 8.584032700253061386e-04
2.386329357056448720e-04 8.605567270329329398e-04
2.405515821806519751e-04 8.627152671733580996e-04
2.424856548762061807e-04 8.648789028583416059e-04
2.444352778215562200e-04 8.670476465444311876e-04
2.464005760431652882e-04 8.692215107331876123e-04
2.483816755727290986e-04 8.714005079714042369e-04
2.503787034552582848e-04 8.735846508513293775e-04
2.523917877572248248e-04 8.757739520108846678e-04
2.544210575747759564e-04 8.779684241338905730e-04
2.564666430420121154e-04 8.801680799502829052e-04
2.585286753393324188e-04 8.823729322363342174e-04
2.606072867018474236e-04 8.845829938148757395e-04
2.627026104278580207e-04 8.867982775555118338e-04
2.648147808874053459e-04 8.890187963748447499e-04
2.669439335308864455e-04 8.912445632366894051e-04
2.690902048977411760e-04 8.934755911522938030e-04
2.712537326252080581e-04 8.957118931805539220e-04
2.734346554571501697e-04 8.979534824282341338e-04
2.756331132529537902e-04 9.002003720501816587e-04
2.778492469964965409e-04 9.024525752495428637e-04
2.800831988051887098e-04 9.047101052779809704e-04
2.823351119390871632e-04 9.069729754358873660e-04
2.846051308100814659e-04 9.092411990725975763e-04
2.868934009911565993e-04 9.115147895866064802e-04
2.892000692257266957e-04 9.137937604257770179e-04
2.915252834370462925e-04 9.160781250875572488e-04
2.938691927376965046e-04 9.183678971191877594e-04
2.962319474391463870e-04 9.206630901179143830e-04
2.986136990613936061e-04 9.229637177311971266e-04
3.010146003426804090e-04 9.252697936569184451e-04
3.034348052492887395e-04 9.275813316435943361e-04
3.058744689854130377e-04 9.298983454905770853e-04
3.083337480031147332e-04 9.322208490482653855e-04
3.108128000123544228e-04 9.345488562183063225e-04
3.133117839911053618e-04 9.368823809538021335e-04
3.158308601955494102e-04 9.392214372595131689e-04
3.183701901703524500e-04 9.415660391920580366e-04
3.209299367590257262e-04 9.439162008601167811e-04
3.235102641143679063e-04 9.462719364246305939e-04
3.261113377089919240e-04 9.486332600989997883e-04
3.287333243459371508e-04 9.510001861492821005e-04
3.313763921693646162e-04 9.533727288943884964e-04
3.340407106753419462e-04 9.557509027062794120e-04
3.367264507227115690e-04 9.581347220101577413e-04
3.394337845440480411e-04 9.605242012846618247e-04
3.421628857567033028e-04 9.629193550620570273e-04
3.449139293739391580e-04 9.653201979284242815e-04
3.476870918161528322e-04 9.677267445238513406e-04
3.504825509221888330e-04 9.701390095426159002e-04
3.533004859607442698e-04 9.725570077333744665e-04
3.561410776418649738e-04 9.749807538993461283e-04
3.590045081285333432e-04 9.774102628984926433e-04
3.618909610483517052e-04 9.798455496437005838e-04
3.648006215053170771e-04 9.822866291029621819e-04
3.677336760916917165e-04 9.847335162995521623e-04
3.706903128999696232e-04 9.871862263122017575e-04
3.736707215349370417e-04 9.896447742752754323e-04
3.766750931258335227e-04 9.921091753789419709e-04
3.797036203386078539e-04 9.945794448693459980e-04
3.827564973882731391e-04 9.970555980487773307e-04
3.858339200513624385e-04 9.995376502758351270e-04
3.889360856784817157e-04 1.002025616965597022e-03
3.920631932069683855e-04 1.004519513589779804e-03
3.952154431736467906e-04 1.007019355676899881e-03
3.983930377276891153e-04 1.009525158812436341e-03
4.015961806435793002e-04 1.012036938638982957e-03
4.048250773341788159e-04 1.014554710856407352e-03
4.080799348639026474e-04 1.017078491222001045e-03
4.113609619619954579e-04 1.019608295550633419e-03
4.146683690359182330e-04 1.022144139714895690e-03
4.180023681848416103e-04 1.024686039645254223e-03
4.213631732132457866e-04 1.027234011330184753e-03
4.247509996446337775e-04 1.029788070816323956e-03
4.281660647353514718e-04 1.032348234208603673e-03
4.316085874885198462e-04 1.034914517670387519e-03
4.350787886680799912e-04 1.037486937423608147e-03
4.385768908129488342e-04 1.040065509748897129e-03
4.421031182512925525e-04 1.042650250985715501e-03
4.456576971149104672e-04 1.045241177532481259e-03
4.492408553537377103e-04 1.047838305846692528e-03
4.528528227504629265e-04 1.050441652445050075e-03
4.564938309352628521e-04 1.053051233903575922e-03
4.601641134006585407e-04 1.055667066857731524e-03
4.638639055164873819e-04 1.058289168002529007e-03
4.675934445449974187e-04 1.060917554092644577e-03
4.713529696560630404e-04 1.063552241942524335e-03
4.751427219425209680e-04 1.066193248426489234e-03
4.789629444356334714e-04 1.068840590478841324e-03
4.828138821206724740e-04 1.071494285093957648e-03
4.866957819526301844e-04 1.074154349326390855e-03
4.906088928720548454e-04 1.076820800290958970e-03
4.945534658210173993e-04 1.079493655162839941e-03
4.985297537592019157e-04 1.082172931177653600e-03
5.025380116801285088e-04 1.084858645631549701e-03
5.065784966275059791e-04 1.087550815881287289e-03
5.106514677117135297e-04 1.090249459344310150e-03
5.147571861264201758e-04 1.092954593498824886e-03
5.188959151653327415e-04 1.095666235883867691e-03
5.230679202390811156e-04 1.098384404099375915e-03
5.272734688922391414e-04 1.101109115806248994e-03
5.315128308204795145e-04 1.103840388726409598e-03
5.357862778878723364e-04 1.106578240642861746e-03
5.400940841443173509e-04 1.109322689399741980e-03
5.444365258431186445e-04 1.112073752902374441e-03
5.488138814587009435e-04 1.114831449117311855e-03
5.532264317044660986e-04 1.117595796072378680e-03
5.576744595507969124e-04 1.120366811856714911e-03
5.621582502432029976e-04 1.123144514620804703e-03
5.666780913206123519e-04 1.125928922576511929e-03
5.712342726338120102e-04 1.128720053997107724e-03
5.758270863640336558e-04 1.131517927217291081e-03
5.804568270416935122e-04 1.134322560633211838e-03
5.851237915652787117e-04 1.137133972702483904e-03
5.898282792203866443e-04 1.139952181944198922e-03
5.945705916989190223e-04 1.142777206938931905e-03
5.993510331184263244e-04 1.145609066328745788e-03
6.041699100416136762e-04 1.148447778817192951e-03
6.090275314959985205e-04 1.151293363169303289e-03
6.139242089937278811e-04 1.154145838211585295e-03
6.188602565515565227e-04 1.157005222832004597e-03
6.238359907109817777e-04 1.159871535979967692e-03
6.288517305585459910e-04 1.162744796666304601e-03
6.339077977462974746e-04 1.165625023963235037e-03
6.390045165124176715e-04 1.168512237004343474e-03
6.441422137020145263e-04 1.171406454984540765e-03
6.493212187880809810e-04 1.174307697160023589e-03
6.545418638926261837e-04 1.177215982848232824e-03
6.598044838079722548e-04 1.180131331427800414e-03
6.651094160182243094e-04 1.183053762338498634e-03
6.704570007209138425e-04 1.185983295081178938e-03
6.758475808488120101e-04 1.188919949217709946e-03
6.812815020919257055e-04 1.191863744370908048e-03
6.867591129196634224e-04 1.194814700224465422e-03
6.922807646031823962e-04 1.197772836522871748e-03
6.978468112379163741e-04 1.200738173071330727e-03
7.034576097662804343e-04 1.203710729735670091e-03
7.091135200005646740e-04 1.206690526442252050e-03
7.148149046460061402e-04 1.209677583177875713e-03
7.205621293240495199e-04 1.212671919989667365e-03
7.263555625957942045e-04 1.215673556984979637e-03
7.321955759856269702e-04 1.218682514331271378e-03
7.380825440050512234e-04 1.221698812255995982e-03
7.440168441767014288e-04 1.224722471046469112e-03
7.499988570585534517e-04 1.227753511049744671e-03
7.560289662683306001e-04 1.230791952672478842e-03
7.621075585081003769e-04 1.233837816380785237e-03
7.682350235890786404e-04 1.236891122700097207e-03
7.744117544566238255e-04 1.239951892215009109e-03
7.806381472154375967e-04 1.243020145569122790e-03
7.869146011549662959e-04 1.246095903464883433e-03
7.932415187750041594e-04 1.249179186663412593e-03
7.996193058115099069e-04 1.252270015984332987e-03
8.060483712626222803e-04 1.255368412305590906e-03
8.125291274148899309e-04 1.258474396563267345e-03
8.190619898697110981e-04 1.261587989751388915e-03
8.256473775699825404e-04 1.264709212921730956e-03
8.322857128269706183e-04 1.267838087183612841e-03
8.389774213473895695e-04 1.270974633703691320e-03
8.457229322607041043e-04 1.274118873705742385e-03
8.525226781466449391e-04 1.277270828470442911e-03
8.593770950629549396e-04 1.280430519335138849e-03
8.662866225733488511e-04 1.283597967693621018e-03
8.732517037757027726e-04 1.286773194995874435e-03
8.802727853304714205e-04 1.289956222747843263e-03
8.873503174893270038e-04 1.293147072511167993e-03
8.944847541240385754e-04 1.296345765902937822e-03
9.016765527555752708e-04 1.299552324595419162e-03
9.089261745834475298e-04 1.302766770315787409e-03
9.162340845152823965e-04 1.305989124845847657e-03
9.236007511966360436e-04 1.309219410021753667e-03
9.310266470410511093e-04 1.312457647733715352e-03
9.385122482603490890e-04 1.315703859925704527e-03
9.460580348951688409e-04 1.318958068595145472e-03
9.536644908457538082e-04 1.322220295792614613e-03
9.613321039029784154e-04 1.325490563621515476e-03
9.690613657796354327e-04 1.328768894237758198e-03
9.768527721419654423e-04 1.332055309849431010e-03
9.847068226414435865e-04 1.335349832716460020e-03
9.926240209468229457e-04 1.338652485150269205e-03
1.000604874776430103e-03 1.341963289513427391e-03
1.008649895930729479e-03 1.345282268219292424e-03
1.016759600325141703e-03 1.348609443731644923e-03
1.024934508023128254e-03 1.351944838564318784e-03
1.033175143269544558e-03 1.355288475280823010e-03
1.041482034524253723e-03 1.358640376493955087e-03
1.049855714496023473e-03 1.362000564865408284e-03
1.058296720176682198e-03 1.365369063105375050e-03
1.066805592875557773e-03 1.368745893972137190e-03
1.075382878254191755e-03 1.372131080271654082e-03
1.084029126361327460e-03 1.375524644857139406e-03
1.092744891668189682e-03 1.378926610628637434e-03
1.101530733104038717e-03 1.382337000532580899e-03
1.110387214092014088e-03 1.385755837561353839e-03
1.119314902585267536e-03 1.389183144752839487e-03
1.128314371103380717e-03 1.392618945189960135e-03
1.137386196769086264e-03 1.396063262000215698e-03
1.146530961345273124e-03 1.399516118355210786e-03
1.155749251272296342e-03 1.402977537470173099e-03
1.165041657705585213e-03 1.406447542603465970e-03
1.174408776553547643e-03 1.409926157056094189e-03
1.183851208515793695e-03 1.413413404171200496e-03
1.193369559121651652e-03 1.416909307333558826e-03
1.202964438769000676e-03 1.420413889969050205e-03
1.212636462763417005e-03 1.423927175544142335e-03
1.222386251357627423e-03 1.427449187565353345e-03
1.232214429791291454e-03 1.430979949578713379e-03
1.242121628331093646e-03 1.434519485169212299e-03
1.252108482311161753e-03 1.438067817960247616e-03
1.262175632173811492e-03 1.441624971613056361e-03
1.272323723510612650e-03 1.445190969826143281e-03
1.282553407103796065e-03 1.448765836334702743e-03
1.292865338967983920e-03 1.452349594910028706e-03
1.303260180392259385e-03 1.455942269358919067e-03
1.313738597982575191e-03 1.459543883523072624e-03
1.324301263704497642e-03 1.463154461278477802e-03
1.334948854926306045e-03 1.466774026534788805e-03
1.345682054462426060e-03 1.470402603234700466e-03
1.356501550617221063e-03 1.474040215353315288e-03
1.367408037229125460e-03 1.477686886897493354e-03
1.378402213715148802e-03 1.481342641905200510e-03
1.389484785115722293e-03 1.485007504444854371e-03
1.400656462139913050e-03 1.488681498614650382e-03
1.411917961211003316e-03 1.492364648541884189e-03
1.423270004512427241e-03 1.496056978382269030e-03
1.434713320034091679e-03 1.499758512319243576e-03
1.446248641619056518e-03 1.503469274563268288e-03
1.457876709010594903e-03 1.507189289351117210e-03
1.469598267899634462e-03 1.510918580945159150e-03
1.481414069972571699e-03 1.514657173632628874e-03
1.493324872959483863e-03 1.518405091724898091e-03
1.505331440682717258e-03 1.522162359556729523e-03
1.517434543105869536e-03 1.525929001485525115e-03
1.529634956383168608e-03 1.529705041890563194e-03
1.541933462909241643e-03 1.533490505172241478e-03
1.554330851369295843e-03 1.537285415751285609e-03
1.566827916789689974e-03 1.541089798067975681e-03
1.579425460588920922e-03 1.544903676581348053e-03
1.592124290629017697e-03 1.548727075768393472e-03
1.604925221267344175e-03 1.552560020123248258e-03
1.617829073408829678e-03 1.556402534156374213e-03
1.630836674558606763e-03 1.560254642393733545e-03
1.643948858875081409e-03 1.564116369375947741e-03
1.657166467223424510e-03 1.567987739657461001e-03
1.670490347229492941e-03 1.571868777805679809e-03
1.683921353334192315e-03 1.575759508400117938e-03
1.697460346848267583e-03 1.579659956031521061e-03
1.711108196007537271e-03 1.583570145300991798e-03
1.724865776028575073e-03 1.587490100819103711e-03
1.738733969164829455e-03 1.591419847204994260e-03
1.752713664763209901e-03 1.595359409085482473e-03
1.766805759321114430e-03 1.599308811094135455e-03
1.781011156543921801e-03 1.603268077870353319e-03
1.795330767402945589e-03 1.607237234058446745e-03
1.809765510193848612e-03 1.611216304306687221e-03
1.824316310595539611e-03 1.615205313266364871e-03
1.838984101729531371e-03 1.619204285590835441e-03
1.853769824219780220e-03 1.623213245934547770e-03
1.868674426253009091e-03 1.627232218952079932e-03
1.883698863639507838e-03 1.631261229297150013e-03
1.898844099874435988e-03 1.635300301621627969e-03
1.914111106199604907e-03 1.639349460574541194e-03
1.929500861665763272e-03 1.643408730801058839e-03
1.945014353195384516e-03 1.647478136941481121e-03
1.960652575645948671e-03 1.651557703630212150e-03
1.976416531873753310e-03 1.655647455494727548e-03
1.992307232798215619e-03 1.659747417154531449e-03
2.008325697466705959e-03 1.663857613220107428e-03
2.024472953119897493e-03 1.667978068291855543e-03
2.040750035257634949e-03 1.672108806959028086e-03
2.057157987705351531e-03 1.676249853798651018e-03
2.073697862680999333e-03 1.680401233374437817e-03
2.090370720862528339e-03 1.684562970235700284e-03
2.107177631455909705e-03 1.688735088916241793e-03
2.124119672263693331e-03 1.692917613933244032e-03
2.141197929754137027e-03 1.697110569786156997e-03
2.158413499130873436e-03 1.701313980955563611e-03
2.175767484403144658e-03 1.705527871902039801e-03
2.193260998456604983e-03 1.709752267065023021e-03
2.210895163124677008e-03 1.713987190861640877e-03
2.228671109260508404e-03 1.718232667685565349e-03
2.246589976809482917e-03 1.722488721905831438e-03
2.264652914882323790e-03 1.726755377865664496e-03
2.282861081828789149e-03 1.731032659881286519e-03
2.301215645311945057e-03 1.735320592240727211e-03
2.319717782383060468e-03 1.739619199202613580e-03
2.338368679557078101e-03 1.743928504994962572e-03
2.357169532888712428e-03 1.748248533813957437e-03
2.376121548049139626e-03 1.752579309822711526e-03
2.395225940403327217e-03 1.756920857150047911e-03
2.414483935087969550e-03 1.761273199889233469e-03
2.433896767090051264e-03 1.765636362096737692e-03
2.453465681326050425e-03 1.770010367790965464e-03
2.473191932721763558e-03 1.774395240950985735e-03
2.493076786292794649e-03 1.778791005515251069e-03
2.513121517225671685e-03 1.783197685380314389e-03
2.533327410959622383e-03 1.787615304399532267e-03
2.553695763269012153e-03 1.792043886381758031e-03
2.574227880346429114e-03 1.796483455090031392e-03
2.594925078886463864e-03 1.800934034240262880e-03
2.615788686170136736e-03 1.805395647499896585e-03
2.636820040150015913e-03 1.809868318486584611e-03
2.658020489536022917e-03 1.814352070766836380e-03
2.679391393881913348e-03 1.818846927854665327e-03
2.700934123672475793e-03 1.823352913210239939e-03
2.722650060411409886e-03 1.827870050238496191e-03
2.744540596709925135e-03 1.832398362287785114e-03
2.766607136376045360e-03 1.836937872648472438e-03
2.788851094504626524e-03 1.841488604551551247e-03
2.811273897568117471e-03 1.846050581167245092e-03
2.833876983508027986e-03 1.850623825603602002e-03
2.856661801827145835e-03 1.855208360905077642e-03
2.879629813682491046e-03 1.859804210051111979e-03
2.902782491979009633e-03 1.864411395954701164e-03
2.926121321464043596e-03 1.869029941460964659e-03
2.949647798822536016e-03 1.873659869345687626e-03
2.973363432773012439e-03 1.878301202313885018e-03
2.997269744164336377e-03 1.882953962998327926e-03
3.021368266073228524e-03 1.887618173958085978e-03
3.045660543902595219e-03 1.892293857677044590e-03
3.070148135480625824e-03 1.896981036562431742e-03
3.094832611160691985e-03 1.901679732943320923e-03
3.119715553922058730e-03 1.906389969069140992e-03
3.144798559471384449e-03 1.911111767108169580e-03
3.170083236345071307e-03 1.915845149146019975e-03
3.195571206012403232e-03 1.920590137184131256e-03
3.221264102979534347e-03 1.925346753138237194e-03
3.247163574894309200e-03 1.930115018836835129e-03
3.273271282651911765e-03 1.934894956019649233e-03
3.299588900501393939e-03 1.939686586336086815e-03
3.326118116153033676e-03 1.944489931343678160e-03
3.352860630886562218e-03 1.949305012506531969e-03
3.379818159660275597e-03 1.954131851193755681e-03
3.406992431220992688e-03 1.958970468677890316e-03
3.434385188214941331e-03 1.963820886133327975e-03
3.461998187299495343e-03 1.968683124634734542e-03
3.489833199255832231e-03 1.973557205155448101e-03
3.517892009102491658e-03 1.978443148565886892e-03
3.546176416209837270e-03 1.983340975631942525e-03
3.574688234415460478e-03 1.988250707013369291e-03
3.603429292140492360e-03 1.993172363262170430e-03
3.632401432506857965e-03 1.998105964820971400e-03
3.661606513455476896e-03 2.003051532021388800e-03
3.691046407865397182e-03 2.008009085082405800e-03
3.720723003673920542e-03 2.012978644108717220e-03
3.750638203997658324e-03 2.017960229089095416e-03
3.780793927254583620e-03 2.022953859894725814e-03
3.811192107287042236e-03 2.027959556277558056e-03
3.841834693485789761e-03 2.032977337868641099e-03
3.872723650914984897e-03 2.038007224176443134e-03
3.903860960438215386e-03 2.043049234585190589e-03
3.935248618845526604e-03 2.048103388353180246e-03
3.966888638981460637e-03 2.053169704611091349e-03
3.998783049874158300e-03 2.058248202360303362e-03
